1 0.98046875 0.41640625 0.02578125 0.121875
0 0.509375 0.35 0.03359375 0.08125
0 0.54375 0.3921875 0.03359375 0.0734375
0 0.46640625 0.51015625 0.0390625 0.11328125
0 0.534375 0.4421875 0.02734375 0.08203125
0 0.50078125 0.50546875 0.03828125 0.11171875
0 0.59765625 0.33203125 0.025 0.08984375
1 0.815625 0.2546875 0.02109375 0.1015625
0 0.33125 0.33828125 0.03828125 0.10859375
0 0.58359375 0.42265625 0.04453125 0.10625
0 0.440625 0.34375 0.040625 0.10859375
0 0.5578125 0.51640625 0.04296875 0.10390625
0 0.6234375 0.353125 0.02890625 0.10703125
0 0.4671875 0.37109375 0.05390625 0.10078125
0 0.646875 0.7453125 0.04140625 0.09296875
0 0.41640625 0.3125 0.04921875 0.09375
0 0.3171875 0.55390625 0.03046875 0.115625
0 0.328125 0.77421875 0.03515625 0.128125
0 0.37578125 0.2078125 0.05078125 0.08046875
0 0.51171875 0.29296875 0.02890625 0.05390625
0 0.50859375 0.33359375 0.028125 0.084375