0 0.4125 0.29140625 0.05 0.13359375
0 0.29296875 0.25546875 0.0484375 0.15546875
0 0.41484375 0.19609375 0.03125 0.096875
0 0.678125 0.434375 0.078125 0.153125
0 0.34375 0.27109375 0.046875 0.146875
0 0.65625 0.475 0.04375 0.178125
0 0.71328125 0.3375 0.0609375 0.1859375
0 0.490625 0.2734375 0.0671875 0.15546875
0 0.33046875 0.40390625 0.0421875 0.14140625
0 0.41015625 0.415625 0.0515625 0.153125
0 0.153125 0.65 0.05625 0.178125
0 0.47734375 0.43046875 0.0484375 0.178125
0 0.1421875 0.115625 0.05625 0.146875
0 0.7578125 0.496875 0.0625 0.16640625
0 0.4515625 0.303125 0.0265625 0.13359375
0 0.4078125 0.1640625 0.0265625 0.1
0 0.47734375 0.19140625 0.0359375 0.05
0 0.49921875 0.25 0.04375 0.13359375