0 0.46953125 0.1765625 0.0359375 0.0859375
0 0.45546875 0.2609375 0.0515625 0.1
0 0.32109375 0.25859375 0.0328125 0.128125
0 0.52734375 0.2859375 0.0484375 0.1390625
0 0.2984375 0.2609375 0.034375 0.128125
0 0.6578125 0.20703125 0.03125 0.096875
0 0.5625 0.3640625 0.075 0.05546875
0 0.68671875 0.271875 0.0421875 0.11640625
0 0.55390625 0.27890625 0.0421875 0.13046875
0 0.47890625 0.37109375 0.0578125 0.1359375
0 0.35 0.196875 0.040625 0.121875
0 0.59375 0.16640625 0.046875 0.11640625
1 0.8515625 0.28203125 0.03125 0.153125
0 0.6859375 0.35703125 0.040625 0.13046875
0 0.6921875 0.75 0.040625 0.14453125
0 0.77734375 0.22109375 0.0390625 0.13046875
0 0.8546875 0.4390625 0.0375 0.14453125
0 0.44765625 0.15 0.0265625 0.078125
0 0.60703125 0.759375 0.07265625 0.17109375