0 0.54921875 0.409375 0.0515625 0.13046875
0 0.48515625 0.30859375 0.0390625 0.11640625
0 0.50234375 0.3359375 0.0359375 0.1109375
0 0.66015625 0.61640625 0.0484375 0.10546875
1 0.10078125 0.25390625 0.0265625 0.11953125
0 0.9109375 0.1734375 0.025 0.0859375
0 0.72578125 0.26640625 0.0328125 0.1
0 0.51953125 0.453125 0.0328125 0.14453125
0 0.48046875 0.45 0.0390625 0.121875
0 0.57578125 0.84453125 0.0421875 0.11640625
0 0.74921875 0.153125 0.0421875 0.08359375
0 0.56640625 0.284375 0.0421875 0.096875
0 0.81796875 0.65859375 0.0421875 0.128125
0 0.834375 0.475 0.046875 0.1109375
0 0.39609375 0.365625 0.0296875 0.125
0 0.50859375 0.85859375 0.0515625 0.0890625
0 0.70234375 0.52578125 0.025 0.153125