0 0.5203125 0.271875 0.065625 0.20546875
0 0.51796875 0.153125 0.0703125 0.121875
0 0.5890625 0.5015625 0.08125 0.20859375
0 0.67109375 0.19453125 0.0640625 0.23359375
0 0.49921875 0.39453125 0.0859375 0.25
0 0.62265625 0.209375 0.0578125 0.24140625
0 0.6375 0.41953125 0.08125 0.23359375
0 0.4421875 0.5765625 0.109375 0.153125
0 0.5359375 0.515625 0.0875 0.25859375
0 0.75234375 0.453125 0.0953125 0.23359375
0 0.4125 0.1625 0.053125 0.246875
0 0.4109375 0.7015625 0.0625 0.303125
0 0.16484375 0.4125 0.0671875 0.29140625
0 0.725 0.3015625 0.04375 0.096875
0 0.6921875 0.33203125 0.0375 0.15
0 0.6703125 0.04609375 0.0515625 0.09140625