0 0.66953125 0.34609375 0.0390625 0.05859375
0 0.67265625 0.396875 0.0421875 0.06640625
0 0.57890625 0.4640625 0.0359375 0.128125
0 0.80546875 0.3484375 0.0328125 0.1359375
0 0.67421875 0.4515625 0.0484375 0.09140625
0 0.66875 0.309375 0.034375 0.0640625
0 0.6359375 0.36953125 0.034375 0.1
0 0.58515625 0.29296875 0.0515625 0.09140625
0 0.7875 0.35859375 0.05 0.14453125
0 0.2953125 0.2 0.028125 0.10546875
0 0.69609375 0.5109375 0.0515625 0.13359375
0 0.45703125 0.3859375 0.0328125 0.14453125
0 0.63984375 0.20703125 0.0484375 0.096875
0 0.56796875 0.371875 0.0640625 0.10546875
0 0.52421875 0.328125 0.0359375 0.121875
0 0.5546875 0.25703125 0.021875 0.1140625
0 0.5578125 0.525 0.046875 0.1390625
0 0.71171875 0.68203125 0.0671875 0.1640625
0 0.503125 0.69140625 0.046875 0.15546875