0 0.4765625 0.290625 0.034375 0.0859375
0 0.640625 0.4890625 0.046875 0.1109375
0 0.640625 0.325 0.0515625 0.071875
0 0.26875 0.4734375 0.028125 0.146875
0 0.709375 0.31953125 0.028125 0.1109375
0 0.5359375 0.44453125 0.046875 0.0890625
0 0.53515625 0.38046875 0.0453125 0.06640625
0 0.5421875 0.3125 0.05 0.096875
0 0.63671875 0.24609375 0.0421875 0.1140625
0 0.3859375 0.22890625 0.028125 0.125
0 0.50625 0.490625 0.059375 0.125
0 0.2625 0.628125 0.040625 0.171875
0 0.5859375 0.615625 0.0625 0.153125
0 0.85625 0.40859375 0.040625 0.128125
0 0.44921875 0.415625 0.0421875 0.13359375
0 0.46640625 0.34453125 0.0421875 0.05859375
0 0.58828125 0.4015625 0.04375 0.08046875
0 0.60390625 0.35546875 0.0328125 0.05
0 0.62890625 0.3875 0.0421875 0.078125