0 0.9421875 0.521875 0.08203125 0.31796875
0 0.971875 0.5875 0.05234375 0.296875
0 0.878125 0.38984375 0.06640625 0.2625
0 0.321875 0.459375 0.1375 0.1359375
0 0.575 0.36015625 0.05859375 0.22109375
0 0.48125 0.35 0.06484375 0.271875
0 0.6015625 0.27421875 0.06328125 0.1875
0 0.4765625 0.53359375 0.065625 0.31953125
1 0.0859375 0.125 0.06015625 0.2109375
0 0.7421875 0.6265625 0.10546875 0.3359375
0 0.6265625 0.47734375 0.06796875 0.2984375
1 0.9390625 0.51484375 0.07734375 0.2984375
0 0.5296875 0.53984375 0.08046875 0.32109375
0 0.3796875 0.3234375 0.0609375 0.28046875
0 0.784375 0.58359375 0.06953125 0.296875
0 0.3328125 0.2765625 0.05390625 0.23359375
0 0.58359375 0.609375 0.0875 0.3390625
0 0.4328125 0.83359375 0.0796875 0.29453125