0 0.40546875 0.39140625 0.03125 0.05546875
0 0.6421875 0.44296875 0.040625 0.1140625
0 0.63359375 0.375 0.0421875 0.0890625
0 0.515625 0.48359375 0.05625 0.078125
0 0.4140625 0.48359375 0.04375 0.078125
0 0.52265625 0.54609375 0.0640625 0.10859375
0 0.43984375 0.5375 0.0453125 0.153125
0 0.478125 0.35703125 0.05625 0.08046875
0 0.371875 0.50703125 0.05625 0.14140625
0 0.48515625 0.434375 0.0515625 0.09140625
0 0.72734375 0.4984375 0.0359375 0.153125
0 0.3640625 0.221875 0.04375 0.121875
0 0.13515625 0.459375 0.0453125 0.11953125
0 0.80859375 0.5859375 0.0421875 0.15
0 0.396875 0.59140625 0.0625 0.15
0 0.5796875 0.5625 0.0375 0.15859375
0 0.434375 0.21640625 0.028125 0.13359375
0 0.4296875 0.42109375 0.04375 0.053125
0 0.3796875 0.39453125 0.0390625 0.06953125
0 0.3875 0.35390625 0.0390625 0.05859375