0 0.5296875 0.375 0.0375 0.06640625
0 0.54765625 0.44453125 0.0390625 0.071875
1 0.875 0.190625 0.028125 0.1140625
0 0.4390625 0.375 0.053125 0.078125
0 0.43203125 0.33359375 0.0546875 0.071875
0 0.45 0.4234375 0.053125 0.08046875
0 0.53203125 0.275 0.0265625 0.1
0 0.56484375 0.475 0.0484375 0.0890625
0 0.45546875 0.465625 0.0515625 0.096875
0 0.51015625 0.4234375 0.0453125 0.0859375
0 0.3734375 0.125 0.025 0.0890625
0 0.4296875 0.25703125 0.028125 0.09140625
0 0.14140625 0.25 0.0296875 0.1109375
0 0.5078125 0.2484375 0.03125 0.10859375
0 0.67578125 0.44296875 0.0328125 0.103125
0 0.3765625 0.4109375 0.040625 0.128125
0 0.434375 0.1125 0.034375 0.096875
0 0.48359375 0.54140625 0.0578125 0.08359375
0 0.5375 0.728125 0.0375 0.121875
0 0.62734375 0.7140625 0.0578125 0.128125
0 0.646875 0.38359375 0.028125 0.121875