0 0.4296875 0.428125 0.046875 0.06640625
0 0.41484375 0.48359375 0.0484375 0.08359375
0 0.521875 0.478125 0.059375 0.071875
0 0.52734375 0.5390625 0.0734375 0.1109375
0 0.48671875 0.43046875 0.0515625 0.09453125
0 0.43828125 0.5390625 0.0484375 0.1609375
0 0.64140625 0.365625 0.0453125 0.09140625
0 0.4796875 0.3515625 0.0625 0.0859375
0 0.653125 0.44453125 0.046875 0.121875
1 0.38125 0.06796875 0.034375 0.1359375
0 0.38046875 0.37109375 0.0578125 0.1140625
0 0.1140625 0.45546875 0.046875 0.128125
0 0.75546875 0.5109375 0.0390625 0.15
0 0.36875 0.50390625 0.0625 0.146875
0 0.43359375 0.2 0.0296875 0.1390625
0 0.83828125 0.5984375 0.0515625 0.15859375
0 0.39453125 0.5984375 0.0671875 0.15859375
0 0.35859375 0.20546875 0.0484375 0.13359375
0 0.584375 0.571875 0.040625 0.15546875