0 0.01640625 0.58359375 0.0328125 0.2
0 0.73125 0.371875 0.059375 0.18359375
0 0.33671875 0.54609375 0.0578125 0.20859375
0 0.4109375 0.39453125 0.05 0.18359375
0 0.57578125 0.60703125 0.0984375 0.13046875
0 0.70078125 0.35859375 0.0453125 0.21640625
0 0.4859375 0.44296875 0.05625 0.21953125
0 0.78984375 0.4734375 0.0703125 0.175
0 0.63359375 0.52890625 0.0828125 0.14140625
0 0.3828125 0.5375 0.059375 0.20859375
0 0.2953125 0.621875 0.1 0.18359375
0 0.42734375 0.46796875 0.0640625 0.1859375
0 0.4765625 0.5609375 0.075 0.221875