1 0.5640625 0.04609375 0.028125 0.09140625
0 0.43671875 0.3484375 0.0328125 0.096875
0 0.70859375 0.34453125 0.0421875 0.1
0 0.68671875 0.3125 0.0328125 0.1640625
0 0.48203125 0.390625 0.0453125 0.11953125
0 0.53984375 0.421875 0.0578125 0.10546875
0 0.47109375 0.2625 0.0421875 0.075
0 0.42421875 0.4484375 0.0546875 0.125
0 0.71640625 0.44609375 0.0421875 0.153125
0 0.55703125 0.36796875 0.0578125 0.103125
0 0.5359375 0.478125 0.065625 0.15546875
0 0.5625 0.24609375 0.040625 0.096875
0 0.4046875 0.31640625 0.046875 0.128125
0 0.771875 0.61640625 0.040625 0.2
0 0.8 0.2609375 0.040625 0.14453125
0 0.39765625 0.6125 0.0734375 0.16953125
0 0.16015625 0.37109375 0.0484375 0.146875
0 0.55546875 0.30703125 0.0515625 0.05859375
0 0.4703125 0.315625 0.040625 0.05546875
0 0.42109375 0.24609375 0.0328125 0.05546875