0 0.546875 0.69140625 0.03125 0.13359375
0 0.86328125 0.3375 0.0453125 0.15859375
0 0.565625 0.725 0.053125 0.171875
0 0.48984375 0.325 0.0421875 0.13359375
1 0.025 0.1875 0.05 0.16953125
0 0.28671875 0.3375 0.0453125 0.125
0 0.36640625 0.46640625 0.0671875 0.171875
0 0.83515625 0.34609375 0.0703125 0.1640625
0 0.615625 0.71796875 0.059375 0.175
0 0.30703125 0.48359375 0.0453125 0.19453125
0 0.4359375 0.4359375 0.0625 0.178125
0 0.58046875 0.425 0.1015625 0.171875
0 0.8546875 0.534375 0.075 0.16953125
0 0.26953125 0.45 0.0578125 0.2
0 0.81953125 0.79609375 0.0703125 0.203125
0 0.7421875 0.76796875 0.08125 0.196875
0 0.69453125 0.38046875 0.0546875 0.171875
0 0.50234375 0.42890625 0.0640625 0.175
0 0.7703125 0.4125 0.05 0.1640625
0 0.4375 0.309375 0.046875 0.0859375