0 0.54453125 0.265625 0.0546875 0.13046875
0 0.509375 0.57109375 0.046875 0.1859375
0 0.534375 0.51953125 0.04375 0.1890625
0 0.496875 0.465625 0.05 0.13046875
0 0.928125 0.2234375 0.0375 0.196875
0 0.48046875 0.42890625 0.0609375 0.146875
0 0.48046875 0.26953125 0.0640625 0.178125
1 0.23359375 0.35390625 0.0453125 0.18046875
0 0.4765625 0.6125 0.06875 0.19140625
0 0.2109375 0.70390625 0.05625 0.225
0 0.41953125 0.3859375 0.0703125 0.1609375
0 0.284375 0.715625 0.05 0.2140625
0 0.5 0.15703125 0.0421875 0.075
0 0.6 0.2625 0.0359375 0.18359375
0 0.61328125 0.18203125 0.034375 0.09453125