0 0.478125 0.3109375 0.046875 0.09453125
0 0.68984375 0.32890625 0.0421875 0.075
0 0.49609375 0.37890625 0.0453125 0.1140625
0 0.4515625 0.43359375 0.05625 0.1109375
0 0.5625 0.3984375 0.065625 0.09140625
0 0.58984375 0.3640625 0.0671875 0.09453125
0 0.86875 0.5140625 0.034375 0.19453125
0 0.46953125 0.2765625 0.0640625 0.1359375
0 0.590625 0.30703125 0.059375 0.0859375
0 0.7234375 0.4109375 0.053125 0.15
0 0.1875 0.34609375 0.040625 0.146875
0 0.4 0.440625 0.05 0.14140625
0 0.68359375 0.4234375 0.0421875 0.175
0 0.3359375 0.3390625 0.03125 0.171875
0 0.5515625 0.4625 0.059375 0.1140625
0 0.51640625 0.75546875 0.0578125 0.2
0 0.74140625 0.23203125 0.0328125 0.153125
0 0.32265625 0.7265625 0.0703125 0.196875
0 0.3109375 0.5265625 0.06875 0.175