0 0.3046875 0.390625 0.034375 0.11953125
0 0.35546875 0.39453125 0.0390625 0.1109375
0 0.36171875 0.34140625 0.0484375 0.1
0 0.37890625 0.1109375 0.0328125 0.078125
0 0.3921875 0.203125 0.028125 0.09453125
0 0.884375 0.4609375 0.0375 0.128125
0 0.58671875 0.771875 0.0390625 0.10546875
1 0.6703125 0.3484375 0.03125 0.10859375
0 0.8359375 0.24609375 0.0375 0.10859375
0 0.5734375 0.434375 0.034375 0.1140625
0 0.7078125 0.5859375 0.034375 0.11640625
0 0.51484375 0.58203125 0.0578125 0.1140625
0 0.46640625 0.5234375 0.0390625 0.11953125
0 0.1609375 0.3390625 0.053125 0.1109375
0 0.47109375 0.2140625 0.0296875 0.1
0 0.515625 0.77890625 0.059375 0.11953125
0 0.52734375 0.31640625 0.0421875 0.1
0 0.3515625 0.265625 0.028125 0.071875
0 0.3171875 0.3125 0.025 0.046875
0 0.30703125 0.28359375 0.028125 0.06640625
0 0.3078125 0.24140625 0.0296875 0.05