0 0.45546875 0.35546875 0.0453125 0.0890625
0 0.503125 0.415625 0.046875 0.08046875
0 0.41484375 0.453125 0.0484375 0.1
0 0.52109375 0.375 0.0515625 0.08359375
0 0.53671875 0.26953125 0.0421875 0.1
0 0.2671875 0.33359375 0.0375 0.14453125
0 0.5328125 0.484375 0.034375 0.1359375
0 0.23671875 0.39609375 0.0453125 0.11953125
1 0.74765625 0.39453125 0.0296875 0.14453125
0 0.40078125 0.12890625 0.0265625 0.1140625
0 0.49140625 0.10703125 0.0515625 0.096875
0 0.725 0.0875 0.021875 0.11953125
0 0.57265625 0.2484375 0.0578125 0.10859375
0 0.6578125 0.20546875 0.028125 0.128125
0 0.95546875 0.34296875 0.0359375 0.146875
0 0.3046875 0.76640625 0.06875 0.13359375
0 0.63359375 0.41953125 0.0359375 0.128125
0 0.68203125 0.7609375 0.0515625 0.14453125