0 0.5109375 0.43359375 0.05 0.09453125
0 0.50625 0.38359375 0.046875 0.05546875
0 0.409375 0.5390625 0.0625 0.09453125
0 0.49140625 0.3609375 0.0484375 0.071875
0 0.5171875 0.55703125 0.065625 0.1140625
0 0.4828125 0.46796875 0.053125 0.096875
0 0.50546875 0.60546875 0.0515625 0.1109375
0 0.41015625 0.4625 0.0671875 0.09140625
0 0.23671875 0.32890625 0.0234375 0.153125
0 0.1484375 0.80546875 0.040625 0.19453125
0 0.4 0.39140625 0.06875 0.09453125
0 0.38515625 0.284375 0.0328125 0.146875
0 0.2203125 0.2109375 0.028125 0.13359375
0 0.26640625 0.5875 0.0453125 0.146875
0 0.5453125 0.30703125 0.03125 0.14140625
0 0.06171875 0.5734375 0.0390625 0.1640625
0 0.54921875 0.70703125 0.0671875 0.1640625
0 0.703125 0.45390625 0.04375 0.14140625
0 0.38984375 0.59453125 0.0703125 0.1609375
0 0.25859375 0.4859375 0.0453125 0.128125