0 0.4609375 0.45546875 0.034375 0.10546875
0 0.52265625 0.3875 0.0265625 0.0859375
0 0.34296875 0.4265625 0.0296875 0.10859375
1 0.90078125 0.225 0.0234375 0.1109375
0 0.4921875 0.3234375 0.03125 0.0859375
0 0.32890625 0.38046875 0.0359375 0.09453125
0 0.57265625 0.45703125 0.0265625 0.125
0 0.23515625 0.2140625 0.0328125 0.08359375
0 0.553125 0.39453125 0.03125 0.1109375
0 0.4390625 0.20703125 0.04375 0.0859375
0 0.4453125 0.334375 0.03125 0.075
0 0.184375 0.3359375 0.03125 0.09453125
1 0.9703125 0.496875 0.03125 0.11640625
0 0.45859375 0.509375 0.0390625 0.1140625
0 0.521875 0.45 0.053125 0.1109375
0 0.378125 0.8515625 0.0375 0.14140625
0 0.3296875 0.5359375 0.03125 0.11640625
0 0.4453125 0.3875 0.04375 0.10859375
0 0.72734375 0.3984375 0.0328125 0.1140625
0 0.55546875 0.82890625 0.0578125 0.1140625
0 0.47421875 0.34296875 0.025 0.0359375
0 0.4703125 0.4 0.028125 0.0859375
0 0.49296875 0.37890625 0.01875 0.078125