0 0.59765625 0.4765625 0.0328125 0.11953125
0 0.4 0.4859375 0.03125 0.128125
0 0.4796875 0.11796875 0.028125 0.0859375
0 0.61484375 0.5625 0.0578125 0.14140625
0 0.55703125 0.50546875 0.0390625 0.128125
0 0.71796875 0.465625 0.0453125 0.13046875
0 0.3859375 0.11953125 0.028125 0.08359375
0 0.5375 0.4609375 0.034375 0.13359375
0 0.64140625 0.41953125 0.0453125 0.10546875
0 0.38515625 0.31640625 0.0328125 0.09453125
0 0.33203125 0.68046875 0.0359375 0.11640625
0 0.76484375 0.465625 0.0453125 0.11953125
0 0.5046875 0.25390625 0.04375 0.09140625
0 0.29453125 0.2109375 0.0390625 0.09453125
0 0.4703125 0.640625 0.065625 0.1140625
0 0.24609375 0.5515625 0.0484375 0.125
0 0.58671875 0.35546875 0.0375 0.05
0 0.584375 0.3984375 0.03125 0.05
0 0.40546875 0.390625 0.04375 0.08046875