0 0.61640625 0.475 0.0359375 0.10546875
0 0.6234375 0.4140625 0.040625 0.0609375
0 0.6375 0.340625 0.04375 0.0859375
0 0.57578125 0.25703125 0.0390625 0.096875
0 0.64140625 0.30390625 0.0421875 0.0859375
0 0.646875 0.50859375 0.04375 0.11640625
1 0.3 0.3859375 0.028125 0.11640625
0 0.54921875 0.39140625 0.0515625 0.071875
0 0.55 0.32890625 0.053125 0.075
0 0.43984375 0.503125 0.0453125 0.121875
0 0.59453125 0.9640625 0.0390625 0.071875
0 0.52734375 0.45859375 0.0546875 0.0890625
0 0.0625 0.334375 0.0375 0.11953125
0 0.58046875 0.10859375 0.0359375 0.1
0 0.76953125 0.38359375 0.0328125 0.1390625
0 0.81484375 0.45 0.0328125 0.128125
0 0.3328125 0.6640625 0.040625 0.128125
0 0.66484375 0.1015625 0.0515625 0.103125
0 0.22578125 0.95234375 0.0484375 0.0953125
0 0.421875 0.3515625 0.034375 0.10859375
0 0.5953125 0.69296875 0.053125 0.13046875
0 0.50546875 0.55703125 0.0578125 0.11953125