0 0.396875 0.46640625 0.046875 0.071875
0 0.33203125 0.49140625 0.0421875 0.06640625
0 0.36484375 0.72109375 0.0515625 0.11953125
0 0.325 0.453125 0.040625 0.06640625
0 0.3859375 0.40390625 0.0375 0.103125
0 0.39921875 0.5265625 0.0484375 0.06953125
0 0.28984375 0.453125 0.0359375 0.1
1 0.653125 0.496875 0.0375 0.11640625
0 0.33515625 0.5984375 0.0484375 0.1140625
0 0.5171875 0.53359375 0.034375 0.1109375
0 0.2875 0.16953125 0.040625 0.1
0 0.415625 0.59140625 0.046875 0.0890625
0 0.3921875 0.171875 0.028125 0.09453125
0 0.48828125 0.4640625 0.0359375 0.1109375
0 0.71015625 0.321875 0.0296875 0.10546875
0 0.54453125 0.6359375 0.0328125 0.121875
0 0.29375 0.821875 0.05 0.128125
0 0.60703125 0.79453125 0.0328125 0.1390625
0 0.7578125 0.65 0.034375 0.1109375
0 0.19609375 0.51796875 0.0375 0.1390625