0 0.6296875 0.47578125 0.04765625 0.1375
0 0.821875 0.31640625 0.03984375 0.121875
0 0.53984375 0.1078125 0.0375 0.09296875
0 0.546875 0.20390625 0.046875 0.128125
0 0.5859375 0.35546875 0.04921875 0.09140625
0 0.5546875 0.48984375 0.053125 0.1265625
0 0.8265625 0.440625 0.05703125 0.17109375
0 0.7234375 0.3421875 0.0703125 0.17109375
0 0.7140625 0.6046875 0.0421875 0.15703125
0 0.5609375 0.60859375 0.06796875 0.1609375
0 0.421875 0.334375 0.0609375 0.159375
1 0.165625 0.3953125 0.0359375 0.165625
0 0.1671875 0.25078125 0.04765625 0.14296875
0 0.6703125 0.52109375 0.05546875 0.15859375
0 0.640625 0.378125 0.06484375 0.13203125
0 0.6328125 0.12109375 0.0484375 0.121875
0 0.35 0.66484375 0.06640625 0.165625
0 0.35703125 0.48359375 0.0546875 0.14453125
0 0.3734375 0.184375 0.03515625 0.13046875
0 0.090625 0.57421875 0.06484375 0.15703125