0 0.590625 0.54921875 0.05546875 0.08203125
0 0.59140625 0.50625 0.0484375 0.0875
0 0.6015625 0.62265625 0.0546875 0.1265625
0 0.6421875 0.609375 0.03515625 0.115625
0 0.5609375 0.359375 0.05234375 0.08203125
0 0.78125 0.53203125 0.03984375 0.146875
0 0.546875 0.52890625 0.05703125 0.103125
0 0.54609375 0.5765625 0.0515625 0.121875
0 0.81171875 0.490625 0.053125 0.1140625
0 0.553125 0.61953125 0.05546875 0.11953125
0 0.6265625 0.44296875 0.06328125 0.1
0 0.45234375 0.33203125 0.040625 0.128125
1 0.2515625 0.5734375 0.0390625 0.146875
0 0.41171875 0.5 0.0390625 0.1390625
0 0.5671875 0.70390625 0.04765625 0.14453125
0 0.4828125 0.403125 0.04296875 0.1140625
0 0.56171875 0.4390625 0.0453125 0.053125