0 0.553125 0.334375 0.04140625 0.140625
0 0.628125 0.28203125 0.03359375 0.121875
0 0.565625 0.3921875 0.04140625 0.12109375
0 0.60859375 0.30390625 0.0328125 0.09140625
0 0.5265625 0.30703125 0.034375 0.1359375
1 0.66796875 0.040625 0.0296875 0.08046875
0 0.6203125 0.44296875 0.04765625 0.1359375
0 0.7015625 0.3421875 0.0390625 0.12890625
0 0.4453125 0.19921875 0.0359375 0.08203125
0 0.31328125 0.5375 0.0390625 0.1109375
0 0.65625 0.328125 0.04296875 0.11796875
0 0.0921875 0.51953125 0.0421875 0.125
0 0.48125 0.35390625 0.04453125 0.11640625
0 0.57890625 0.4453125 0.0578125 0.140625
0 0.490625 0.225 0.05546875 0.10859375
0 0.2984375 0.7734375 0.0515625 0.14453125
0 0.3890625 0.56171875 0.0640625 0.134375
0 0.2171875 0.78359375 0.06796875 0.153125
0 0.7765625 0.353125 0.03828125 0.14140625
0 0.3796875 0.25234375 0.04453125 0.115625