0 0.45625 0.521875 0.040625 0.05546875
0 0.45625 0.48203125 0.04375 0.05859375
0 0.434375 0.09140625 0.0375 0.0890625
0 0.4765625 0.453125 0.05 0.08359375
0 0.4375 0.44609375 0.034375 0.10859375
0 0.51171875 0.0859375 0.0234375 0.0890625
0 0.44921875 0.36953125 0.0390625 0.071875
0 0.5203125 0.44453125 0.046875 0.078125
0 0.53828125 0.5125 0.0609375 0.0859375
0 0.45703125 0.575 0.0421875 0.09453125
0 0.5203125 0.365625 0.05 0.075
0 0.40546875 0.2875 0.0296875 0.1140625
0 0.54140625 0.59609375 0.0578125 0.09140625
0 0.62265625 0.325 0.0265625 0.10546875
0 0.6390625 0.49453125 0.03125 0.13359375
0 0.85 0.240625 0.034375 0.1140625
0 0.909375 0.53203125 0.034375 0.1140625
0 0.59765625 0.3984375 0.0328125 0.11953125
0 0.60546875 0.76953125 0.0390625 0.1390625
0 0.240625 0.4640625 0.034375 0.11640625
0 0.43828125 0.75703125 0.0546875 0.1359375