0 0.6921875 0.4375 0.04140625 0.0640625
0 0.5859375 0.4375 0.034375 0.1
0 0.60078125 0.3578125 0.0359375 0.090625
0 0.578125 0.390625 0.03515625 0.125
0 0.6640625 0.44140625 0.0390625 0.096875
0 0.68984375 0.3953125 0.040625 0.065625
0 0.69296875 0.353125 0.0359375 0.071875
1 0.353125 0.41015625 0.02734375 0.15390625
0 0.7015625 0.2421875 0.0484375 0.1125
0 0.70703125 0.3140625 0.05 0.10546875
0 0.6640625 0.14609375 0.03828125 0.10546875
0 0.6984375 0.50546875 0.04609375 0.1140625
0 0.55625 0.13671875 0.02265625 0.115625
0 0.7140625 0.78515625 0.05 0.090625
0 0.434375 0.22890625 0.025 0.11640625
0 0.44375 0.75390625 0.03359375 0.1359375
0 0.1984375 0.55234375 0.03515625 0.16796875
0 0.5765625 0.528125 0.0546875 0.140625
0 0.5203125 0.5625 0.03828125 0.16640625
0 0.1640625 0.25703125 0.04296875 0.11953125
0 0.46484375 0.31328125 0.0484375 0.1375
0 0.8359375 0.428125 0.05625 0.1390625
0 0.7515625 0.621875 0.06015625 0.15