0 0.7015625 0.328125 0.03203125 0.153125
0 0.178125 0.265625 0.04140625 0.1515625
0 0.778125 0.22109375 0.0375 0.1390625
0 0.7578125 0.22734375 0.03203125 0.1515625
1 0.20234375 0.3109375 0.0390625 0.15546875
0 0.24609375 0.04765625 0.0484375 0.0953125
0 0.678125 0.434375 0.05234375 0.153125
0 0.62734375 0.34765625 0.0484375 0.159375
0 0.74453125 0.29140625 0.046875 0.1609375
0 0.221875 0.54921875 0.05234375 0.17109375
0 0.19765625 0.09375 0.0453125 0.1015625
0 0.5734375 0.3375 0.04453125 0.15
0 0.28046875 0.540625 0.0328125 0.16640625
0 0.8375 0.36796875 0.06875 0.1609375
0 0.675 0.32265625 0.0484375 0.159375