0 0.365625 0.315625 0.03828125 0.12890625
1 0.49375 0.05390625 0.03203125 0.10546875
0 0.36640625 0.446875 0.0359375 0.0984375
0 0.33203125 0.446875 0.040625 0.0984375
0 0.3921875 0.515625 0.04296875 0.1375
0 0.29375 0.51171875 0.03046875 0.109375
0 0.490625 0.82578125 0.0453125 0.090625
0 0.3328125 0.5453125 0.06640625 0.1375
0 0.409375 0.37890625 0.04296875 0.13359375
0 0.390625 0.82109375 0.05859375 0.09453125
1 0.7609375 0.42734375 0.0390625 0.1234375
0 0.3234375 0.32734375 0.05234375 0.115625
0 0.259375 0.359375 0.04140625 0.1265625
0 0.746875 0.1875 0.02890625 0.1140625
0 0.3875 0.628125 0.0625 0.14453125
0 0.596875 0.61796875 0.03828125 0.14453125
0 0.54375 0.29609375 0.0375 0.128125
0 0.490625 0.3984375 0.04140625 0.11953125
0 0.5234375 0.178125 0.06015625 0.096875
0 0.1671875 0.384375 0.05546875 0.14140625