0 0.40546875 0.34765625 0.0453125 0.0984375
0 0.2359375 0.475 0.05234375 0.178125
0 0.459375 0.6359375 0.06640625 0.1890625
0 0.69140625 0.66015625 0.0609375 0.17109375
0 0.55625 0.45859375 0.08046875 0.1890625
0 0.63515625 0.60703125 0.065625 0.16953125
0 0.196875 0.465625 0.04453125 0.1765625
0 0.40078125 0.45078125 0.065625 0.1765625
0 0.12734375 0.421875 0.0453125 0.16953125
0 0.79296875 0.4765625 0.065625 0.1859375
0 0.12890625 0.7890625 0.0703125 0.19140625
0 0.23828125 0.3765625 0.065625 0.1640625
1 0.209375 0.103125 0.04921875 0.13359375