0 0.46015625 0.34609375 0.0609375 0.103125
0 0.446875 0.30546875 0.053125 0.09453125
0 0.4515625 0.425 0.06875 0.121875
0 0.43125 0.53203125 0.053125 0.146875
0 0.48046875 0.546875 0.0546875 0.15546875
0 0.16171875 0.384375 0.0546875 0.15859375
0 0.38984375 0.36796875 0.0453125 0.16953125
0 0.51640625 0.4359375 0.0671875 0.13359375
0 0.5359375 0.26953125 0.053125 0.14453125
0 0.5171875 0.35703125 0.0625 0.1359375
0 0.71796875 0.40859375 0.0546875 0.15546875
0 0.67109375 0.2875 0.0515625 0.146875
0 0.36953125 0.6359375 0.0671875 0.15546875
0 0.7234375 0.53359375 0.05 0.15
0 0.5671875 0.165625 0.040625 0.125
0 0.8015625 0.65 0.046875 0.1609375
0 0.7296875 0.215625 0.040625 0.1359375
0 0.45546875 0.25390625 0.0359375 0.0640625
0 0.475 0.20546875 0.0328125 0.0859375
0 0.49453125 0.14453125 0.0359375 0.1