0 0.3703125 0.3359375 0.025 0.071875
0 0.43984375 0.421875 0.0296875 0.09453125
1 0.57578125 0.3875 0.0171875 0.1140625
0 0.12421875 0.42890625 0.0234375 0.11953125
0 0.3765625 0.50390625 0.046875 0.10859375
0 0.4203125 0.50390625 0.034375 0.1140625
0 0.4703125 0.43359375 0.03125 0.10546875
0 0.40859375 0.365625 0.0265625 0.0859375
1 0.38359375 0.15859375 0.0265625 0.1
1 0.52109375 0.45703125 0.0234375 0.10859375
0 0.9171875 0.43203125 0.034375 0.103125
0 0.32109375 0.428125 0.0359375 0.1109375
0 0.2203125 0.35703125 0.028125 0.096875
0 0.253125 0.521875 0.034375 0.10546875
0 0.2109375 0.57890625 0.03125 0.11953125
0 0.34609375 0.44609375 0.0296875 0.078125
0 0.353125 0.38046875 0.021875 0.0640625
0 0.39453125 0.384375 0.0359375 0.06640625
0 0.390625 0.4390625 0.034375 0.046875