0 0.2375 0.6 0.03125 0.11640625
0 0.4 0.603125 0.05 0.1
0 0.375 0.6875 0.04375 0.103125
0 0.37578125 0.09140625 0.0328125 0.1
0 0.396875 0.7484375 0.0625 0.096875
0 0.37265625 0.559375 0.0421875 0.08046875
0 0.3796875 0.62890625 0.046875 0.05859375
0 0.52421875 0.21796875 0.0203125 0.11953125
0 0.60703125 0.39609375 0.0359375 0.125
0 0.5453125 0.8 0.025 0.15546875
0 0.24453125 0.671875 0.0390625 0.121875
0 0.89140625 0.6640625 0.0328125 0.14453125
1 0.70390625 0.5015625 0.0296875 0.125
0 0.35078125 0.51953125 0.0515625 0.1
0 0.83671875 0.325 0.0265625 0.121875
0 0.44453125 0.45859375 0.0515625 0.1
0 0.471875 0.665625 0.059375 0.103125
0 0.44453125 0.56953125 0.0421875 0.1
0 0.33828125 0.328125 0.0484375 0.1
0 0.60703125 0.58203125 0.0390625 0.1140625
0 0.4921875 0.7640625 0.05625 0.128125