0 0.5453125 0.378125 0.05 0.06640625
0 0.5453125 0.33203125 0.04375 0.075
0 0.51640625 0.425 0.0453125 0.1
0 0.44375 0.375 0.053125 0.08359375
0 0.43515625 0.303125 0.0421875 0.08359375
0 0.7140625 0.3890625 0.04375 0.16640625
0 0.09375 0.303125 0.025 0.15
0 0.41328125 0.2484375 0.0421875 0.11953125
0 0.4015625 0.41796875 0.046875 0.14140625
0 0.446875 0.4484375 0.059375 0.14140625
0 0.74453125 0.44609375 0.0453125 0.1359375
0 0.5 0.246875 0.0625 0.11640625
0 0.34609375 0.31640625 0.0296875 0.13359375
0 0.57109375 0.46796875 0.0671875 0.1359375
0 0.53984375 0.20546875 0.0515625 0.128125
0 0.58515625 0.3265625 0.0390625 0.125
0 0.4640625 0.51640625 0.071875 0.14453125
0 0.5078125 0.6984375 0.046875 0.15859375
0 0.18203125 0.1765625 0.0328125 0.125
0 0.6203125 0.6890625 0.06875 0.15546875