0 0.7390625 0.34609375 0.03125 0.13046875
0 0.51640625 0.3 0.0484375 0.11640625
0 0.61328125 0.31640625 0.0421875 0.06640625
0 0.571875 0.45703125 0.05625 0.1359375
0 0.52265625 0.35546875 0.0609375 0.1109375
0 0.675 0.4515625 0.065625 0.11953125
0 0.5859375 0.51796875 0.0625 0.13046875
0 0.221875 0.29296875 0.040625 0.11953125
0 0.7828125 0.3765625 0.034375 0.1359375
0 0.18515625 0.11953125 0.0359375 0.1109375
0 0.5359375 0.096875 0.04375 0.1
0 0.3296875 0.7625 0.04375 0.15859375
0 0.56875 0.24453125 0.053125 0.10546875
0 0.73359375 0.575 0.0578125 0.1390625
0 0.7421875 0.678125 0.059375 0.15
0 0.2671875 0.58203125 0.05 0.14140625
0 0.6109375 0.39609375 0.05625 0.08828125