0 0.571875 0.409375 0.04375 0.1359375
0 0.55703125 0.2765625 0.0421875 0.075
0 0.54609375 0.321875 0.0484375 0.078125
0 0.51875 0.42109375 0.053125 0.103125
0 0.5578125 0.503125 0.053125 0.13359375
0 0.284375 0.3109375 0.0375 0.1
0 0.27734375 0.4140625 0.0421875 0.15546875
0 0.43984375 0.55 0.0828125 0.11640625
0 0.440625 0.28359375 0.04375 0.11640625
0 0.459375 0.44453125 0.065625 0.10546875
0 0.8671875 0.396875 0.040625 0.1609375
0 0.51953125 0.215625 0.0421875 0.1359375
0 0.44453125 0.378125 0.0578125 0.11640625
0 0.47578125 0.72890625 0.0484375 0.175
0 0.72421875 0.421875 0.0484375 0.128125
0 0.58359375 0.70703125 0.0671875 0.1859375
0 0.4046875 0.259375 0.0375 0.146875
0 0.278125 0.18203125 0.03125 0.14140625
0 0.22890625 0.26953125 0.0453125 0.1390625