0 0.61484375 0.61640625 0.0578125 0.08359375
0 0.5125 0.4890625 0.078125 0.10546875
0 0.6125 0.303125 0.034375 0.14453125
0 0.5859375 0.5484375 0.059375 0.10859375
0 0.49765625 0.56640625 0.0890625 0.1109375
0 0.64296875 0.3484375 0.0484375 0.146875
0 0.61875 0.5 0.05625 0.10546875
0 0.52109375 0.4234375 0.0796875 0.103125
0 0.634375 0.45546875 0.06875 0.121875
0 0.5 0.68046875 0.05625 0.13359375
0 0.36796875 0.128125 0.0296875 0.15
0 0.334375 0.4125 0.04375 0.15859375
0 0.34765625 0.690625 0.0390625 0.19140625
0 0.825 0.578125 0.04375 0.178125
0 0.7734375 0.5125 0.04375 0.1859375
0 0.6078125 0.6859375 0.065625 0.13359375
0 0.40078125 0.596875 0.0453125 0.18359375
0 0.234375 0.271875 0.028125 0.15546875
0 0.64453125 0.128125 0.0484375 0.15