0 0.4171875 0.12578125 0.0421875 0.07109375
0 0.4828125 0.09765625 0.05078125 0.090625
0 0.371875 0.23203125 0.04765625 0.13046875
0 0.46015625 0.2703125 0.0859375 0.1515625
0 0.478125 0.21796875 0.07578125 0.14453125
0 0.45234375 0.32890625 0.071875 0.16640625
0 0.49296875 0.16328125 0.0578125 0.1375
0 0.19609375 0.1953125 0.040625 0.1734375
0 0.27265625 0.259375 0.0484375 0.1765625
0 0.33515625 0.278125 0.0625 0.15
1 0.8140625 0.22265625 0.04296875 0.1765625
0 0.2734375 0.490625 0.08828125 0.15546875
0 0.6671875 0.18046875 0.05 0.15546875
0 0.63125 0.253125 0.04921875 0.1515625
0 0.2515625 0.6890625 0.09296875 0.19453125
0 0.6078125 0.48359375 0.05859375 0.18359375
0 0.765625 0.74453125 0.06015625 0.178125