1 0.078125 0.58046875 0.0421875 0.275
1 0.259375 0.5796875 0.059375 0.2328125
1 0.67265625 0.759375 0.0625 0.4078125
0 0.34375 0.6171875 0.0609375 0.296875
0 0.38828125 0.51796875 0.0328125 0.196875
0 0.45234375 0.67109375 0.046875 0.265625
0 0.54609375 0.5046875 0.03125 0.1796875
0 0.63515625 0.5265625 0.0515625 0.171875
0 0.67890625 0.5140625 0.05 0.13125
0 0.74609375 0.58046875 0.05 0.2453125
0 0.79296875 0.64375 0.05 0.26875
0 0.8640625 0.69765625 0.0640625 0.20625
0 0.5796875 0.69140625 0.0703125 0.1671875
0 0.434375 0.5203125 0.03828125 0.09296875
0 0.484375 0.5546875 0.06015625 0.08671875
0 0.5703125 0.465625 0.03359375 0.078125
0 0.5828125 0.565625 0.0421875 0.146875
0 0.7 0.49609375 0.05234375 0.096875