1 0.35390625 0.38984375 0.0234375 0.1046875
1 0.78359375 0.71796875 0.0609375 0.259375
0 0.1453125 0.48828125 0.0375 0.209375
0 0.21484375 0.51953125 0.0765625 0.20625
1 0.1984375 0.37421875 0.03125 0.15625
0 0.315625 0.44453125 0.034375 0.1859375
0 0.34140625 0.51640625 0.0625 0.190625
0 0.4265625 0.503125 0.0546875 0.1734375
0 0.44140625 0.54375 0.0421875 0.14375
0 0.4875 0.53828125 0.04375 0.159375
0 0.52734375 0.5265625 0.0421875 0.1234375
0 0.58046875 0.37421875 0.028125 0.1140625
0 0.72109375 0.38671875 0.0421875 0.134375
0 0.59921875 0.47109375 0.0515625 0.1375
0 0.6546875 0.50703125 0.046875 0.14375
0 0.7 0.490625 0.0546875 0.1578125
0 0.765625 0.49296875 0.0609375 0.1671875
0 0.8296875 0.5890625 0.0484375 0.140625
0 0.8609375 0.57421875 0.0359375 0.221875
0 0.56015625 0.49453125 0.0203125 0.1375
0 0.55546875 0.409375 0.0390625 0.07578125
0 0.62578125 0.43984375 0.03671875 0.06015625