0 0.5125 0.35546875 0.046875 0.078125
0 0.48359375 0.490625 0.0515625 0.075
0 0.52734375 0.459375 0.0421875 0.103125
0 0.51328125 0.40390625 0.0484375 0.0640625
0 0.57421875 0.515625 0.0484375 0.10859375
0 0.58828125 0.4015625 0.0515625 0.09140625
1 0.07421875 0.3125 0.0296875 0.153125
0 0.79296875 0.3265625 0.0265625 0.146875
0 0.5671875 0.571875 0.04375 0.16640625
0 0.60390625 0.4625 0.0484375 0.103125
0 0.475 0.55 0.053125 0.10546875
0 0.75546875 0.371875 0.0359375 0.10546875
0 0.75 0.471875 0.0375 0.15546875
0 0.53515625 0.75 0.0296875 0.18359375
0 0.6109375 0.3 0.040625 0.13359375
0 0.2171875 0.425 0.040625 0.1390625
0 0.359375 0.4234375 0.03125 0.146875
0 0.78515625 0.55390625 0.0421875 0.1640625
0 0.65703125 0.134375 0.0328125 0.11953125
0 0.53046875 0.121875 0.0390625 0.11640625
0 0.38359375 0.7390625 0.0578125 0.171875