0 0.3453125 0.30859375 0.0625 0.1890625
0 0.58125 0.38984375 0.05078125 0.159375
0 0.4140625 0.321875 0.059375 0.0890625
0 0.46953125 0.41953125 0.0671875 0.2
0 0.496875 0.1328125 0.07578125 0.19296875
0 0.60390625 0.534375 0.053125 0.20390625
0 0.278125 0.35390625 0.06796875 0.225
0 0.371875 0.44296875 0.06328125 0.20546875
0 0.67578125 0.3578125 0.05625 0.19609375
0 0.5625 0.14453125 0.06015625 0.18359375
0 0.759375 0.54609375 0.06328125 0.21640625
0 0.115625 0.50234375 0.06875 0.2484375
0 0.56484375 0.58125 0.0765625 0.234375
0 0.428125 0.375 0.040625 0.1484375