0 0.33203125 0.64921875 0.0390625 0.0984375
0 0.7734375 0.434375 0.0421875 0.09609375
0 0.69296875 0.65703125 0.0453125 0.1
0 0.4390625 0.43984375 0.03359375 0.08203125
0 0.7015625 0.478125 0.034375 0.10703125
0 0.69453125 0.4078125 0.0265625 0.0875
0 0.31640625 0.62578125 0.0328125 0.1015625
0 0.728125 0.6484375 0.0234375 0.103125
0 0.75390625 0.68359375 0.046875 0.125
0 0.9125 0.553125 0.028125 0.115625
0 0.628125 0.48984375 0.03203125 0.109375
0 0.9484375 0.55 0.03671875 0.10546875
0 0.834375 0.65546875 0.04765625 0.10859375
1 0.0984375 0.4953125 0.02578125 0.0875
0 0.5671875 0.50234375 0.02734375 0.07890625