0 0.47734375 0.44296875 0.0484375 0.13046875
0 0.503125 0.39453125 0.05625 0.11640625
0 0.58046875 0.45859375 0.0828125 0.121875
0 0.4765625 0.2875 0.0625 0.08046875
0 0.43515625 0.478125 0.0734375 0.14453125
0 0.57109375 0.378125 0.0640625 0.078125
0 0.6125 0.2359375 0.046875 0.128125
0 0.46640625 0.1015625 0.0328125 0.153125
0 0.59296875 0.33203125 0.0609375 0.11953125
0 0.44609375 0.3515625 0.0546875 0.11953125
0 0.86953125 0.2609375 0.0484375 0.2109375
0 0.5625 0.54609375 0.0875 0.14140625
0 0.1046875 0.35546875 0.059375 0.16640625
0 0.959375 0.271875 0.053125 0.1890625
0 0.75546875 0.434375 0.0578125 0.175
0 0.76796875 0.33359375 0.0546875 0.1109375
0 0.6359375 0.64453125 0.05 0.221875
0 0.27734375 0.446875 0.0640625 0.15
0 0.38046875 0.61953125 0.0953125 0.19453125