0 0.49609375 0.525 0.0328125 0.10546875
0 0.36953125 0.67890625 0.0828125 0.15859375
0 0.44765625 0.440625 0.0328125 0.13046875
0 0.3765625 0.7234375 0.05 0.19140625
0 0.95390625 0.28046875 0.0484375 0.13359375
1 0.01015625 0.4875 0.0203125 0.175
0 0.53984375 0.5625 0.0609375 0.16953125
0 0.71328125 0.55 0.0515625 0.1390625
0 0.509375 0.621875 0.078125 0.171875
0 0.440625 0.621875 0.059375 0.16640625
0 0.2984375 0.56953125 0.0625 0.178125
0 0.41875 0.4765625 0.065625 0.16953125
0 0.83515625 0.50859375 0.0484375 0.1390625