0 0.371875 0.22109375 0.034375 0.09140625
0 0.4375 0.23046875 0.040625 0.06640625
0 0.51171875 0.3265625 0.0390625 0.103125
1 0.909375 0.29296875 0.028125 0.1359375
0 0.4328125 0.3484375 0.04375 0.08046875
0 0.31171875 0.215625 0.0328125 0.10859375
0 0.28203125 0.26640625 0.0328125 0.1109375
0 0.59453125 0.24609375 0.0359375 0.10859375
1 0.80390625 0.14453125 0.0359375 0.0890625
0 0.45078125 0.15390625 0.0390625 0.103125
0 0.49453125 0.22890625 0.0359375 0.09140625
0 0.346875 0.1640625 0.03125 0.1
0 0.2140625 0.290625 0.03125 0.11953125
0 0.63125 0.265625 0.034375 0.10859375
1 0.13359375 0.303125 0.0234375 0.14453125
0 0.31640625 0.31953125 0.0328125 0.11640625
0 0.6109375 0.759375 0.04375 0.146875
0 0.75078125 0.74140625 0.0671875 0.1609375