0 0.3796875 0.15 0.05 0.10546875
0 0.39296875 0.2234375 0.0515625 0.175
0 0.48359375 0.15859375 0.0828125 0.13359375
0 0.33125 0.315625 0.1 0.1859375
0 0.28515625 0.9515625 0.0828125 0.096875
1 0.971875 0.2359375 0.034375 0.2109375
0 0.12890625 0.1640625 0.0515625 0.128125
0 0.4921875 0.30390625 0.096875 0.18046875
0 0.3578125 0.1125 0.0625 0.146875
0 0.5171875 0.084375 0.075 0.146875
0 0.478125 0.40546875 0.090625 0.178125
0 0.12890625 0.29296875 0.0578125 0.16953125
0 0.6109375 0.24296875 0.0625 0.18046875
0 0.65390625 0.57109375 0.0609375 0.20859375
0 0.23203125 0.60703125 0.0953125 0.19140625
0 0.47734375 0.2359375 0.0609375 0.18046875