0 0.2546875 0.20390625 0.04375 0.09140625
0 0.48828125 0.234375 0.0578125 0.09140625
0 0.60078125 0.3234375 0.0671875 0.103125
1 0.8984375 0.275 0.046875 0.171875
0 0.58515625 0.24296875 0.0640625 0.10859375
0 0.4734375 0.346875 0.0625 0.13359375
0 0.48359375 0.16796875 0.0578125 0.08046875
0 0.290625 0.2625 0.053125 0.175
0 0.240625 0.31640625 0.046875 0.16640625
0 0.7296875 0.08359375 0.053125 0.16640625
0 0.60625 0.1765625 0.065625 0.103125
0 0.41171875 0.57109375 0.0796875 0.18046875
0 0.83359375 0.3515625 0.0453125 0.16953125
0 0.78359375 0.246875 0.0515625 0.171875
0 0.55546875 0.57109375 0.0578125 0.175
0 0.59453125 0.409375 0.0640625 0.1640625
0 0.50625 0.259375 0.0640625 0.06015625