0 0.525 0.39296875 0.03671875 0.075
1 0.2 0.6859375 0.0390625 0.125
0 0.55390625 0.4359375 0.03828125 0.103125
0 0.55625 0.3515625 0.03203125 0.07421875
0 0.496875 0.3109375 0.04609375 0.06875
0 0.04375 0.44609375 0.0328125 0.109375
0 0.57265625 0.328125 0.0375 0.08125
0 0.4765625 0.378125 0.03828125 0.06640625
0 0.5703125 0.22265625 0.03671875 0.0953125
0 0.4734375 0.4359375 0.04765625 0.06796875
0 0.23984375 0.19140625 0.0234375 0.1015625
0 0.6890625 0.35078125 0.0265625 0.11015625
0 0.51328125 0.5625 0.05234375 0.1046875
0 0.37890625 0.384375 0.03046875 0.1015625
0 0.60234375 0.1203125 0.03828125 0.090625
0 0.50390625 0.1265625 0.02890625 0.08125
0 0.5125 0.715625 0.04921875 0.13203125
0 0.67265625 0.38359375 0.0328125 0.11328125
0 0.47109375 0.49375 0.0546875 0.09921875
0 0.4046875 0.31953125 0.02734375 0.10703125
0 0.27890625 0.559375 0.0328125 0.10703125