0 0.365625 0.528125 0.034375 0.09453125
0 0.396875 0.434375 0.04375 0.075
1 0.575 0.10546875 0.028125 0.10546875
0 0.39375 0.5 0.040625 0.09453125
0 0.36171875 0.4640625 0.0359375 0.06640625
0 0.41640625 0.58359375 0.0453125 0.0890625
0 0.57578125 0.4359375 0.0359375 0.0890625
0 0.44140625 0.540625 0.0546875 0.08046875
0 0.3328125 0.58203125 0.046875 0.09140625
0 0.45234375 0.490625 0.0484375 0.08046875
0 0.49296875 0.4125 0.0515625 0.075
0 0.52734375 0.3640625 0.0296875 0.10546875
0 0.24921875 0.49140625 0.0421875 0.0890625
0 0.21796875 0.39453125 0.0421875 0.1109375
0 0.71328125 0.296875 0.0328125 0.121875
0 0.56875 0.50859375 0.04375 0.1109375
0 0.534375 0.5515625 0.028125 0.13046875
0 0.13828125 0.46953125 0.0390625 0.10546875
0 0.93125 0.521875 0.0375 0.1390625
0 0.44453125 0.65 0.0453125 0.13359375
0 0.434375 0.3625 0.04375 0.1140625