0 0.76171875 0.81953125 0.0921875 0.16640625
0 0.60625 0.63203125 0.084375 0.125
0 0.8984375 0.48359375 0.05 0.1609375
0 0.89140625 0.31953125 0.0421875 0.178125
0 0.88828125 0.84140625 0.0859375 0.121875
0 0.475 0.13359375 0.0375 0.16640625
0 0.68359375 0.5890625 0.0734375 0.121875
0 0.84296875 0.334375 0.0578125 0.18046875
0 0.5140625 0.5109375 0.05625 0.14453125
0 0.94453125 0.540625 0.0734375 0.203125
0 0.94609375 0.75703125 0.0796875 0.2640625
0 0.5234375 0.428125 0.065625 0.15546875
0 0.79140625 0.7640625 0.0859375 0.21640625
0 0.86875 0.65703125 0.08125 0.20859375
0 0.42109375 0.1484375 0.0640625 0.146875
0 0.26640625 0.5359375 0.0609375 0.1609375
0 0.484375 0.584375 0.084375 0.20859375
0 0.60625 0.31796875 0.0625 0.175