0 0.54609375 0.465625 0.0484375 0.075
0 0.50625 0.60703125 0.046875 0.06953125
0 0.53515625 0.509375 0.0515625 0.09140625
0 0.609375 0.578125 0.046875 0.078125
0 0.58984375 0.525 0.0515625 0.0890625
0 0.6375 0.45390625 0.05 0.09140625
0 0.02421875 0.4765625 0.0390625 0.1359375
0 0.584375 0.2859375 0.025 0.1109375
0 0.49765625 0.6765625 0.0703125 0.10859375
0 0.525 0.56953125 0.053125 0.078125
1 0.67578125 0.06640625 0.0296875 0.128125
0 0.4 0.515625 0.040625 0.13046875
0 0.47109375 0.35 0.0390625 0.1109375
0 0.590625 0.175 0.03125 0.128125
0 0.57109375 0.384375 0.0390625 0.1140625
0 0.603125 0.6515625 0.053125 0.10859375
0 0.66171875 0.29140625 0.0515625 0.13359375
0 0.88203125 0.5265625 0.0421875 0.13046875
0 0.73125 0.34296875 0.05 0.125
0 0.7421875 0.171875 0.053125 0.121875