0 0.33984375 0.34140625 0.0390625 0.071875
0 0.47421875 0.45546875 0.0296875 0.1109375
0 0.33046875 0.2875 0.0421875 0.0640625
0 0.2859375 0.40859375 0.040625 0.10546875
0 0.2296875 0.1 0.034375 0.0890625
0 0.48671875 0.1234375 0.0265625 0.075
0 0.3765625 0.42109375 0.040625 0.096875
0 0.6046875 0.184375 0.021875 0.09140625
1 0.55859375 0.353125 0.0265625 0.10546875
0 0.13671875 0.35703125 0.0296875 0.125
0 0.265625 0.3125 0.040625 0.0859375
0 0.74296875 0.5375 0.0328125 0.11953125
0 0.0953125 0.4015625 0.034375 0.1140625
0 0.45546875 0.3375 0.0328125 0.103125
0 0.71875 0.696875 0.0375 0.11640625
0 0.415625 0.21953125 0.025 0.1
0 0.1921875 0.16796875 0.046875 0.103125
0 0.35703125 0.7375 0.0609375 0.14140625
0 0.303125 0.64609375 0.05625 0.125