0 0.7203125 0.51953125 0.07421875 0.2
0 0.75234375 0.3890625 0.046875 0.175
0 0.5828125 0.36953125 0.03359375 0.12421875
0 0.68515625 0.38046875 0.046875 0.178125
0 0.02265625 0.746875 0.04453125 0.215625
0 0.4921875 0.2390625 0.03125 0.14140625
1 0.2328125 0.16171875 0.03359375 0.15546875
0 0.77890625 0.35859375 0.05078125 0.178125
0 0.603125 0.42109375 0.06796875 0.18203125
0 0.0375 0.440625 0.05625 0.14140625
0 0.115625 0.54296875 0.0546875 0.21796875
0 0.0390625 0.59609375 0.05703125 0.21328125
0 0.32734375 0.425 0.05859375 0.209375