0 0.94609375 0.51953125 0.0328125 0.1515625
0 0.83203125 0.5796875 0.0484375 0.1890625
0 0.66953125 0.5703125 0.0484375 0.171875
0 0.63828125 0.58359375 0.0328125 0.196875
1 0.39375 0.59765625 0.0875 0.34375
1 0.07890625 0.60078125 0.0625 0.2875
0 0.28671875 0.58359375 0.05625 0.2734375
0 0.21640625 0.5734375 0.05625 0.2046875
0 0.48828125 0.57734375 0.0578125 0.203125
0 0.56015625 0.56796875 0.0390625 0.2078125
0 0.60390625 0.58828125 0.05625 0.19375
0 0.31796875 0.58359375 0.0515625 0.2046875
0 0.36328125 0.57890625 0.0390625 0.203125
1 0.909375 0.52265625 0.040625 0.1359375