0 0.234375 0.3796875 0.0734375 0.1734375
0 0.2234375 0.3359375 0.0640625 0.1515625
0 0.37578125 0.32890625 0.059375 0.1203125
0 0.41171875 0.34453125 0.05625 0.0953125
0 0.4359375 0.29296875 0.0546875 0.0765625
0 0.49765625 0.353125 0.0515625 0.0921875
0 0.47578125 0.38984375 0.0578125 0.084375
0 0.46796875 0.5015625 0.071875 0.15625
0 0.42421875 0.5515625 0.0703125 0.1546875
0 0.31953125 0.54921875 0.06875 0.1640625
0 0.30234375 0.66953125 0.08125 0.1734375
0 0.36875 0.7046875 0.0796875 0.15
0 0.3703125 0.47890625 0.08125 0.159375
0 0.409375 0.47421875 0.0671875 0.15
0 0.4171875 0.3875 0.053125 0.0734375
0 0.553125 0.57421875 0.0890625 0.159375
0 0.63203125 0.475 0.0671875 0.1625
0 0.61640625 0.39453125 0.084375 0.1609375
0 0.634375 0.32421875 0.05 0.0859375
0 0.60859375 0.2359375 0.06875 0.1234375
0 0.528125 0.20234375 0.0734375 0.134375
0 0.8921875 0.6421875 0.0703125 0.1625