0 0.2875 0.6375 0.071875 0.1515625
0 0.34453125 0.6125 0.0828125 0.1390625
0 0.4046875 0.56875 0.0734375 0.1328125
0 0.35390625 0.49609375 0.0734375 0.1546875
0 0.328125 0.40078125 0.0703125 0.1375
0 0.36171875 0.3140625 0.0515625 0.10625
0 0.353125 0.36953125 0.046875 0.1
0 0.43046875 0.471875 0.0828125 0.159375
0 0.37421875 0.4171875 0.05625 0.0765625
0 0.55703125 0.22578125 0.05625 0.1078125
0 0.590625 0.22265625 0.0625 0.11875
0 0.553125 0.1203125 0.0578125 0.1
0 0.6546875 0.0921875 0.0578125 0.103125
0 0.684375 0.58828125 0.0734375 0.140625
0 0.825 0.64921875 0.0671875 0.153125
0 0.728125 0.50078125 0.06875 0.1484375
0 0.72109375 0.29296875 0.065625 0.134375
0 0.38984375 0.47421875 0.0484375 0.0859375
1 0.2046875 0.490625 0.0765625 0.165625