0 0.54296875 0.07265625 0.04765625 0.14375
0 0.58671875 0.13125 0.05234375 0.1515625
0 0.7390625 0.44921875 0.04765625 0.19921875
0 0.53125 0.40703125 0.05703125 0.15546875
0 0.43515625 0.415625 0.0421875 0.16796875
0 0.3140625 0.384375 0.04140625 0.20234375
0 0.10234375 0.190625 0.0453125 0.1609375
0 0.12578125 0.521875 0.04375 0.15625
0 0.31796875 0.65625 0.06484375 0.1859375
0 0.259375 0.38671875 0.04609375 0.17578125
0 0.35390625 0.1484375 0.0328125 0.1671875
0 0.4078125 0.1484375 0.040625 0.1515625
0 0.44296875 0.08984375 0.0390625 0.1796875
0 0.36796875 0.02890625 0.0203125 0.0578125
0 0.365625 0.0734375 0.01875 0.04609375