0 0.371875 0.30078125 0.0671875 0.1421875
0 0.4078125 0.2828125 0.0421875 0.1109375
0 0.3328125 0.51484375 0.065625 0.18125
0 0.371875 0.4796875 0.071875 0.15
0 0.40546875 0.39921875 0.05625 0.109375
0 0.50390625 0.44296875 0.0671875 0.1640625
0 0.4796875 0.365625 0.0671875 0.153125
0 0.45390625 0.334375 0.0625 0.1421875
0 0.61484375 0.48203125 0.078125 0.1640625
0 0.6359375 0.39453125 0.046875 0.0859375
0 0.73046875 0.56875 0.0703125 0.178125
0 0.78828125 0.640625 0.06875 0.1671875
0 0.89296875 0.68984375 0.084375 0.20625
0 0.92265625 0.715625 0.0796875 0.175
0 0.86796875 0.21953125 0.0640625 0.15
0 0.75078125 0.14921875 0.05 0.15
0 0.23671875 0.3328125 0.0703125 0.1625