0 0.68515625 0.4765625 0.04453125 0.1328125
0 0.68125 0.4140625 0.0375 0.04296875
0 0.58359375 0.45 0.0515625 0.0578125
0 0.5671875 0.5203125 0.06015625 0.1109375
0 0.57578125 0.375 0.03671875 0.11015625
0 0.59765625 0.640625 0.0453125 0.14765625
0 0.478125 0.63671875 0.0453125 0.13515625
0 0.0984375 0.4578125 0.0328125 0.14609375
0 0.27890625 0.26953125 0.028125 0.13828125
0 0.5828125 0.17734375 0.0328125 0.109375
0 0.56328125 0.26484375 0.028125 0.1421875
0 0.628125 0.32578125 0.05625 0.0671875
0 0.659375 0.2609375 0.05390625 0.08046875
0 0.67421875 0.203125 0.03671875 0.04296875
0 0.75546875 0.240625 0.04453125 0.1140625
0 0.79453125 0.2734375 0.025 0.134375
0 0.7859375 0.1875 0.03515625 0.04375
0 0.8328125 0.46875 0.034375 0.146875
0 0.70703125 0.37265625 0.0390625 0.0984375
0 0.7203125 0.3140625 0.04375 0.07421875
0 0.6703125 0.38359375 0.0421875 0.04453125
0 0.8359375 0.36953125 0.04453125 0.078125