0 0.4640625 0.45234375 0.05234375 0.14296875
0 0.44296875 0.3625 0.053125 0.07578125
0 0.37734375 0.26015625 0.03046875 0.21640625
0 0.35625 0.21875 0.02109375 0.14609375
0 0.54296875 0.42890625 0.034375 0.2421875
0 0.6328125 0.52734375 0.03828125 0.2453125
0 0.73046875 0.35859375 0.03359375 0.2390625
0 0.6515625 0.3265625 0.03125 0.22265625
0 0.78203125 0.5828125 0.0609375 0.23203125
0 0.8328125 0.47578125 0.0453125 0.2265625
0 0.3640625 0.6390625 0.05234375 0.24453125
0 0.11953125 0.80546875 0.04296875 0.22890625
0 0.0171875 0.7390625 0.03359375 0.25546875
1 0.3 0.15234375 0.0359375 0.1828125