0 0.38515625 0.4875 0.0484375 0.0890625
0 0.35625 0.590625 0.0640625 0.134375
0 0.2359375 0.48046875 0.0609375 0.146875
0 0.24453125 0.40234375 0.0703125 0.159375
0 0.378125 0.3484375 0.0515625 0.0640625
0 0.3875 0.3921875 0.0515625 0.0625
0 0.478125 0.5890625 0.0703125 0.1359375
0 0.47734375 0.5171875 0.0703125 0.1390625
0 0.50390625 0.44921875 0.05 0.084375
0 0.378125 0.65546875 0.06875 0.1453125
0 0.53515625 0.6171875 0.065625 0.1453125
0 0.47109375 0.4140625 0.059375 0.1390625
0 0.4515625 0.33671875 0.053125 0.08125
0 0.44375 0.121875 0.05625 0.109375
0 0.359375 0.0953125 0.059375 0.115625
0 0.46015625 0.24296875 0.053125 0.1125
0 0.340625 0.23046875 0.05625 0.109375
0 0.71328125 0.72421875 0.075 0.153125
0 0.959375 0.434375 0.05625 0.1375
0 0.409375 0.42578125 0.0484375 0.0484375
0 0.38359375 0.4484375 0.0453125 0.040625