1 0.55078125 0.09765625 0.03046875 0.165625
0 0.9609375 0.44921875 0.046875 0.178125
0 0.83359375 0.60625 0.05546875 0.1765625
0 0.81015625 0.4578125 0.04453125 0.13203125
0 0.7734375 0.3578125 0.04765625 0.09140625
0 0.6796875 0.32578125 0.04140625 0.10625
0 0.73515625 0.48125 0.07890625 0.11328125
0 0.65703125 0.47734375 0.040625 0.184375
0 0.60078125 0.48125 0.0546875 0.0984375
0 0.5734375 0.3765625 0.046875 0.1171875
0 0.54453125 0.46484375 0.046875 0.15
0 0.51015625 0.48046875 0.0375 0.196875
0 0.46953125 0.5015625 0.0578125 0.175
0 0.5046875 0.3390625 0.03046875 0.10625
0 0.53671875 0.340625 0.028125 0.0828125
0 0.47578125 0.34765625 0.0296875 0.06796875
0 0.415625 0.37109375 0.03828125 0.14453125
0 0.3140625 0.39453125 0.034375 0.1890625
0 0.25 0.50859375 0.0421875 0.18125
0 0.23125 0.36328125 0.03984375 0.121875