0 0.346875 0.73515625 0.0859375 0.25625
0 0.75625 0.30703125 0.0703125 0.2203125
0 0.71328125 0.23046875 0.0390625 0.0765625
0 0.44765625 0.19609375 0.065625 0.16875
0 0.3390625 0.1921875 0.0578125 0.096875
0 0.33125 0.28671875 0.0640625 0.1171875
0 0.36640625 0.3453125 0.065625 0.159375
0 0.11875 0.56015625 0.0921875 0.2
0 0.01640625 0.43046875 0.0328125 0.1671875
0 0.4046875 0.290625 0.0609375 0.05
0 0.4203125 0.32578125 0.0671875 0.0796875
0 0.4359375 0.384375 0.065625 0.0578125
0 0.45078125 0.4515625 0.078125 0.1125
0 0.40546875 0.46640625 0.0671875 0.2
0 0.6125 0.4578125 0.1 0.1953125
0 0.55859375 0.434375 0.05625 0.1546875
0 0.55234375 0.3515625 0.0625 0.065625
0 0.5125 0.39453125 0.05625 0.134375
0 0.5359375 0.30703125 0.0625 0.0734375
0 0.5234375 0.26875 0.0640625 0.0703125
0 0.75234375 0.62421875 0.0984375 0.2171875
0 0.68984375 0.46796875 0.059375 0.128125