0 0.934375 0.63671875 0.1015625 0.3078125
0 0.8484375 0.66875 0.090625 0.2734375
0 0.8421875 0.51171875 0.0734375 0.1765625
0 0.759375 0.52578125 0.1 0.0953125
0 0.6703125 0.528125 0.0765625 0.2625
0 0.61015625 0.4609375 0.0640625 0.2
0 0.5890625 0.56015625 0.08125 0.2546875
0 0.53125 0.61171875 0.0859375 0.265625
0 0.4703125 0.6140625 0.0859375 0.265625
0 0.41484375 0.675 0.0859375 0.303125
0 0.35859375 0.78203125 0.0703125 0.1890625
0 0.3484375 0.59140625 0.065625 0.196875
0 0.39921875 0.478125 0.065625 0.1359375
0 0.471875 0.409375 0.0578125 0.14375
0 0.50078125 0.39609375 0.05 0.1359375
1 0.53671875 0.33203125 0.0671875 0.2015625
0 0.2890625 0.58671875 0.053125 0.1515625
0 0.26640625 0.703125 0.0828125 0.2875
0 0.22734375 0.6984375 0.0859375 0.296875
0 0.1421875 0.90234375 0.08125 0.1546875