0 0.55078125 0.36328125 0.0375 0.10859375
0 0.6265625 0.3578125 0.03984375 0.12421875
0 0.93515625 0.33203125 0.03671875 0.14765625
0 0.8984375 0.28125 0.03828125 0.12578125
0 0.60234375 0.15625 0.02109375 0.09140625
0 0.6125 0.2421875 0.025 0.09921875
0 0.45234375 0.2359375 0.02890625 0.09921875
0 0.2015625 0.3546875 0.02890625 0.1484375
0 0.396875 0.3015625 0.02578125 0.0390625
0 0.49296875 0.5953125 0.04765625 0.23046875
0 0.659375 0.31796875 0.028125 0.0765625
0 0.48359375 0.35859375 0.0375 0.15390625
0 0.4125 0.37109375 0.040625 0.10703125
0 0.34453125 0.3625 0.04453125 0.11171875
0 0.3515625 0.465625 0.0484375 0.1140625
0 0.2671875 0.38125 0.05703125 0.13203125
0 0.30078125 0.3265625 0.034375 0.08046875
0 0.23671875 0.26953125 0.03203125 0.11484375
0 0.3328125 0.165625 0.02109375 0.08359375
0 0.146875 0.27890625 0.03125 0.13125
1 0.45390625 0.09140625 0.01640625 0.0640625