0 0.6125 0.30390625 0.02109375 0.0828125
0 0.6015625 0.3609375 0.01953125 0.06953125
0 0.6078125 0.43984375 0.03359375 0.0828125
0 0.5765625 0.475 0.028125 0.03671875
0 0.565625 0.59453125 0.04296875 0.0796875
0 0.56015625 0.540625 0.02578125 0.034375
0 0.51640625 0.51328125 0.0328125 0.06328125
0 0.43046875 0.4671875 0.028125 0.0890625
0 0.49609375 0.30390625 0.0171875 0.08671875
0 0.534375 0.45234375 0.03125 0.06171875
0 0.4765625 0.63515625 0.03359375 0.0859375
0 0.44609375 0.671875 0.03125 0.0890625
0 0.53359375 0.66328125 0.03359375 0.11328125
0 0.66640625 0.584375 0.025 0.1015625
0 0.67109375 0.5125 0.01953125 0.06484375
0 0.45078125 0.41171875 0.021875 0.09453125
0 0.49375 0.57734375 0.04140625 0.03125
0 0.57109375 0.50859375 0.0296875 0.0484375
1 0.015625 0.45625 0.025 0.11328125
1 0.18125 0.17265625 0.0234375 0.0859375
1 0.6 0.20859375 0.021875 0.084375
0 0.328125 0.51953125 0.01953125 0.10859375
0 0.41953125 0.36875 0.021875 0.0859375
0 0.4203125 0.5765625 0.03671875 0.1
0 0.540625 0.53515625 0.01171875 0.040625