0 0.6640625 0.23671875 0.03359375 0.12265625
0 0.7234375 0.4640625 0.0265625 0.134375
0 0.746875 0.43125 0.0234375 0.12890625
0 0.61875 0.25546875 0.03359375 0.11015625
0 0.51953125 0.25 0.02109375 0.1234375
0 0.490625 0.3 0.0234375 0.1296875
0 0.43046875 0.2203125 0.0234375 0.12265625
0 0.38046875 0.51015625 0.028125 0.14453125
0 0.4671875 0.6640625 0.02109375 0.153125
0 0.49765625 0.62421875 0.040625 0.08359375
0 0.60546875 0.37578125 0.0390625 0.0703125
0 0.59375 0.42890625 0.03671875 0.0609375
0 0.52890625 0.36484375 0.0328125 0.10078125
0 0.503125 0.38203125 0.02109375 0.07578125
0 0.51171875 0.45078125 0.02578125 0.1
0 0.5078125 0.5359375 0.04453125 0.084375
0 0.56796875 0.45546875 0.040625 0.040625
0 0.59296875 0.51953125 0.0328125 0.078125
0 0.58046875 0.578125 0.04375 0.06015625
0 0.60859375 0.653125 0.03515625 0.13359375
0 0.17265625 0.4515625 0.02265625 0.14296875
0 0.5703125 0.49765625 0.0140625 0.046875