0 0.26328125 0.26796875 0.0578125 0.125
0 0.09296875 0.50078125 0.059375 0.1203125
0 0.30078125 0.35234375 0.0484375 0.0453125
0 0.30546875 0.37734375 0.05 0.04375
0 0.328125 0.40859375 0.0296875 0.053125
0 0.3078125 0.4421875 0.0453125 0.084375
0 0.3484375 0.43671875 0.0546875 0.05625
0 0.3359375 0.47421875 0.053125 0.053125
0 0.35 0.50390625 0.0546875 0.0578125
0 0.37265625 0.54921875 0.05 0.0859375
0 0.34453125 0.6125 0.0671875 0.15
0 0.4546875 0.52578125 0.0578125 0.0984375
0 0.41484375 0.48046875 0.053125 0.0703125
0 0.409375 0.41875 0.0515625 0.0625
0 0.4 0.3703125 0.0453125 0.05625
0 0.3890625 0.32734375 0.046875 0.0625
0 0.39375 0.2796875 0.0484375 0.1
0 0.58828125 0.4203125 0.0609375 0.134375
0 0.59609375 0.36953125 0.0546875 0.1234375
0 0.6890625 0.57265625 0.05625 0.1484375
0 0.64140625 0.1625 0.046875 0.115625
0 0.9125 0.34765625 0.0546875 0.1515625