0 0.67890625 0.6015625 0.16875 0.39375
0 0.5421875 0.63125 0.15 0.3984375
0 0.2265625 0.7609375 0.171875 0.3859375
0 0.3359375 0.67890625 0.125 0.234375
0 0.40234375 0.48203125 0.13125 0.259375
0 0.2390625 0.25703125 0.1453125 0.36875
1 0.72578125 0.14296875 0.0984375 0.215625
0 0.55625 0.3296875 0.084375 0.1828125
0 0.48984375 0.58515625 0.159375 0.4140625
0 0.396875 0.36796875 0.1109375 0.1890625
0 0.2953125 0.475 0.1296875 0.240625
0 0.125 0.321875 0.15 0.4296875
0 0.10078125 0.20078125 0.1375 0.3734375