0 0.0359375 0.63359375 0.071875 0.3078125
0 0.03359375 0.4609375 0.059375 0.1625
0 0.0734375 0.36953125 0.0453125 0.2171875
1 0.1625 0.3890625 0.06875 0.290625
0 0.24921875 0.2921875 0.0609375 0.2890625
0 0.546875 0.20234375 0.053125 0.278125
0 0.6859375 0.4078125 0.0671875 0.2859375
0 0.628125 0.52734375 0.075 0.2625
0 0.56328125 0.53984375 0.0546875 0.1828125
0 0.5203125 0.575 0.071875 0.2359375
0 0.46796875 0.51640625 0.084375 0.3296875
0 0.4484375 0.39375 0.0625 0.1453125
0 0.2828125 0.6921875 0.06875 0.2671875
0 0.9890625 0.35703125 0.021875 0.3140625