1 0.61953125 0.8015625 0.04453125 0.1
1 0.85546875 0.70859375 0.0359375 0.109375
1 0.840625 0.47109375 0.0328125 0.0921875
1 0.82265625 0.22578125 0.0265625 0.0765625
1 0.6453125 0.2890625 0.02890625 0.07265625
1 0.64296875 0.15390625 0.03671875 0.07421875
1 0.62578125 0.61875 0.04296875 0.1015625
1 0.15390625 0.8390625 0.03828125 0.0875
1 0.17265625 0.759375 0.040625 0.08828125
1 0.20234375 0.65859375 0.04296875 0.08828125
1 0.2140625 0.56640625 0.0359375 0.078125
1 0.228125 0.515625 0.0296875 0.08359375
1 0.1 0.41953125 0.03359375 0.103125
1 0.25859375 0.34921875 0.04609375 0.0796875
1 0.27109375 0.29609375 0.03671875 0.06640625
1 0.2859375 0.25703125 0.02734375 0.08203125
1 0.29453125 0.16640625 0.03125 0.08046875
1 0.29296875 0.20234375 0.0234375 0.06640625
0 0.275 0.47265625 0.01484375 0.0234375