1 0.2171875 0.50234375 0.075 0.20703125
1 0.40625 0.61640625 0.06328125 0.21171875
1 0.6046875 0.5328125 0.06796875 0.22578125
1 0.9359375 0.46796875 0.075 0.21328125
1 0.33203125 0.403125 0.04375 0.19375
1 0.3671875 0.41484375 0.04296875 0.1953125
1 0.4859375 0.48671875 0.0640625 0.20859375
1 0.7703125 0.06484375 0.04609375 0.11328125
1 0.80234375 0.0765625 0.05703125 0.14453125
1 0.51171875 0.4875 0.05859375 0.21640625
1 0.55859375 0.440625 0.0484375 0.17734375
1 0.440625 0.41640625 0.05078125 0.1953125
0 0.22578125 0.46875 0.0140625 0.025
1 0.384375 0.57890625 0.0703125 0.2
1 0.54140625 0.4703125 0.071875 0.16796875