1 0.415625 0.559375 0.05625 0.1515625
1 0.37890625 0.5046875 0.0640625 0.16171875
1 0.23671875 0.55078125 0.05 0.19296875
1 0.06015625 0.490625 0.0359375 0.165625
1 0.05234375 0.43125 0.05 0.14765625
1 0.5046875 0.42109375 0.03046875 0.1578125
1 0.53125 0.46484375 0.0234375 0.1515625
1 0.56015625 0.41640625 0.02265625 0.11875
1 0.57890625 0.50078125 0.025 0.17265625
1 0.64609375 0.621875 0.03359375 0.18828125
1 0.98359375 0.4984375 0.0328125 0.14375
1 0.678125 0.3703125 0.04296875 0.15625
1 0.63046875 0.43359375 0.0359375 0.10703125
1 0.60078125 0.42890625 0.015625 0.11328125