1 0.7375 0.653125 0.07109375 0.14765625
1 0.16875 0.3203125 0.0578125 0.13671875
1 0.3375 0.38046875 0.05234375 0.128125
1 0.57578125 0.61796875 0.05703125 0.13203125
1 0.7390625 0.4375 0.05859375 0.14453125
1 0.65546875 0.22421875 0.06328125 0.12421875
1 0.578125 0.8109375 0.0734375 0.090625
1 0.6109375 0.08046875 0.03828125 0.11171875
1 0.29765625 0.24765625 0.0609375 0.1328125
1 0.2640625 0.39765625 0.05859375 0.125
1 0.39765625 0.33046875 0.05546875 0.1703125
1 0.34140625 0.3046875 0.04140625 0.1125
1 0.29453125 0.4171875 0.04140625 0.159375
1 0.92578125 0.2234375 0.03828125 0.1125
1 0.34375 0.2546875 0.0265625 0.07890625
1 0.58046875 0.08359375 0.046875 0.11640625
1 0.6765625 0.29296875 0.04140625 0.11953125
1 0.5734375 0.01953125 0.04921875 0.0375
0 0.178125 0.2984375 0.00859375 0.0265625