1 0.66640625 0.2703125 0.04609375 0.1296875
1 0.621875 0.48828125 0.0703125 0.1546875
1 0.40625 0.44140625 0.06328125 0.146875
1 0.9796875 0.49375 0.040625 0.1609375
1 0.559375 0.63515625 0.05078125 0.16640625
1 0.53203125 0.55078125 0.03203125 0.128125
1 0.97578125 0.68359375 0.0484375 0.16171875
1 0.3890625 0.34609375 0.05078125 0.146875
1 0.5390625 0.4484375 0.0359375 0.15
1 0.49375 0.434375 0.05390625 0.12421875
1 0.24921875 0.4359375 0.05703125 0.13125
1 0.4578125 0.39296875 0.03828125 0.15390625
1 0.27109375 0.42109375 0.04765625 0.14375
1 0.4859375 0.540625 0.0484375 0.1328125
1 0.4421875 0.39375 0.040625 0.1578125
1 0.49140625 0.36796875 0.0359375 0.08828125
1 0.603125 0.4109375 0.03671875 0.11875
1 0.44140625 0.3421875 0.03671875 0.0765625