1 0.63828125 0.4078125 0.04921875 0.1125
1 0.39296875 0.7640625 0.0546875 0.1296875
1 0.54453125 0.10234375 0.040625 0.10390625
1 0.71171875 0.3078125 0.0296875 0.12265625
1 0.56875 0.4265625 0.0546875 0.07734375
1 0.71015625 0.76875 0.03671875 0.13515625
1 0.47109375 0.4671875 0.04140625 0.10546875
1 0.5359375 0.2953125 0.0359375 0.1015625
1 0.53828125 0.20234375 0.0421875 0.09609375
1 0.55 0.50390625 0.03828125 0.128125
1 0.7140625 0.578125 0.02734375 0.121875
1 0.5046875 0.33671875 0.0421875 0.06796875
1 0.471875 0.55859375 0.0359375 0.1046875
1 0.3890625 0.38828125 0.04921875 0.1171875
1 0.575 0.371875 0.05234375 0.0765625
1 0.7875 0.11640625 0.03125 0.103125
1 0.52109375 0.41484375 0.04296875 0.1015625
1 0.603125 0.21484375 0.02265625 0.1046875
1 0.503125 0.36796875 0.04375 0.05390625
1 0.484375 0.41640625 0.03671875 0.0703125