1 0.659375 0.30703125 0.03984375 0.1484375
1 0.66015625 0.27734375 0.02734375 0.14453125
1 0.6015625 0.49296875 0.06328125 0.14921875
1 0.659375 0.71484375 0.0796875 0.17890625
1 0.36484375 0.70234375 0.04453125 0.1984375
1 0.303125 0.46875 0.04296875 0.17890625
1 0.25625 0.34609375 0.0390625 0.1359375
1 0.1703125 0.14921875 0.03125 0.11640625
1 0.49375 0.153125 0.04765625 0.11640625
1 0.4390625 0.4203125 0.06015625 0.15078125
1 0.53046875 0.4234375 0.04921875 0.10078125
1 0.4296875 0.3828125 0.05859375 0.09921875
1 0.425 0.33984375 0.0625 0.09765625
1 0.4421875 0.31015625 0.053125 0.0859375
1 0.4328125 0.24921875 0.05078125 0.12265625
1 0.5328125 0.26484375 0.04140625 0.059375
1 0.5234375 0.29296875 0.04453125 0.0703125
1 0.49296875 0.340625 0.0296875 0.07265625
1 0.5234375 0.3609375 0.04296875 0.0796875
1 0.52734375 0.3328125 0.0484375 0.0671875
0 0.47890625 0.3703125 0.01171875 0.01875