1 0.209375 0.246875 0.084375 0.25390625
1 0.25390625 0.42890625 0.0890625 0.31171875
1 0.09453125 0.1234375 0.11171875 0.246875
1 0.61328125 0.57109375 0.13046875 0.4015625
1 0.41875 0.57421875 0.1 0.39296875
1 0.52265625 0.2734375 0.078125 0.3375
0 0.60703125 0.5140625 0.02890625 0.040625
1 0.61015625 0.11015625 0.103125 0.21953125
1 0.32265625 0.109375 0.07734375 0.21796875
1 0.234375 0.10234375 0.08515625 0.2046875
1 0.440625 0.10703125 0.05 0.2140625
1 0.4046875 0.07109375 0.078125 0.1421875