1 0.19140625 0.52421875 0.11015625 0.25625
1 0.3359375 0.6859375 0.08125 0.27109375
1 0.2828125 0.509375 0.075 0.23671875
1 0.4796875 0.39765625 0.05703125 0.19921875
1 0.51015625 0.34609375 0.053125 0.19296875
1 0.4453125 0.546875 0.0546875 0.18515625
1 0.48046875 0.5984375 0.075 0.2203125
1 0.55546875 0.54921875 0.05078125 0.2265625
1 0.60546875 0.64453125 0.05078125 0.22109375
1 0.640625 0.534375 0.0796875 0.16015625
1 0.75234375 0.6796875 0.0640625 0.22890625
1 0.95 0.59765625 0.0765625 0.18515625
1 0.78828125 0.55546875 0.046875 0.24375
1 0.51953125 0.515625 0.03671875 0.18515625