1 0.43515625 0.6015625 0.0734375 0.18515625
1 0.88203125 0.4203125 0.0390625 0.1890625
1 0.7359375 0.4890625 0.06328125 0.1359375
1 0.5703125 0.28828125 0.04296875 0.16640625
1 0.23046875 0.50078125 0.0515625 0.12265625
1 0.25625 0.2984375 0.0359375 0.11796875
1 0.66171875 0.45859375 0.04765625 0.1625
1 0.6296875 0.42265625 0.03671875 0.12265625
1 0.3046875 0.62734375 0.05859375 0.17421875
1 0.334375 0.5796875 0.046875 0.15859375
1 0.3640625 0.39609375 0.0484375 0.15234375
1 0.325 0.41328125 0.0765625 0.16796875
1 0.17890625 0.51796875 0.08125 0.15703125
0 0.50625 0.52421875 0.01484375 0.025