1 0.88046875 0.4890625 0.04140625 0.15234375
1 0.56953125 0.103125 0.0546875 0.11875
1 0.634375 0.2015625 0.0484375 0.14921875
1 0.33515625 0.10546875 0.0453125 0.09921875
1 0.3625 0.58125 0.04296875 0.146875
1 0.35546875 0.46796875 0.0359375 0.153125
1 0.3734375 0.3515625 0.0359375 0.09765625
1 0.48203125 0.7375 0.05078125 0.1546875
1 0.4953125 0.63125 0.07734375 0.0953125
1 0.48984375 0.53359375 0.06953125 0.09921875
1 0.49375 0.45625 0.0703125 0.0953125
1 0.48984375 0.39921875 0.06875 0.06875
1 0.59296875 0.7 0.06484375 0.1640625
1 0.603125 0.565625 0.0640625 0.12578125
1 0.61015625 0.30859375 0.05703125 0.13359375
0 0.53671875 0.53984375 0.0109375 0.02109375
1 0.58984375 0.403125 0.04765625 0.07421875
1 0.60546875 0.46484375 0.0375 0.078125
1 0.56171875 0.51484375 0.04765625 0.103125
1 0.43984375 0.2171875 0.03203125 0.1296875