1 0.73359375 0.68984375 0.0703125 0.1796875
1 0.4109375 0.50078125 0.078125 0.18203125
1 0.590625 0.328125 0.0625 0.1890625
1 0.4015625 0.17578125 0.07109375 0.16875
1 0.7859375 0.7578125 0.05625 0.20078125
1 0.5234375 0.25703125 0.05703125 0.15234375
1 0.6484375 0.2125 0.04375 0.14140625
1 0.56640625 0.16171875 0.03671875 0.1359375
1 0.60234375 0.19609375 0.046875 0.128125
1 0.634375 0.25859375 0.04140625 0.11640625
0 0.409375 0.48359375 0.01484375 0.03125
1 0.66953125 0.14921875 0.03046875 0.14140625