1 0.69375 0.50625 0.0453125 0.11796875
1 0.72734375 0.715625 0.06015625 0.13359375
1 0.5421875 0.53515625 0.0609375 0.10546875
1 0.48359375 0.25625 0.0515625 0.12734375
1 0.75546875 0.296875 0.0328125 0.1265625
1 0.27734375 0.49296875 0.0359375 0.1328125
1 0.578125 0.3640625 0.06171875 0.09921875
1 0.55859375 0.46015625 0.06640625 0.0953125
1 0.53046875 0.6140625 0.0671875 0.09296875
1 0.6546875 0.58671875 0.0421875 0.134375
1 0.33125 0.43828125 0.05 0.14375
1 0.40234375 0.59609375 0.05390625 0.09296875
1 0.72265625 0.4421875 0.0390625 0.12890625
1 0.5578125 0.1390625 0.0515625 0.11171875
1 0.77890625 0.14296875 0.03359375 0.10546875
1 0.47578125 0.38671875 0.0453125 0.0828125
1 0.48515625 0.42890625 0.05390625 0.065625
1 0.45625 0.515625 0.046875 0.0796875
1 0.43359375 0.5703125 0.04765625 0.08828125
1 0.496875 0.4625 0.0453125 0.08515625