1 0.59375 0.80625 0.084375 0.16328125
1 0.8234375 0.5296875 0.03671875 0.17265625
1 0.23125 0.6984375 0.07578125 0.16328125
1 0.3484375 0.60546875 0.053125 0.1875
1 0.7578125 0.5390625 0.046875 0.1953125
1 0.38125 0.703125 0.04453125 0.18984375
1 0.19609375 0.61640625 0.08515625 0.11796875
1 0.425 0.56796875 0.046875 0.15546875
1 0.51953125 0.8015625 0.06640625 0.1546875
1 0.40390625 0.5 0.0484375 0.14375
1 0.87109375 0.80390625 0.05625 0.159375
1 0.32890625 0.7921875 0.05625 0.17890625
1 0.27421875 0.36171875 0.05546875 0.15625
1 0.78203125 0.2328125 0.05546875 0.125
1 0.46484375 0.396875 0.0484375 0.11796875
1 0.74140625 0.2359375 0.03828125 0.15703125
1 0.84296875 0.5109375 0.04140625 0.13046875
1 0.52265625 0.971875 0.06328125 0.05625
1 0.24765625 0.9234375 0.03671875 0.153125
0 0.42109375 0.478125 0.00859375 0.0234375