1 0.41015625 0.584375 0.065625 0.33203125
1 0.53359375 0.40859375 0.0359375 0.14296875
1 0.61953125 0.3625 0.03984375 0.08984375
1 0.565625 0.415625 0.02734375 0.10546875
1 0.578125 0.3921875 0.01875 0.0625
1 0.51015625 0.396875 0.0234375 0.0875
1 0.48046875 0.36328125 0.0234375 0.08046875
1 0.484375 0.40703125 0.03203125 0.06875
1 0.46015625 0.4015625 0.02109375 0.09140625
1 0.4390625 0.3984375 0.01953125 0.09375
1 0.39921875 0.40234375 0.02890625 0.1109375
1 0.34140625 0.3640625 0.02421875 0.09375
1 0.23046875 0.36640625 0.01953125 0.05546875
1 0.115625 0.4 0.0390625 0.07265625
0 0.48203125 0.421875 0.00625 0.01640625