0 0.3765625 0.41875 0.01171875 0.0171875
1 0.75 0.1328125 0.02734375 0.09921875
1 0.48125 0.15859375 0.03984375 0.0875
1 0.2890625 0.19140625 0.04140625 0.1015625
1 0.28515625 0.2828125 0.0484375 0.10078125
1 0.21484375 0.38203125 0.05625 0.12734375
1 0.3875 0.74375 0.0625 0.1390625
1 0.81015625 0.834375 0.05 0.1453125
1 0.4609375 0.48515625 0.06953125 0.08203125
1 0.446875 0.36875 0.0546875 0.12265625
1 0.40078125 0.303125 0.046875 0.10546875
1 0.3859375 0.596875 0.05625 0.1375
1 0.37734375 0.490625 0.046875 0.13515625
1 0.3390625 0.44140625 0.0484375 0.11796875
1 0.3359375 0.4 0.0359375 0.078125
1 0.36328125 0.38125 0.021875 0.05703125
1 0.32265625 0.3671875 0.04140625 0.0859375
1 0.309375 0.346875 0.0390625 0.08359375