0 0.47890625 0.4453125 0.05078125 0.1484375
0 0.4234375 0.45390625 0.05234375 0.18515625
0 0.35078125 0.64453125 0.05703125 0.20078125
0 0.334375 0.42421875 0.0515625 0.19453125
0 0.27734375 0.4296875 0.05390625 0.178125
0 0.346875 0.23671875 0.0421875 0.1640625
0 0.41015625 0.23046875 0.04375 0.1609375
0 0.43984375 0.17890625 0.03046875 0.165625
0 0.4765625 0.14296875 0.04921875 0.1421875
0 0.553125 0.22578125 0.05078125 0.14140625
0 0.36484375 0.12890625 0.03046875 0.0828125
0 0.1203125 0.2875 0.04140625 0.1609375
0 0.13515625 0.53359375 0.0453125 0.159375
0 0.7484375 0.46328125 0.06171875 0.165625