0 0.2328125 0.5921875 0.0703125 0.215625
0 0.30078125 0.59765625 0.0734375 0.26875
0 0.3484375 0.5484375 0.0390625 0.1265625
0 0.3734375 0.57578125 0.0515625 0.1953125
0 0.4859375 0.58046875 0.0671875 0.2046875
0 0.56015625 0.56875 0.0625 0.228125
0 0.62109375 0.5859375 0.0671875 0.2
0 0.82734375 0.55390625 0.078125 0.2140625
0 0.96484375 0.48671875 0.05625 0.1625
1 0.08984375 0.628125 0.090625 0.2953125
1 0.41640625 0.60625 0.1 0.35625
1 0.9234375 0.4921875 0.0484375 0.1359375
0 0.6609375 0.56796875 0.0546875 0.2046875