0 0.325 0.25859375 0.065625 0.19375
0 0.38984375 0.48671875 0.05625 0.2015625
0 0.4640625 0.51015625 0.065625 0.1671875
0 0.52265625 0.53359375 0.0828125 0.1875
0 0.54921875 0.41640625 0.0609375 0.2046875
0 0.6 0.37109375 0.075 0.1953125
0 0.490625 0.31875 0.0515625 0.165625
0 0.4546875 0.34296875 0.0546875 0.16875
0 0.9 0.55625 0.078125 0.20625
0 0.9140625 0.41015625 0.0671875 0.20625
0 0.81875 0.25234375 0.06875 0.1734375
0 0.87421875 0.23515625 0.0609375 0.1390625
0 0.1703125 0.44375 0.09375 0.2203125