0 0.27890625 0.44453125 0.046875 0.140625
0 0.3578125 0.39765625 0.04453125 0.165625
0 0.31875 0.38125 0.04921875 0.1296875
0 0.290625 0.259375 0.046875 0.14375
0 0.3203125 0.2828125 0.03984375 0.09921875
0 0.36171875 0.27734375 0.0375 0.0640625
0 0.565625 0.153125 0.0359375 0.1578125
0 0.70859375 0.24765625 0.03828125 0.1390625
0 0.72890625 0.28203125 0.04140625 0.13359375
0 0.834375 0.434375 0.04296875 0.10234375
0 0.8234375 0.5703125 0.04140625 0.1640625
0 0.8140625 0.83515625 0.05625 0.1578125
0 0.20078125 0.33671875 0.03671875 0.165625