0 0.24453125 0.6125 0.0640625 0.1421875
0 0.340625 0.6 0.0546875 0.1375
0 0.425 0.56953125 0.0671875 0.15
0 0.35625 0.4890625 0.0625 0.15
0 0.45546875 0.4484375 0.05625 0.146875
0 0.3328125 0.375 0.0453125 0.1015625
0 0.37578125 0.35234375 0.0390625 0.075
0 0.39140625 0.4625 0.046875 0.109375
0 0.4140625 0.28984375 0.0453125 0.1265625
0 0.6265625 0.22265625 0.046875 0.115625
0 0.65703125 0.22109375 0.0453125 0.1171875
0 0.64453125 0.1140625 0.0453125 0.10625
0 0.71875 0.1015625 0.04375 0.1
0 0.7796875 0.303125 0.0578125 0.13125
0 0.76015625 0.5234375 0.05 0.1375
0 0.74140625 0.6 0.071875 0.1453125
0 0.84140625 0.6953125 0.059375 0.159375
0 0.209375 0.46796875 0.0796875 0.15625
0 0.39453125 0.4046875 0.0265625 0.0578125
1 0.51953125 0.0328125 0.0328125 0.065625