0 0.24609375 0.4109375 0.04609375 0.14375
0 0.34921875 0.53671875 0.04296875 0.11484375
0 0.36796875 0.58828125 0.05859375 0.1375
0 0.45625 0.5703125 0.05625 0.109375
0 0.45859375 0.48984375 0.04140625 0.0703125
0 0.46640625 0.41171875 0.05546875 0.0859375
0 0.48984375 0.3515625 0.059375 0.0703125
0 0.60546875 0.48671875 0.03125 0.140625
0 0.3859375 0.35546875 0.0453125 0.09296875
0 0.41015625 0.4328125 0.0265625 0.11953125
0 0.39375 0.38046875 0.0375 0.06484375
0 0.378125 0.4609375 0.03984375 0.04453125
0 0.37578125 0.42734375 0.03359375 0.04296875
0 0.39765625 0.22265625 0.040625 0.1203125
0 0.43828125 0.11640625 0.03203125 0.11484375
0 0.525 0.240625 0.0328125 0.10625
0 0.6515625 0.390625 0.0359375 0.1234375
0 0.88828125 0.571875 0.04296875 0.134375
0 0.66875 0.66796875 0.0359375 0.1515625
0 0.6859375 0.12578125 0.02578125 0.10859375
0 0.2515625 0.34921875 0.03671875 0.0703125