0 0.68125 0.48828125 0.0546875 0.128125
0 0.68828125 0.43125 0.046875 0.053125
0 0.59609375 0.36953125 0.05 0.1046875
0 0.5671875 0.51015625 0.05625 0.115625
0 0.58203125 0.44609375 0.046875 0.065625
0 0.57890625 0.63671875 0.059375 0.1390625
0 0.45859375 0.61875 0.0578125 0.1453125
0 0.8109375 0.47734375 0.053125 0.1484375
0 0.859375 0.43203125 0.0578125 0.159375
0 0.82109375 0.246875 0.053125 0.115625
0 0.7796875 0.26640625 0.053125 0.115625
0 0.7390625 0.328125 0.0515625 0.0671875
0 0.71953125 0.371875 0.0453125 0.0609375
0 0.7765625 0.409375 0.05625 0.14375
0 0.64296875 0.33046875 0.046875 0.1046875
0 0.6890625 0.2765625 0.0484375 0.1046875
0 0.70625 0.22265625 0.0375 0.04375
0 0.615625 0.18671875 0.046875 0.11875
0 0.515625 0.3625 0.05 0.1578125
0 0.11796875 0.40546875 0.05 0.146875
0 0.68125 0.3953125 0.046875 0.05625
0 0.32734375 0.23984375 0.0453125 0.14375