0 0.37734375 0.4671875 0.0359375 0.053125
0 0.371875 0.5984375 0.0515625 0.1484375
0 0.403125 0.6609375 0.0484375 0.146875
0 0.4859375 0.57421875 0.053125 0.121875
0 0.48046875 0.4796875 0.0421875 0.0640625
0 0.56953125 0.59140625 0.0421875 0.1484375
0 0.49609375 0.43515625 0.0328125 0.0734375
0 0.37265625 0.41015625 0.0453125 0.046875
0 0.36171875 0.3609375 0.0421875 0.0578125
0 0.44140625 0.41953125 0.0375 0.1265625
0 0.45703125 0.39140625 0.0296875 0.0890625
0 0.4265625 0.34609375 0.0484375 0.078125
0 0.4203125 0.2546875 0.0359375 0.1078125
0 0.3890625 0.1359375 0.0390625 0.1
0 0.30390625 0.1234375 0.040625 0.1046875
0 0.3046875 0.2578125 0.040625 0.109375
0 0.271875 0.4875 0.0390625 0.1328125
0 0.29609375 0.4328125 0.0359375 0.140625
0 0.7125 0.671875 0.0453125 0.15625
0 0.9078125 0.35 0.040625 0.13125
0 0.3953125 0.42890625 0.0375 0.0359375
0 0.3875 0.4890625 0.0375 0.0828125