0 0.38046875 0.4015625 0.05625 0.1484375
0 0.40546875 0.3234375 0.028125 0.0484375
0 0.4578125 0.3703125 0.0671875 0.146875
0 0.51328125 0.34375 0.0609375 0.1109375
0 0.55078125 0.35546875 0.059375 0.153125
0 0.5375 0.2546875 0.0546875 0.078125
0 0.496875 0.2546875 0.0515625 0.115625
0 0.39296875 0.2640625 0.0765625 0.153125
0 0.4640625 0.24609375 0.0578125 0.1125
0 0.39375 0.759375 0.0640625 0.146875
0 0.45078125 0.73125 0.0671875 0.1421875
0 0.4578125 0.8046875 0.0515625 0.0875
0 0.66953125 0.684375 0.0703125 0.1359375
0 0.6203125 0.58671875 0.078125 0.1421875
0 0.69453125 0.5015625 0.0703125 0.1609375
0 0.75 0.5484375 0.071875 0.1390625
0 0.93046875 0.42265625 0.071875 0.146875
0 0.82734375 0.2921875 0.0640625 0.128125
0 0.77734375 0.22421875 0.0609375 0.11875
1 0.14453125 0.0890625 0.0546875 0.1421875
0 0.53125 0.2796875 0.03125 0.0359375