0 0.2203125 0.4171875 0.0515625 0.1734375
0 0.203125 0.37578125 0.04375 0.15
0 0.353125 0.34765625 0.0453125 0.1171875
0 0.390625 0.35859375 0.04375 0.0921875
0 0.40703125 0.30390625 0.046875 0.071875
0 0.47734375 0.3546875 0.0390625 0.090625
0 0.4609375 0.39453125 0.0484375 0.0796875
0 0.46796875 0.50546875 0.0515625 0.153125
0 0.43203125 0.56171875 0.0515625 0.153125
0 0.328125 0.5734375 0.0484375 0.1625
0 0.32734375 0.6953125 0.059375 0.171875
0 0.3984375 0.72109375 0.0609375 0.146875
0 0.36875 0.496875 0.0609375 0.15625
0 0.40703125 0.4875 0.0484375 0.1484375
0 0.40234375 0.40078125 0.0453125 0.06875
0 0.56328125 0.565625 0.06875 0.1546875
0 0.62734375 0.45703125 0.046875 0.1609375
0 0.60078125 0.3796875 0.0640625 0.1578125
0 0.60859375 0.30703125 0.040625 0.0828125
0 0.5703125 0.2234375 0.0546875 0.11875
0 0.4859375 0.2015625 0.0578125 0.1296875
0 0.9078125 0.5859375 0.0484375 0.1609375