1 0.33203125 0.12734375 0.0421875 0.10625
0 0.334375 0.23203125 0.0515625 0.1265625
0 0.4171875 0.2078125 0.053125 0.1203125
0 0.40703125 0.2859375 0.046875 0.0359375
0 0.425 0.31171875 0.053125 0.0359375
0 0.43203125 0.39296875 0.0546875 0.1453125
0 0.47578125 0.4703125 0.0734375 0.10625
0 0.546875 0.39609375 0.065625 0.128125
0 0.49765625 0.3625 0.0484375 0.103125
0 0.53359375 0.3359375 0.0546875 0.0671875
0 0.453125 0.371875 0.0328125 0.0890625
0 0.51484375 0.30234375 0.0484375 0.05625
0 0.50390625 0.26640625 0.04375 0.04375
0 0.6875 0.303125 0.0609375 0.159375
0 0.65703125 0.26875 0.0453125 0.14375
0 0.6765625 0.44375 0.053125 0.175
0 0.6109375 0.4765625 0.0625 0.171875
0 0.6296875 0.68359375 0.0796875 0.1640625
0 0.78515625 0.64375 0.0796875 0.19375
0 0.40625 0.53671875 0.0609375 0.171875
0 0.296875 0.5515625 0.06875 0.1734375
0 0.1328125 0.3828125 0.0515625 0.146875