1 0.17421875 0.21875 0.0484375 0.1234375
0 0.1296875 0.446875 0.0515625 0.140625
0 0.11328125 0.4640625 0.0578125 0.1640625
0 0.20859375 0.30390625 0.0609375 0.1109375
0 0.29140625 0.26640625 0.0484375 0.096875
0 0.3015625 0.3515625 0.05625 0.1125
0 0.2390625 0.3828125 0.059375 0.0671875
0 0.26015625 0.409375 0.0546875 0.0671875
0 0.30703125 0.446875 0.0578125 0.0984375
0 0.28125 0.47109375 0.0703125 0.1203125
0 0.365625 0.3328125 0.0390625 0.078125
0 0.371875 0.37890625 0.053125 0.1046875
0 0.5515625 0.5671875 0.071875 0.171875
0 0.52734375 0.625 0.0671875 0.1828125
0 0.371875 0.64375 0.071875 0.153125
0 0.3609375 0.5546875 0.053125 0.0921875
0 0.30546875 0.61796875 0.065625 0.171875
0 0.39453125 0.478125 0.0671875 0.140625
0 0.3421875 0.31328125 0.025 0.046875
0 0.3734375 0.48046875 0.040625 0.0765625
0 0.71640625 0.478125 0.071875 0.1734375
0 0.80078125 0.21796875 0.0609375 0.15625