1 0.5984375 0.1328125 0.03203125 0.22109375
0 0.89609375 0.428125 0.0671875 0.2359375
0 0.6375 0.290625 0.05078125 0.1796875
0 0.48203125 0.2375 0.0390625 0.12890625
0 0.4390625 0.27109375 0.04375 0.2125
0 0.39609375 0.37890625 0.0390625 0.2375
0 0.4796875 0.41484375 0.03984375 0.2140625
0 0.53984375 0.67890625 0.04921875 0.3171875
0 0.70390625 0.76328125 0.0546875 0.1765625
0 0.771875 0.7390625 0.0484375 0.20703125
0 0.46484375 0.67890625 0.05859375 0.303125
0 0.3234375 0.74921875 0.0328125 0.1859375
0 0.2796875 0.75546875 0.04609375 0.1921875
0 0.31484375 0.55625 0.059375 0.19140625
0 0.21171875 0.52421875 0.0515625 0.253125