1 0.5359375 0.40859375 0.0296875 0.0828125
1 0.49296875 0.41953125 0.0265625 0.0640625
0 0.4515625 0.6234375 0.0703125 0.2265625
0 0.58359375 0.5953125 0.075 0.1265625
0 0.71796875 0.46171875 0.0359375 0.0734375
0 0.69140625 0.4640625 0.0375 0.071875
0 0.6546875 0.484375 0.04375 0.0984375
0 0.38671875 0.50078125 0.040625 0.0734375
0 0.43046875 0.48359375 0.0328125 0.05
0 0.4546875 0.484375 0.03125 0.059375
0 0.48125 0.496875 0.0390625 0.0875
0 0.51484375 0.496875 0.0390625 0.0734375
0 0.5453125 0.4890625 0.0390625 0.0625
0 0.578125 0.48515625 0.0359375 0.0734375
0 0.60625 0.4796875 0.034375 0.071875
0 0.63203125 0.48359375 0.0296875 0.06875
0 0.58125 0.40546875 0.0296875 0.0578125