1 0.50625 0.05625 0.01796875 0.0921875
0 0.18828125 0.70078125 0.0296875 0.15234375
0 0.2359375 0.675 0.0328125 0.146875
0 0.19140625 0.421875 0.03046875 0.10625
0 0.2171875 0.35546875 0.028125 0.1234375
0 0.39765625 0.140625 0.021875 0.10546875
0 0.53515625 0.1765625 0.0234375 0.1125
0 0.49140625 0.240625 0.034375 0.1
0 0.45390625 0.30625 0.05 0.07265625
0 0.5390625 0.34140625 0.034375 0.10703125
0 0.5125 0.4140625 0.03515625 0.11796875
0 0.4359375 0.38046875 0.04921875 0.08359375
0 0.4125 0.45390625 0.0578125 0.08203125
0 0.38046875 0.53125 0.05 0.09140625
0 0.4765625 0.72890625 0.03828125 0.12421875
0 0.3453125 0.71171875 0.040625 0.1421875
0 0.4046875 0.23125 0.02265625 0.109375
0 0.36171875 0.30546875 0.0375 0.0390625
0 0.3546875 0.33671875 0.03828125 0.04609375
0 0.3640625 0.39375 0.03671875 0.08203125
0 0.33984375 0.42265625 0.03046875 0.08359375
0 0.309375 0.44765625 0.04140625 0.090625
0 0.97734375 0.4671875 0.025 0.1375