0 0.70390625 0.24921875 0.0625 0.1421875
0 0.475 0.3 0.0546875 0.053125
0 0.45546875 0.40078125 0.0734375 0.1609375
0 0.47734375 0.25078125 0.053125 0.071875
0 0.32109375 0.35703125 0.0578125 0.165625
0 0.31171875 0.290625 0.059375 0.1640625
0 0.46328125 0.6171875 0.084375 0.175
0 0.44140625 0.5015625 0.078125 0.1578125
0 0.4703125 0.2140625 0.071875 0.115625
0 0.41875 0.1875 0.0671875 0.1484375
0 0.58984375 0.2171875 0.053125 0.1296875
0 0.71953125 0.36875 0.05625 0.1296875
0 0.69921875 0.51484375 0.065625 0.1578125
0 0.56796875 0.5171875 0.0625 0.1609375
0 0.559375 0.44921875 0.05 0.16875
0 0.58046875 0.33828125 0.0578125 0.0625
0 0.578125 0.29453125 0.05625 0.06875
0 0.865625 0.4171875 0.0765625 0.1703125
0 0.503125 0.33046875 0.0390625 0.0546875
0 0.58359375 0.165625 0.028125 0.06875