1 0.50390625 0.03984375 0.0453125 0.0796875
0 0.64765625 0.79375 0.0515625 0.1
0 0.5734375 0.7875 0.0578125 0.11875
0 0.8125 0.428125 0.0546875 0.11875
0 0.7125 0.40859375 0.0421875 0.0953125
0 0.6765625 0.496875 0.05625 0.1265625
0 0.65703125 0.45390625 0.0484375 0.0921875
0 0.63828125 0.43046875 0.0421875 0.084375
0 0.63046875 0.36796875 0.040625 0.08125
0 0.65078125 0.30625 0.0359375 0.05
0 0.628125 0.28125 0.0453125 0.084375
0 0.59765625 0.28359375 0.0359375 0.090625
0 0.6 0.31796875 0.04375 0.096875
0 0.59765625 0.38125 0.0578125 0.1125
0 0.603125 0.4546875 0.0546875 0.115625
0 0.6015625 0.52578125 0.0625 0.134375
0 0.61484375 0.53203125 0.05 0.0890625
0 0.6359375 0.56796875 0.0546875 0.1328125
0 0.3796875 0.29765625 0.0609375 0.125
0 0.384375 0.4234375 0.059375 0.121875
0 0.2609375 0.6796875 0.0609375 0.134375
0 0.0296875 0.3578125 0.05 0.1296875
0 0.5546875 0.65703125 0.06875 0.1109375