0 0.0890625 0.496875 0.178125 0.41875
0 0.22109375 0.43125 0.190625 0.434375
0 0.1890625 0.2734375 0.14375 0.275
0 0.35703125 0.40078125 0.184375 0.40625
0 0.4984375 0.5328125 0.1859375 0.4265625
0 0.6859375 0.4046875 0.146875 0.296875
0 0.64296875 0.2484375 0.1484375 0.290625
0 0.80546875 0.38125 0.1921875 0.440625
0 0.9453125 0.61015625 0.109375 0.4703125
0 0.42578125 0.9109375 0.1203125 0.178125
0 0.51328125 0.90625 0.1109375 0.1875
0 0.46640625 0.31015625 0.1390625 0.16875
0 0.6 0.4609375 0.165625 0.1453125
0 0.65390625 0.5171875 0.1671875 0.4359375