1 0.60390625 0.79453125 0.08125 0.1828125
1 0.31953125 0.70546875 0.065625 0.165625
0 0.70390625 0.64140625 0.0734375 0.128125
0 0.653125 0.62890625 0.0578125 0.1125
0 0.615625 0.62265625 0.0625 0.115625
0 0.57890625 0.609375 0.0671875 0.1328125
0 0.4859375 0.6453125 0.0734375 0.15625
0 0.5171875 0.57890625 0.0453125 0.0921875
0 0.5421875 0.59140625 0.0515625 0.11875
0 0.40234375 0.5734375 0.065625 0.1375
0 0.23203125 0.5171875 0.08125 0.1359375
0 0.2921875 0.5453125 0.0546875 0.109375
0 0.33671875 0.55234375 0.065625 0.13125
0 0.45078125 0.51484375 0.0578125 0.1046875
0 0.49296875 0.5171875 0.0484375 0.0875
0 0.53203125 0.5109375 0.046875 0.0828125
0 0.56953125 0.515625 0.0421875 0.078125
0 0.61015625 0.5265625 0.0578125 0.0765625
0 0.425 0.48046875 0.05 0.0765625
0 0.64453125 0.484375 0.071875 0.1109375
0 0.53359375 0.30390625 0.06875 0.109375
0 0.64375 0.225 0.06875 0.15