1 0.4078125 0.57265625 0.0546875 0.15078125
1 0.5609375 0.6 0.04453125 0.16015625
1 0.88671875 0.53515625 0.03203125 0.1625
1 0.71796875 0.43203125 0.02578125 0.1546875
1 0.74453125 0.36796875 0.0296875 0.13515625
1 0.725 0.27578125 0.02421875 0.12265625
1 0.85625 0.228125 0.03515625 0.12265625
1 0.23671875 0.375 0.034375 0.12265625
1 0.57578125 0.2625 0.040625 0.11484375
1 0.53828125 0.2828125 0.0359375 0.1296875
1 0.53515625 0.23515625 0.034375 0.13203125
1 0.61484375 0.35546875 0.06328125 0.09296875
1 0.5921875 0.40390625 0.053125 0.078125
1 0.56953125 0.44921875 0.05625 0.09921875
1 0.53046875 0.5375 0.040625 0.10703125
1 0.4515625 0.47578125 0.04609375 0.12265625
1 0.4796875 0.459375 0.03359375 0.09765625
1 0.47890625 0.3828125 0.0359375 0.078125
1 0.5171875 0.4328125 0.04453125 0.09765625
1 0.50859375 0.35625 0.040625 0.06484375
1 0.509375 0.38203125 0.03671875 0.0453125
0 0.53359375 0.46640625 0.01640625 0.02265625