1 0.7953125 0.56796875 0.0296875 0.09140625
1 0.81171875 0.49921875 0.0375 0.1
1 0.7828125 0.25234375 0.03515625 0.09375
1 0.81953125 0.16171875 0.04140625 0.08359375
1 0.7296875 0.3671875 0.04453125 0.0859375
1 0.74296875 0.4453125 0.03359375 0.078125
1 0.725 0.47890625 0.03515625 0.06796875
1 0.69453125 0.49453125 0.0359375 0.0609375
1 0.7109375 0.54765625 0.03125 0.0640625
1 0.69609375 0.57109375 0.0421875 0.0921875
1 0.6203125 0.809375 0.05234375 0.103125
1 0.61328125 0.6 0.0390625 0.09921875
1 0.64921875 0.4625 0.0515625 0.07578125
1 0.6765625 0.4046875 0.04375 0.08046875
1 0.5609375 0.52578125 0.02890625 0.10390625
1 0.5671875 0.43515625 0.0171875 0.09765625
1 0.59765625 0.25546875 0.025 0.09609375
1 0.51015625 0.11953125 0.02734375 0.0953125
1 0.45703125 0.396875 0.0390625 0.1015625
1 0.3125 0.28359375 0.0328125 0.09921875
1 0.26484375 0.41796875 0.02890625 0.09921875
1 0.33828125 0.76484375 0.0515625 0.1109375