0 0.38203125 0.31484375 0.01875 0.05546875
0 0.3625 0.34375 0.02421875 0.0984375
0 0.36171875 0.27578125 0.0328125 0.0578125
0 0.36015625 0.23828125 0.0359375 0.04140625
0 0.41015625 0.10390625 0.02578125 0.08671875
0 0.49921875 0.1125 0.028125 0.08828125
0 0.453125 0.21953125 0.03359375 0.08515625
0 0.54296875 0.290625 0.01875 0.07421875
0 0.54140625 0.390625 0.02109375 0.1265625
0 0.4328125 0.3015625 0.0390625 0.06640625
0 0.42734375 0.359375 0.03984375 0.0515625
0 0.41171875 0.41015625 0.03125 0.08515625
0 0.42734375 0.5203125 0.02578125 0.1203125
0 0.38359375 0.746875 0.025 0.153125
0 0.2453125 0.71875 0.02890625 0.1390625
0 0.271875 0.51484375 0.03671875 0.1015625
0 0.3 0.390625 0.02890625 0.12421875
0 0.22578125 0.29453125 0.0296875 0.11015625
0 0.20625 0.25078125 0.03203125 0.0734375
0 0.33515625 0.37265625 0.0328125 0.08828125