1 0.79453125 0.78046875 0.03359375 0.1875
1 0.96484375 0.640625 0.0359375 0.17578125
1 0.97265625 0.3125 0.03359375 0.1453125
1 0.6375 0.4703125 0.04296875 0.1546875
1 0.6328125 0.33984375 0.034375 0.15078125
1 0.5078125 0.2375 0.02265625 0.14453125
1 0.5734375 0.08359375 0.03203125 0.1375
1 0.30703125 0.08828125 0.053125 0.1140625
1 0.225 0.43046875 0.028125 0.16796875
1 0.225 0.37265625 0.0453125 0.0859375
1 0.4328125 0.690625 0.07109375 0.16640625
1 0.5015625 0.56484375 0.06171875 0.1375
1 0.50703125 0.5046875 0.07734375 0.078125
1 0.48359375 0.41875 0.06796875 0.09375
1 0.465625 0.3234375 0.0671875 0.09375
1 0.38125 0.24140625 0.0546875 0.128125
1 0.3671875 0.35703125 0.05078125 0.12734375
1 0.35859375 0.784375 0.03515625 0.053125
1 0.39453125 0.52578125 0.0546875 0.128125
1 0.42578125 0.44453125 0.046875 0.084375
1 0.40546875 0.471875 0.04765625 0.08046875
1 0.39765625 0.40390625 0.04296875 0.09140625
0 0.4375 0.48125 0.01171875 0.02109375