1 0.69296875 0.50625 0.04453125 0.11796875
1 0.72734375 0.715625 0.06015625 0.13359375
1 0.27734375 0.49296875 0.0359375 0.1328125
1 0.48359375 0.25625 0.05078125 0.12734375
1 0.54140625 0.53515625 0.059375 0.10625
1 0.7546875 0.2984375 0.0328125 0.125
1 0.578125 0.36484375 0.06171875 0.09921875
1 0.53046875 0.6140625 0.06640625 0.0921875
1 0.33046875 0.43984375 0.04921875 0.14296875
1 0.40234375 0.59609375 0.05390625 0.0921875
1 0.55859375 0.4609375 0.06640625 0.09453125
1 0.65390625 0.5875 0.04296875 0.13515625
1 0.5578125 0.1390625 0.0515625 0.11171875
1 0.721875 0.44375 0.0390625 0.13125
1 0.77109375 0.14375 0.034375 0.10859375
1 0.47734375 0.3875 0.04765625 0.09140625
1 0.48515625 0.4296875 0.053125 0.065625
1 0.45546875 0.51640625 0.04609375 0.07734375
1 0.43359375 0.57109375 0.0484375 0.08828125
1 0.49453125 0.4625 0.0453125 0.090625