1 0.4421875 0.68671875 0.03125 0.1234375
1 0.253125 0.4359375 0.03515625 0.1015625
1 0.2375 0.209375 0.03203125 0.08828125
1 0.3671875 0.2515625 0.03515625 0.09375
1 0.48984375 0.409375 0.040625 0.0953125
1 0.56015625 0.55078125 0.03984375 0.1015625
1 0.67109375 0.61328125 0.0546875 0.07578125
1 0.6296875 0.52890625 0.04375 0.06796875
1 0.58671875 0.45859375 0.053125 0.07421875
1 0.55546875 0.40859375 0.0328125 0.09375
1 0.58359375 0.3640625 0.0546875 0.08203125
1 0.52421875 0.24765625 0.05234375 0.09921875
1 0.7953125 0.80703125 0.040625 0.1078125
1 0.8625 0.79140625 0.04765625 0.1171875
1 0.80390625 0.49765625 0.0265625 0.115625
1 0.76484375 0.44296875 0.04140625 0.134375
1 0.71953125 0.5609375 0.046875 0.07578125
1 0.6890625 0.5234375 0.0375 0.06484375
1 0.6375 0.43046875 0.03359375 0.0609375
1 0.65625 0.45546875 0.04375 0.05859375
1 0.6578125 0.4984375 0.03984375 0.0546875