1 0.38359375 0.53203125 0.0703125 0.28828125
1 0.64375 0.5203125 0.09453125 0.31484375
1 0.94296875 0.52578125 0.07421875 0.3
1 0.79140625 0.4203125 0.08515625 0.25390625
1 0.70390625 0.44296875 0.11953125 0.2515625
1 0.871875 0.546875 0.06640625 0.3171875
1 0.59375 0.58671875 0.0875 0.325
1 0.43984375 0.46484375 0.06796875 0.22734375
1 0.540625 0.353125 0.0734375 0.24765625
1 0.4859375 0.45625 0.07890625 0.26171875
1 0.97109375 0.81875 0.0578125 0.1984375
1 0.63828125 0.296875 0.0609375 0.21953125