1 0.90078125 0.765625 0.06796875 0.1796875
1 0.78046875 0.8671875 0.0703125 0.17890625
1 0.6921875 0.3984375 0.0484375 0.128125
1 0.73515625 0.36875 0.03828125 0.1203125
1 0.834375 0.26640625 0.04921875 0.146875
1 0.4765625 0.36328125 0.0546875 0.146875
1 0.415625 0.34453125 0.05078125 0.14921875
1 0.328125 0.290625 0.07109375 0.15625
1 0.18046875 0.34921875 0.06015625 0.16640625
1 0.0875 0.37890625 0.08515625 0.14921875
1 0.12578125 0.39375 0.08046875 0.1625
1 0.20390625 0.28046875 0.0546875 0.153125
1 0.24296875 0.271875 0.0375 0.13359375
1 0.2765625 0.2171875 0.03515625 0.08203125
1 0.2765625 0.28828125 0.03359375 0.1296875
0 0.15703125 0.2765625 0.0125 0.015625