0 0.4234375 0.1796875 0.0640625 0.11875
0 0.4109375 0.259375 0.08125 0.1046875
0 0.39140625 0.3140625 0.0890625 0.1203125
0 0.3609375 0.3703125 0.0859375 0.0828125
0 0.33046875 0.43828125 0.09375 0.13125
0 0.3125 0.58046875 0.109375 0.23125
0 0.37578125 0.57109375 0.090625 0.1203125
0 0.39921875 0.49609375 0.0734375 0.0484375
0 0.425 0.46328125 0.084375 0.071875
0 0.44375 0.428125 0.078125 0.0546875
0 0.46640625 0.36953125 0.084375 0.0890625
0 0.5296875 0.42578125 0.05625 0.040625
0 0.51015625 0.459375 0.0875 0.06875
0 0.50234375 0.50078125 0.0859375 0.0484375
0 0.50078125 0.53046875 0.078125 0.0453125
0 0.478125 0.6078125 0.1171875 0.1875
0 0.6328125 0.5453125 0.084375 0.2140625
0 0.58125 0.46875 0.09375 0.2140625
0 0.6921875 0.4640625 0.103125 0.134375
0 0.6484375 0.296875 0.078125 0.2203125
0 0.68359375 0.35390625 0.0890625 0.1046875