1 0.609375 0.7734375 0.0875 0.17421875
1 0.86953125 0.44140625 0.053125 0.1484375
1 0.4765625 0.39140625 0.06484375 0.0859375
1 0.446875 0.5078125 0.06328125 0.1015625
1 0.5984375 0.36328125 0.04453125 0.125
1 0.40703125 0.5875 0.04375 0.16015625
1 0.49765625 0.30390625 0.04140625 0.12421875
1 0.3046875 0.47265625 0.04921875 0.1578125
1 0.7484375 0.425 0.0359375 0.1734375
1 0.59921875 0.56953125 0.0546875 0.12890625
1 0.58203125 0.41796875 0.053125 0.10078125
1 0.47109375 0.44765625 0.065625 0.0671875
1 0.3234375 0.37734375 0.040625 0.165625
1 0.54375 0.4421875 0.05234375 0.0953125
1 0.2578125 0.703125 0.0375 0.153125
1 0.553125 0.55 0.05625 0.12421875
1 0.328125 0.27109375 0.03515625 0.14765625
0 0.51484375 0.484375 0.0125 0.02421875
1 0.56875 0.45390625 0.0609375 0.06796875
1 0.56484375 0.48828125 0.0546875 0.07109375