1 0.23125 0.49765625 0.0484375 0.16640625
1 0.2578125 0.40703125 0.05703125 0.1734375
1 0.44140625 0.6375 0.07265625 0.19765625
1 0.3625 0.50546875 0.05078125 0.20703125
1 0.75703125 0.47109375 0.0375 0.18515625
1 0.94921875 0.70625 0.04375 0.22890625
1 0.7265625 0.3265625 0.03359375 0.1875
1 0.63125 0.2484375 0.034375 0.16796875
1 0.5234375 0.29609375 0.06875 0.14609375
1 0.5921875 0.1171875 0.0390625 0.1609375
1 0.9 0.2171875 0.03671875 0.17265625
1 0.4234375 0.15546875 0.04921875 0.15859375
1 0.3765625 0.271875 0.0625 0.159375
1 0.42265625 0.33125 0.05546875 0.0796875
1 0.41875 0.3953125 0.06875 0.1078125
1 0.45546875 0.43671875 0.06796875 0.10859375
1 0.43125 0.53046875 0.05390625 0.146875
1 0.43203125 0.4546875 0.05625 0.06953125
1 0.5546875 0.58359375 0.05546875 0.17109375
1 0.54921875 0.49609375 0.08515625 0.1078125
1 0.5203125 0.43203125 0.059375 0.121875
0 0.48203125 0.4875 0.0140625 0.02109375