0 0.40078125 0.13046875 0.0421875 0.103125
0 0.54609375 0.1109375 0.0421875 0.140625
0 0.55390625 0.29453125 0.0453125 0.1359375
0 0.51640625 0.27578125 0.0359375 0.1421875
0 0.434375 0.4 0.0515625 0.1015625
0 0.38046875 0.28359375 0.0390625 0.1484375
0 0.21328125 0.3234375 0.04375 0.1453125
0 0.29921875 0.55390625 0.05625 0.1546875
0 0.403125 0.71484375 0.046875 0.1703125
0 0.378125 0.65546875 0.05 0.084375
0 0.43671875 0.6125 0.0578125 0.10625
0 0.4265625 0.53828125 0.065625 0.0796875
0 0.44375 0.47734375 0.053125 0.0515625
0 0.54609375 0.42421875 0.0515625 0.0671875
0 0.7 0.45703125 0.028125 0.0875
0 0.71328125 0.565625 0.053125 0.1609375
0 0.5359375 0.471875 0.053125 0.090625
0 0.50078125 0.53984375 0.0390625 0.1015625
0 0.5453125 0.540625 0.0515625 0.053125
0 0.54921875 0.58828125 0.059375 0.084375
0 0.52734375 0.659375 0.0609375 0.1546875