1 0.49140625 0.58828125 0.071875 0.2203125
1 0.72109375 0.53515625 0.07578125 0.23046875
1 0.21875 0.453125 0.08828125 0.2046875
1 0.565625 0.7265625 0.0671875 0.25546875
1 0.15859375 0.6875 0.08203125 0.196875
1 0.38125 0.61484375 0.075 0.18828125
1 0.07421875 0.70703125 0.09765625 0.2484375
1 0.32265625 0.4625 0.06796875 0.25625
1 0.2109375 0.65234375 0.06328125 0.2
1 0.309375 0.64296875 0.08359375 0.1890625
1 0.45703125 0.38203125 0.04765625 0.23671875
1 0.39296875 0.52421875 0.07109375 0.303125
1 0.04453125 0.65546875 0.0890625 0.1859375
1 0.26484375 0.653125 0.0640625 0.2234375
1 0.06171875 0.578125 0.084375 0.259375
1 0.63984375 0.51015625 0.08359375 0.2359375