0 0.36328125 0.3695150115473441 0.034375 0.21709006928406466
0 0.50234375 0.21362586605080833 0.0375 0.17321016166281755
0 0.65078125 0.3856812933025404 0.040625 0.19399538106235567
0 0.6234375 0.34872979214780603 0.0359375 0.20785219399538107
0 0.816796875 0.5323325635103926 0.04140625 0.23325635103926096
0 0.56484375 0.4122401847575058 0.0453125 0.19168591224018475
0 0.183984375 0.38799076212471134 0.05234375 0.19399538106235567
0 0.841015625 0.5773672055427251 0.04453125 0.22170900692840648
0 0.63359375 0.9665127020785219 0.046875 0.06697459584295612
0 0.52109375 0.39260969976905313 0.0703125 0.18937644341801385
1 0.146875 0.15011547344110854 0.0359375 0.23094688221709006
0 0.475390625 0.23672055427251731 0.05234375 0.22863741339491916
0 0.69140625 0.9584295612009238 0.046875 0.08314087759815242
0 0.4375 0.4237875288683603 0.0609375 0.21478060046189376
0 0.2484375 0.3810623556581986 0.046875 0.2540415704387991
0 0.31171875 0.8579676674364896 0.04375 0.25635103926096997