1 0.6776041666666667 0.8120184899845917 0.04479166666666667 0.20030816640986132
0 0.48880208333333336 0.14869029275808937 0.0359375 0.08166409861325115
0 0.48359375 0.26733436055469956 0.03177083333333333 0.10939907550077041
0 0.44036458333333334 0.3312788906009245 0.06197916666666667 0.12326656394453005
0 0.609375 0.2218798151001541 0.034375 0.1448382126348228
0 0.4244791666666667 0.2727272727272727 0.05416666666666667 0.11093990755007704
0 0.01015625 0.3389830508474576 0.0203125 0.1941448382126348
1 0.8091145833333333 0.06548536209553159 0.022395833333333334 0.13097072419106318
0 0.6776041666666667 0.8112480739599384 0.04479166666666667 0.1987673343605547
0 0.4625 0.4106317411402157 0.057291666666666664 0.14637904468412943
0 0.5458333333333333 0.40446841294298924 0.046875 0.14637904468412943
0 0.2171875 0.03543913713405239 0.028125 0.07087827426810478
0 0.5846354166666666 0.45993836671802774 0.04114583333333333 0.18335901386748846
0 0.39010416666666664 0.12172573189522343 0.04583333333333333 0.13559322033898305
0 0.40859375 0.21340523882896764 0.05677083333333333 0.11248073959938366
0 0.3328125 0.20878274268104777 0.030208333333333334 0.15870570107858242
0 0.39791666666666664 0.8574730354391371 0.03333333333333333 0.2295839753466872
0 0.33489583333333334 0.5277349768875192 0.029166666666666667 0.1802773497688752
0 0.42109375 0.01926040061633282 0.0359375 0.03852080123266564