0 0.45859375 0.4078341013824885 0.0609375 0.17050691244239632
0 0.5921875 0.315668202764977 0.04375 0.17972350230414746
0 0.58203125 0.20276497695852536 0.0515625 0.11059907834101383
0 0.5625 0.10138248847926268 0.0375 0.20276497695852536
0 0.2734375 0.2465437788018433 0.04375 0.24423963133640553
0 0.4734375 0.30414746543778803 0.053125 0.12903225806451613
0 0.47734375 0.1728110599078341 0.0453125 0.17972350230414746
0 0.55859375 0.4377880184331797 0.0578125 0.23963133640552994
0 0.61015625 0.5069124423963134 0.0578125 0.2304147465437788
0 0.2484375 0.35253456221198154 0.046875 0.2626728110599078
0 0.4375 0.4976958525345622 0.071875 0.2672811059907834
0 0.11640625 0.42857142857142855 0.0359375 0.31336405529953915
0 0.21796875 0.10138248847926268 0.0265625 0.20276497695852536
0 0.09375 0.6036866359447005 0.046875 0.31336405529953915
0 0.73515625 0.25806451612903225 0.0390625 0.23963133640552994
0 0.28515625 0.39400921658986177 0.0390625 0.28110599078341014
0 0.53828125 0.5576036866359447 0.0703125 0.2857142857142857
0 0.8921875 0.3225806451612903 0.046875 0.25806451612903225