0 0.95859375 0.30184331797235026 0.0484375 0.2903225806451613
0 0.9828125 0.35023041474654376 0.034375 0.29493087557603687
0 0.32734375 0.27419354838709675 0.0859375 0.12442396313364056
0 0.4140625 0.2488479262672811 0.09375 0.1935483870967742
0 0.115625 0.5529953917050692 0.046875 0.2857142857142857
0 0.5546875 0.30184331797235026 0.084375 0.10599078341013825
0 0.12890625 0.1543778801843318 0.0390625 0.2350230414746544
0 0.02734375 0.7373271889400922 0.0515625 0.34101382488479265
0 0.9375 0.37327188940092165 0.0625 0.29493087557603687
0 0.1953125 0.7350230414746544 0.040625 0.3271889400921659
0 0.0234375 0.07142857142857142 0.046875 0.14285714285714285
0 0.19765625 0.20046082949308755 0.0421875 0.2350230414746544