0 0.22890625 0.12480739599383667 0.0296875 0.12326656394453005
0 0.6848958333333334 0.39907550077041604 0.026041666666666668 0.14175654853620956
0 0.6674479166666667 0.3274268104776579 0.025520833333333333 0.13713405238828968
0 0.59453125 0.05624036979969183 0.024479166666666666 0.11248073959938366
0 0.6135416666666667 0.12865947611710324 0.029166666666666667 0.11556240369799692
0 0.24453125 0.5138674884437596 0.03697916666666667 0.15254237288135594
0 0.6403645833333333 0.2172573189522342 0.034895833333333334 0.13559322033898305
0 0.2421875 0.2781201848998459 0.027083333333333334 0.13097072419106318
0 0.70078125 0.44838212634822805 0.034895833333333334 0.12942989214175654
0 0.71015625 0.26810477657935283 0.0359375 0.1448382126348228
0 0.21640625 0.03775038520801233 0.028645833333333332 0.07550077041602465
1 0.0953125 0.41987673343605547 0.041666666666666664 0.17411402157164868
0 0.7526041666666666 0.6563944530046225 0.035416666666666666 0.1633281972265023
0 0.24921875 0.7157164869029276 0.04635416666666667 0.17103235747303544
0 0.7815104166666667 0.726502311248074 0.0390625 0.1926040061633282