0 0.48671875 0.43317972350230416 0.0453125 0.17511520737327188
0 0.54921875 0.4032258064516129 0.0546875 0.12442396313364056
0 0.98515625 0.17511520737327188 0.0296875 0.2672811059907834
0 0.44609375 0.5023041474654378 0.0546875 0.12903225806451613
0 0.44453125 0.15898617511520738 0.0421875 0.22580645161290322
0 0.4375 0.6428571428571429 0.059375 0.21658986175115208
0 0.43515625 0.2995391705069124 0.0484375 0.10138248847926268
0 0.43203125 0.38940092165898615 0.0546875 0.14285714285714285
0 0.590625 0.6797235023041475 0.065625 0.2350230414746544
0 0.4796875 0.5944700460829493 0.05625 0.20276497695852536
0 0.7453125 0.5990783410138248 0.04375 0.30414746543778803
0 0.55546875 0.3294930875576037 0.0546875 0.1152073732718894
0 0.35703125 0.22350230414746544 0.0296875 0.2350230414746544
0 0.8171875 0.0944700460829493 0.034375 0.1889400921658986
0 0.55 0.18433179723502305 0.0375 0.20276497695852536
0 0.70546875 0.39400921658986177 0.0453125 0.2350230414746544
0 0.11328125 0.4377880184331797 0.0453125 0.25806451612903225