0 0.440625 0.09244992295839753 0.027083333333333334 0.1140215716486903
0 0.359375 0.08859784283513097 0.03854166666666667 0.17719568567026195
0 0.38645833333333335 0.23959938366718028 0.03854166666666667 0.2542372881355932
0 0.44375 0.22496147919876733 0.040625 0.21879815100154082
0 0.4119791666666667 0.2226502311248074 0.035416666666666666 0.22033898305084745
0 0.8684895833333334 0.9391371340523883 0.0421875 0.12172573189522343
0 0.834375 0.9668721109399075 0.052083333333333336 0.0662557781201849
0 0.64375 0.07318952234206472 0.03125 0.14637904468412943
0 0.5171875 0.12865947611710324 0.03958333333333333 0.2172573189522342
0 0.6755208333333333 0.06856702619414484 0.03125 0.13713405238828968
0 0.3067708333333333 0.22342064714946072 0.04479166666666667 0.21879815100154082
0 0.49140625 0.2580893682588598 0.04739583333333333 0.22342064714946072
0 0.871875 0.36517719568567025 0.04791666666666667 0.19722650231124808
0 0.7125 0.7865947611710323 0.04791666666666667 0.24807395993836673
0 0.7489583333333333 0.040832049306625574 0.036458333333333336 0.08166409861325115
0 0.7596354166666667 0.4345146379044684 0.043229166666666666 0.22496147919876733