0 0.4640625 0.49191685912240185 0.05625 0.3094688221709007
0 0.59765625 0.5 0.053125 0.3441108545034642
0 0.625 0.5288683602771362 0.059375 0.3418013856812933
0 0.339453125 0.36143187066974597 0.05078125 0.3533487297921478
0 0.5375 0.3672055427251732 0.046875 0.3233256351039261
0 0.4953125 0.5646651270207852 0.0484375 0.37644341801385683
0 0.38984375 0.663972286374134 0.0546875 0.418013856812933
1 0.948828125 0.21939953810623555 0.04921875 0.3371824480369515
0 0.720703125 0.4457274826789838 0.07578125 0.2817551963048499
0 0.517578125 0.7401847575057737 0.05546875 0.42725173210161665
0 0.805078125 0.22863741339491916 0.04140625 0.36027713625866054
0 0.41171875 0.9515011547344111 0.0609375 0.09699769053117784
0 0.21875 0.5635103926096998 0.040625 0.3741339491916859