0 0.55078125 0.8940092165898618 0.0640625 0.18433179723502305
0 0.48203125 0.8064516129032258 0.0703125 0.18433179723502305
0 0.4375 0.9608294930875576 0.09375 0.07834101382488479
0 0.71875 0.4976958525345622 0.040625 0.29493087557603687
0 0.11796875 0.5990783410138248 0.0515625 0.3870967741935484
0 0.84296875 0.8087557603686636 0.0734375 0.24423963133640553
0 0.61953125 0.6082949308755761 0.0640625 0.1382488479262673
0 0.290625 0.6820276497695853 0.0625 0.3870967741935484
0 0.1546875 0.8571428571428571 0.065625 0.2857142857142857
0 0.5234375 0.6105990783410138 0.0875 0.24423963133640553
0 0.34375 0.2926267281105991 0.046875 0.2995391705069124
0 0.434375 0.5806451612903226 0.053125 0.34101382488479265
0 0.22890625 0.8870967741935484 0.0578125 0.22580645161290322