0 0.51171875 0.4377880184331797 0.0515625 0.12903225806451613
0 0.5203125 0.3248847926267281 0.040625 0.12442396313364056
0 0.63671875 0.2119815668202765 0.0296875 0.15668202764976957
0 0.51328125 0.5207373271889401 0.0421875 0.20276497695852536
0 0.49921875 0.22350230414746544 0.0421875 0.1152073732718894
0 0.5546875 0.3778801843317972 0.04375 0.12903225806451613
0 0.66015625 0.23963133640552994 0.0265625 0.2119815668202765
0 0.46328125 0.33410138248847926 0.0484375 0.15207373271889402
0 0.315625 0.10368663594470046 0.03125 0.1889400921658986
0 0.5875 0.42857142857142855 0.05 0.15668202764976957
0 0.35625 0.4308755760368664 0.040625 0.1889400921658986
1 0.85859375 0.03917050691244239 0.0296875 0.07834101382488479
0 0.40546875 0.17511520737327188 0.0390625 0.16589861751152074
0 0.70234375 0.2880184331797235 0.0328125 0.1889400921658986
0 0.28671875 0.3870967741935484 0.0359375 0.1935483870967742
1 0.19375 0.35714285714285715 0.025 0.2073732718894009
0 0.33046875 0.29723502304147464 0.0359375 0.17972350230414746
0 0.72734375 0.8018433179723502 0.0578125 0.18433179723502305
0 0.43515625 0.25806451612903225 0.0453125 0.14746543778801843
0 0.571875 0.19815668202764977 0.034375 0.18433179723502305
0 0.4703125 0.8456221198156681 0.040625 0.2073732718894009