0 0.30546875 0.3064516129032258 0.0328125 0.07834101382488479
0 0.315625 0.43548387096774194 0.034375 0.1336405529953917
0 0.303125 0.3640552995391705 0.034375 0.08294930875576037
0 0.3734375 0.4769585253456221 0.046875 0.16129032258064516
1 0.515625 0.3870967741935484 0.028125 0.14746543778801843
0 0.4484375 0.7488479262672811 0.0375 0.16129032258064516
0 0.2765625 0.5207373271889401 0.0375 0.14746543778801843
0 0.1765625 0.4055299539170507 0.028125 0.17511520737327188
0 0.53125 0.0967741935483871 0.021875 0.1382488479262673
0 0.4703125 0.3870967741935484 0.025 0.17511520737327188
0 0.73828125 0.4055299539170507 0.0265625 0.16589861751152074
0 0.37890625 0.31105990783410137 0.0515625 0.10599078341013825
0 0.34296875 0.5829493087557603 0.0515625 0.1336405529953917
0 0.29453125 0.12442396313364056 0.0390625 0.14746543778801843
0 0.3171875 0.9285714285714286 0.0375 0.14285714285714285
0 0.26640625 0.7119815668202765 0.0515625 0.1889400921658986
0 0.19609375 0.9078341013824884 0.0453125 0.18433179723502305