0 0.3671875 0.511520737327189 0.053125 0.12903225806451613
0 0.35078125 0.4308755760368664 0.0578125 0.12442396313364056
0 0.34609375 0.728110599078341 0.0546875 0.2488479262672811
0 0.11953125 0.5460829493087558 0.0328125 0.2995391705069124
0 0.4953125 0.8709677419354839 0.06875 0.2119815668202765
0 0.303125 0.815668202764977 0.05625 0.23963133640552994
0 0.4703125 0.5023041474654378 0.078125 0.15668202764976957
0 0.3046875 0.4055299539170507 0.05625 0.1935483870967742
1 0.71015625 0.5506912442396313 0.0484375 0.2534562211981567
0 0.6359375 0.6175115207373272 0.046875 0.2488479262672811
0 0.4484375 0.33640552995391704 0.046875 0.17511520737327188
0 0.46796875 0.6428571428571429 0.0703125 0.19815668202764977
0 0.95625 0.783410138248848 0.05 0.31336405529953915
0 0.9109375 0.17972350230414746 0.046875 0.25806451612903225
0 0.5671875 0.4976958525345622 0.04375 0.25806451612903225
0 0.55390625 0.9055299539170507 0.0515625 0.1889400921658986
0 0.328125 0.029953917050691243 0.05625 0.059907834101382486