0 0.35260416666666666 0.5500770416024653 0.03229166666666667 0.15716486902927582
0 0.3268229166666667 0.5793528505392912 0.044270833333333336 0.1694915254237288
0 0.35546875 0.40755007704160245 0.03697916666666667 0.11864406779661017
0 0.37161458333333336 0.4946070878274268 0.04114583333333333 0.15408320493066255
0 0.36015625 0.32973805855161786 0.033854166666666664 0.11710323574730354
0 0.5875 0.35285053929121724 0.021875 0.2218798151001541
0 0.4354166666666667 0.4622496147919877 0.04583333333333333 0.1510015408320493
0 0.434375 0.598613251155624 0.058333333333333334 0.14329738058551617
1 0.6697916666666667 0.4391371340523883 0.028125 0.22496147919876733
0 0.7760416666666666 0.7033898305084746 0.035416666666666666 0.21417565485362094
0 0.44557291666666665 0.3551617873651772 0.05572916666666667 0.12480739599383667
0 0.16927083333333334 0.31278890600924497 0.026041666666666668 0.21263482280431434
0 0.5747395833333333 0.12326656394453005 0.0296875 0.17873651771956856
0 0.22005208333333334 0.45685670261941447 0.03697916666666667 0.2357473035439137
0 0.41119791666666666 0.6633281972265023 0.0578125 0.20184899845916796
0 0.8088541666666667 0.09938366718027734 0.03229166666666667 0.1679506933744222
0 0.684375 0.9460708782742681 0.035416666666666666 0.10785824345146379
0 0.3658854166666667 0.06933744221879815 0.04010416666666667 0.1386748844375963
0 0.29765625 0.7596302003081664 0.04739583333333333 0.2218798151001541
0 0.5169270833333334 0.7211093990755008 0.0390625 0.21571648690292758
0 0.3216145833333333 0.9067796610169492 0.05364583333333333 0.1864406779661017