0 0.375 0.4815668202764977 0.046875 0.14285714285714285
0 0.365625 0.5875576036866359 0.04375 0.2073732718894009
0 0.4421875 0.5645161290322581 0.053125 0.1336405529953917
0 0.6015625 0.17972350230414746 0.021875 0.23963133640552994
0 0.55078125 0.49539170506912444 0.0296875 0.2534562211981567
0 0.46015625 0.6336405529953917 0.0609375 0.22580645161290322
0 0.3453125 0.4400921658986175 0.04375 0.14285714285714285
0 0.334375 0.3778801843317972 0.05 0.14746543778801843
0 0.42265625 0.2880184331797235 0.0453125 0.1889400921658986
0 0.44296875 0.4631336405529954 0.0546875 0.1336405529953917
1 0.64375 0.45852534562211983 0.0375 0.1889400921658986
0 0.20078125 0.5483870967741935 0.0453125 0.2119815668202765
0 0.5609375 0.7949308755760369 0.034375 0.2534562211981567
0 0.69296875 0.7488479262672811 0.0390625 0.2350230414746544
0 0.28359375 0.17972350230414746 0.0296875 0.22119815668202766
0 0.32421875 0.7419354838709677 0.0484375 0.2672811059907834
0 0.46796875 0.10829493087557604 0.0234375 0.21658986175115208
0 0.39765625 0.7972350230414746 0.0453125 0.23963133640552994
0 0.32265625 0.1313364055299539 0.0421875 0.2073732718894009