0 0.334375 0.2857142857142857 0.04375 0.2119815668202765
0 0.97109375 0.7626728110599078 0.0515625 0.22580645161290322
0 0.78984375 0.06221198156682028 0.0390625 0.12442396313364056
0 0.40078125 0.3317972350230415 0.0421875 0.2304147465437788
0 0.65 0.07373271889400922 0.040625 0.14746543778801843
0 0.340625 0.5207373271889401 0.065625 0.22119815668202766
0 0.38828125 0.5460829493087558 0.0609375 0.2350230414746544
0 0.771875 0.26497695852534564 0.046875 0.24423963133640553
0 0.2796875 0.9193548387096774 0.046875 0.16129032258064516
0 0.46328125 0.46543778801843316 0.0484375 0.20276497695852536
0 0.17109375 0.39631336405529954 0.0390625 0.2672811059907834
1 0.62890625 0.423963133640553 0.0359375 0.2304147465437788
0 0.4453125 0.23732718894009217 0.0625 0.1889400921658986
0 0.74140625 0.2304147465437788 0.0546875 0.2119815668202765
0 0.6109375 0.8571428571428571 0.040625 0.2672811059907834