0 0.3640625 0.3387096774193548 0.046875 0.10599078341013825
0 0.36875 0.39631336405529954 0.046875 0.10138248847926268
0 0.39375 0.46774193548387094 0.04375 0.15207373271889402
0 0.4484375 0.45852534562211983 0.046875 0.1152073732718894
0 0.46015625 0.38940092165898615 0.0515625 0.14285714285714285
0 0.3609375 0.5783410138248848 0.05 0.1889400921658986
0 0.2203125 0.43548387096774194 0.0375 0.271889400921659
0 0.45859375 0.5691244239631337 0.0609375 0.15207373271889402
0 0.89375 0.4976958525345622 0.034375 0.2488479262672811
0 0.296875 0.15207373271889402 0.028125 0.20276497695852536
0 0.58515625 0.3548387096774194 0.0296875 0.2304147465437788
0 0.75625 0.10138248847926268 0.028125 0.20276497695852536
0 0.475 0.22580645161290322 0.04375 0.20276497695852536
1 0.64609375 0.4470046082949309 0.0390625 0.1935483870967742
0 0.55390625 0.45161290322580644 0.0359375 0.23963133640552994