0 0.48984375 0.3847926267281106 0.0359375 0.22580645161290322
0 0.44453125 0.5944700460829493 0.0609375 0.2764976958525346
0 0.45859375 0.38940092165898615 0.0421875 0.17050691244239632
0 0.2375 0.543778801843318 0.040625 0.29493087557603687
0 0.66484375 0.09216589861751152 0.0421875 0.18433179723502305
0 0.4078125 0.511520737327189 0.05625 0.2764976958525346
0 0.62734375 0.6543778801843319 0.0484375 0.2672811059907834
0 0.5421875 0.4769585253456221 0.059375 0.2903225806451613
0 0.5125 0.5783410138248848 0.075 0.24423963133640553
1 0.80546875 0.5138248847926268 0.0359375 0.2903225806451613
0 0.6625 0.38018433179723504 0.04375 0.24423963133640553
0 0.85546875 0.03917050691244239 0.0390625 0.07834101382488479
0 0.30703125 0.5506912442396313 0.0484375 0.21658986175115208