0 0.29296875 0.45161290322580644 0.0390625 0.12903225806451613
0 0.3859375 0.7004608294930875 0.05625 0.20276497695852536
0 0.1453125 0.5046082949308756 0.034375 0.2534562211981567
0 0.3265625 0.5414746543778802 0.04375 0.16129032258064516
0 0.38125 0.6405529953917051 0.059375 0.12903225806451613
0 0.28671875 0.4055299539170507 0.0453125 0.14746543778801843
0 0.284375 0.6336405529953917 0.046875 0.2073732718894009
1 0.5640625 0.4930875576036866 0.03125 0.2304147465437788
0 0.12734375 0.6175115207373272 0.0453125 0.20276497695852536
0 0.38515625 0.4930875576036866 0.0515625 0.14746543778801843
0 0.47890625 0.5783410138248848 0.0359375 0.2350230414746544
0 0.49375 0.20506912442396313 0.0375 0.17050691244239632
0 0.42265625 0.8525345622119815 0.0390625 0.22119815668202766
0 0.26171875 0.08755760368663594 0.0421875 0.17511520737327188
0 0.3921875 0.3294930875576037 0.053125 0.17050691244239632
0 0.49921875 0.423963133640553 0.0359375 0.18433179723502305
0 0.79609375 0.08755760368663594 0.0359375 0.17511520737327188
0 0.29140625 0.8271889400921659 0.0578125 0.24423963133640553
0 0.796875 0.5783410138248848 0.034375 0.21658986175115208
0 0.240625 0.34101382488479265 0.0375 0.20276497695852536