0 0.64296875 0.2695852534562212 0.0421875 0.1152073732718894
0 0.6515625 0.195852534562212 0.04375 0.15207373271889402
0 0.840625 0.43317972350230416 0.0375 0.2304147465437788
0 0.590625 0.35944700460829493 0.065625 0.18433179723502305
0 0.6796875 0.49539170506912444 0.04375 0.21658986175115208
1 0.30078125 0.3617511520737327 0.0359375 0.2073732718894009
0 0.59765625 0.45622119815668205 0.0609375 0.1935483870967742
0 0.80859375 0.3456221198156682 0.0390625 0.20276497695852536
0 0.59375 0.5944700460829493 0.059375 0.1382488479262673
0 0.62421875 0.04838709677419355 0.0484375 0.0967741935483871
0 0.5859375 0.7465437788018433 0.04375 0.22119815668202766
0 0.5796875 0.27419354838709675 0.059375 0.17050691244239632
0 0.4828125 0.06451612903225806 0.034375 0.12903225806451613
0 0.740625 0.7488479262672811 0.065625 0.1889400921658986
0 0.4109375 0.423963133640553 0.040625 0.20276497695852536
0 0.5515625 0.1774193548387097 0.05 0.17050691244239632
0 0.775 0.9654377880184332 0.071875 0.06912442396313365
0 0.109375 0.31336405529953915 0.040625 0.1935483870967742
0 0.378125 0.9585253456221198 0.053125 0.08294930875576037