0 0.725 0.24133949191685913 0.03125 0.11778290993071594
0 0.625390625 0.4053117782909931 0.03984375 0.15473441108545036
0 0.693359375 0.2956120092378753 0.03828125 0.18013856812933027
0 0.673046875 0.47113163972286376 0.06328125 0.24018475750577367
0 0.72109375 0.4053117782909931 0.04375 0.26558891454965355
0 0.578515625 0.5438799076212472 0.05078125 0.20092378752886836
1 0.3421875 0.023094688221709007 0.0390625 0.046189376443418015
0 0.359375 0.3579676674364896 0.04375 0.21709006928406466
0 0.63515625 0.5496535796766744 0.0703125 0.23556581986143188
0 0.408984375 0.3083140877598152 0.03984375 0.22863741339491916
0 0.526171875 0.836027713625866 0.05390625 0.24018475750577367
0 0.83359375 0.2748267898383372 0.059375 0.20785219399538107
0 0.53359375 0.6143187066974596 0.0640625 0.2540415704387991
0 0.11953125 0.24018475750577367 0.0390625 0.20785219399538107
0 0.4546875 0.7944572748267898 0.05625 0.21247113163972287
0 0.31875 0.4295612009237875 0.0453125 0.20785219399538107