0 0.4671875 0.41916859122401845 0.046875 0.22401847575057737
0 0.45390625 0.3279445727482679 0.04375 0.21247113163972287
0 0.705078125 0.9203233256351039 0.05390625 0.15935334872979215
0 0.778125 0.34872979214780603 0.0421875 0.18013856812933027
0 0.284765625 0.34757505773672054 0.03828125 0.24249422632794457
0 0.31640625 0.3302540415704388 0.0359375 0.27251732101616627
0 0.38671875 0.3683602771362587 0.040625 0.22863741339491916
0 0.26015625 0.4445727482678984 0.0375 0.26558891454965355
0 0.226953125 0.4561200923787529 0.04453125 0.24249422632794457
1 0.287109375 0.03002309468822171 0.03828125 0.06004618937644342
0 0.751953125 0.40993071593533487 0.04453125 0.24249422632794457
0 0.173046875 0.2863741339491917 0.05390625 0.24480369515011546
0 0.529296875 0.6720554272517321 0.06796875 0.24018475750577367
0 0.626953125 0.37759815242494227 0.03828125 0.21939953810623555
0 0.645703125 0.9330254041570438 0.07578125 0.13394919168591224
0 0.83515625 0.5254041570438799 0.0640625 0.22401847575057737