0 0.55703125 0.052995391705069124 0.0453125 0.08755760368663594
0 0.52890625 0.21658986175115208 0.0453125 0.14746543778801843
0 0.471875 0.14746543778801843 0.04375 0.11981566820276497
0 0.56015625 0.14285714285714285 0.0453125 0.10138248847926268
1 0.98984375 0.2672811059907834 0.0203125 0.2672811059907834
0 0.56640625 0.30184331797235026 0.0515625 0.17050691244239632
0 0.46171875 0.3294930875576037 0.0609375 0.17050691244239632
0 0.48203125 0.07373271889400922 0.0453125 0.11059907834101383
0 0.3328125 0.1152073732718894 0.0375 0.17511520737327188
1 0.209375 0.15898617511520738 0.028125 0.2350230414746544
0 0.25234375 0.07603686635944701 0.0359375 0.15207373271889402
0 0.3203125 0.2672811059907834 0.040625 0.1935483870967742
0 0.3890625 0.8433179723502304 0.03125 0.2764976958525346
0 0.796875 0.18433179723502305 0.05 0.2119815668202765
0 0.61640625 0.5714285714285714 0.0546875 0.2488479262672811
0 0.68671875 0.16129032258064516 0.0359375 0.2488479262672811
0 0.11484375 0.532258064516129 0.0390625 0.2534562211981567
0 0.54921875 0.8778801843317973 0.0609375 0.24423963133640553
0 0.39609375 0.5 0.0421875 0.21658986175115208