0 0.3 0.04377880184331797 0.05 0.08755760368663594
0 0.67890625 0.5138248847926268 0.0515625 0.21658986175115208
0 0.2390625 0.24193548387096775 0.040625 0.17050691244239632
0 0.628125 0.42626728110599077 0.040625 0.2073732718894009
0 0.6296875 0.2534562211981567 0.03125 0.12903225806451613
0 0.5625 0.3778801843317972 0.0375 0.22119815668202766
0 0.35078125 0.7211981566820277 0.0671875 0.21658986175115208
0 0.58203125 0.3087557603686636 0.0390625 0.16589861751152074
0 0.52421875 0.37327188940092165 0.0546875 0.2304147465437788
0 0.2875 0.07834101382488479 0.04375 0.15668202764976957
0 0.26953125 0.2304147465437788 0.0328125 0.1935483870967742
0 0.58359375 0.4539170506912442 0.0578125 0.22580645161290322
0 0.74765625 0.39631336405529954 0.0453125 0.23963133640552994
0 0.65859375 0.30184331797235026 0.0546875 0.22580645161290322