0 0.5734375 0.37327188940092165 0.046875 0.18433179723502305
0 0.52890625 0.33640552995391704 0.0390625 0.18433179723502305
0 0.56875 0.2350230414746544 0.040625 0.10138248847926268
0 0.7234375 0.45161290322580644 0.04375 0.2488479262672811
0 0.5109375 0.4769585253456221 0.046875 0.21658986175115208
0 0.52265625 0.6682027649769585 0.0515625 0.23963133640552994
0 0.34375 0.4055299539170507 0.0375 0.2119815668202765
0 0.74296875 0.5783410138248848 0.0359375 0.1889400921658986
0 0.5 0.2764976958525346 0.05625 0.22119815668202766
0 0.58828125 0.6013824884792627 0.0515625 0.2350230414746544
0 0.15546875 0.20276497695852536 0.0453125 0.2304147465437788
0 0.640625 0.059907834101382486 0.0375 0.11981566820276497
0 0.43046875 0.08986175115207373 0.0328125 0.17972350230414746
0 0.6265625 0.11981566820276497 0.065625 0.1935483870967742
0 0.2734375 0.0576036866359447 0.034375 0.1152073732718894
0 0.0546875 0.9170506912442397 0.05625 0.16589861751152074
0 0.434375 0.5737327188940092 0.04375 0.22580645161290322
0 0.44609375 0.9516129032258065 0.0859375 0.0967741935483871