0 0.55078125 0.3824884792626728 0.0453125 0.09216589861751152
0 0.46953125 0.4838709677419355 0.0484375 0.1382488479262673
0 0.43984375 0.5829493087557603 0.0640625 0.15207373271889402
0 0.52421875 0.2857142857142857 0.0515625 0.12903225806451613
0 0.58359375 0.3709677419354839 0.0484375 0.16129032258064516
0 0.49765625 0.4032258064516129 0.0453125 0.16129032258064516
0 0.603125 0.31336405529953915 0.04375 0.15668202764976957
0 0.47890625 0.12903225806451613 0.0265625 0.20276497695852536
0 0.54609375 0.5207373271889401 0.0453125 0.2119815668202765
0 0.7078125 0.05069124423963134 0.03125 0.10138248847926268
0 0.25625 0.6682027649769585 0.034375 0.2488479262672811
0 0.5359375 0.6797235023041475 0.0625 0.24423963133640553
0 0.53984375 0.020737327188940093 0.0390625 0.041474654377880185
0 0.34140625 0.4377880184331797 0.0296875 0.2488479262672811
0 0.18125 0.3686635944700461 0.0375 0.23963133640552994
0 0.70859375 0.4147465437788018 0.0328125 0.2488479262672811
0 0.265625 0.8502304147465438 0.0375 0.271889400921659
0 0.43125 0.28110599078341014 0.03125 0.2119815668202765
0 0.7453125 0.35023041474654376 0.040625 0.2119815668202765
0 0.4484375 0.804147465437788 0.065625 0.2626728110599078
0 0.64453125 0.14285714285714285 0.0515625 0.2119815668202765