0 0.6390625 0.19815668202764977 0.059375 0.18433179723502305
0 0.62109375 0.23732718894009217 0.0578125 0.17972350230414746
0 0.49921875 0.25806451612903225 0.0515625 0.11059907834101383
0 0.36171875 0.2880184331797235 0.0328125 0.271889400921659
0 0.57578125 0.37327188940092165 0.0515625 0.11981566820276497
0 0.634375 0.967741935483871 0.05 0.06451612903225806
0 0.46953125 0.41935483870967744 0.0640625 0.2119815668202765
0 0.4984375 0.195852534562212 0.05 0.1152073732718894
0 0.53125 0.3456221198156682 0.05 0.17511520737327188
0 0.4890625 0.49539170506912444 0.059375 0.19815668202764977
0 0.3453125 0.38940092165898615 0.046875 0.2350230414746544
0 0.571875 0.5506912442396313 0.071875 0.2073732718894009
1 0.04140625 0.1313364055299539 0.0390625 0.2350230414746544
0 0.29375 0.9608294930875576 0.078125 0.07834101382488479
0 0.91328125 0.07603686635944701 0.0546875 0.15207373271889402
0 0.88984375 0.5921658986175116 0.0515625 0.2626728110599078
0 0.546875 0.0576036866359447 0.0625 0.1152073732718894
0 0.378125 0.6336405529953917 0.059375 0.24423963133640553