0 0.56953125 0.3225806451612903 0.0515625 0.18433179723502305
0 0.3328125 0.47235023041474655 0.04375 0.2073732718894009
0 0.59609375 0.9493087557603687 0.0703125 0.10138248847926268
0 0.45078125 0.967741935483871 0.0421875 0.06451612903225806
0 0.825 0.4447004608294931 0.046875 0.2073732718894009
0 0.3484375 0.5714285714285714 0.05 0.2304147465437788
0 0.459375 0.0967741935483871 0.028125 0.16589861751152074
0 0.565625 0.619815668202765 0.05625 0.22580645161290322
0 0.49375 0.5092165898617511 0.05625 0.21658986175115208
0 0.609375 0.4470046082949309 0.05 0.20276497695852536
0 0.50703125 0.5944700460829493 0.0640625 0.22119815668202766
0 0.5796875 0.10368663594470046 0.05 0.16129032258064516