0 0.50703125 0.12442396313364056 0.0484375 0.11981566820276497
0 0.40078125 0.3248847926267281 0.0359375 0.16129032258064516
0 0.49296875 0.1889400921658986 0.0484375 0.11981566820276497
0 0.40234375 0.1889400921658986 0.0359375 0.09216589861751152
0 0.43984375 0.23963133640552994 0.0390625 0.15668202764976957
0 0.8421875 0.07142857142857142 0.040625 0.14285714285714285
0 0.37109375 0.3456221198156682 0.0390625 0.1935483870967742
0 0.60703125 0.2626728110599078 0.0328125 0.22119815668202766
0 0.48515625 0.9055299539170507 0.0484375 0.1889400921658986
0 0.178125 0.22350230414746544 0.034375 0.1889400921658986
0 0.75390625 0.4147465437788018 0.0390625 0.2488479262672811
0 0.47890625 0.3824884792626728 0.0484375 0.22119815668202766
0 0.36640625 0.880184331797235 0.0578125 0.23963133640552994
0 0.2671875 0.2465437788018433 0.0375 0.16129032258064516
0 0.634375 0.1774193548387097 0.034375 0.17972350230414746