0 0.55078125 0.391705069124424 0.0453125 0.09216589861751152
0 0.57890625 0.3824884792626728 0.0453125 0.12903225806451613
0 0.484375 0.4423963133640553 0.04375 0.11981566820276497
1 0.9109375 0.28110599078341014 0.028125 0.2119815668202765
0 0.5703125 0.6152073732718893 0.05625 0.1889400921658986
0 0.48984375 0.34101382488479265 0.0359375 0.10138248847926268
0 0.46015625 0.9539170506912442 0.0453125 0.09216589861751152
0 0.4671875 0.511520737327189 0.05 0.1382488479262673
0 0.7859375 0.5069124423963134 0.046875 0.2119815668202765
0 0.5828125 0.9308755760368663 0.06875 0.1382488479262673
0 0.32421875 0.41705069124423966 0.0390625 0.1152073732718894
0 0.32421875 0.08986175115207373 0.0265625 0.17972350230414746
0 0.47890625 0.6612903225806451 0.0578125 0.2534562211981567
0 0.32265625 0.5345622119815668 0.0421875 0.18433179723502305
0 0.58203125 0.1152073732718894 0.0515625 0.16589861751152074
0 0.2421875 0.3870967741935484 0.040625 0.18433179723502305