1 0.89921875 0.27880184331797236 0.0265625 0.19815668202764977
0 0.5125 0.41705069124423966 0.046875 0.0967741935483871
0 0.56171875 0.46774193548387094 0.0359375 0.14285714285714285
0 0.59140625 0.5944700460829493 0.0484375 0.18433179723502305
0 0.3765625 0.37327188940092165 0.034375 0.12903225806451613
0 0.35859375 0.44930875576036866 0.0359375 0.14285714285714285
0 0.51328125 0.3433179723502304 0.0484375 0.1152073732718894
0 0.50390625 0.5069124423963134 0.0515625 0.11981566820276497
0 0.1078125 0.22580645161290322 0.028125 0.18433179723502305
0 0.81484375 0.45852534562211983 0.0359375 0.1889400921658986
0 0.5015625 0.6152073732718893 0.0625 0.14285714285714285
0 0.328125 0.8963133640552995 0.0375 0.2073732718894009
0 0.36953125 0.5691244239631337 0.0390625 0.1889400921658986
0 0.484375 0.1152073732718894 0.021875 0.17511520737327188
0 0.5953125 0.12672811059907835 0.040625 0.17050691244239632
0 0.61875 0.9124423963133641 0.05625 0.17511520737327188