0 0.46640625 0.3456221198156682 0.0265625 0.12903225806451613
0 0.54296875 0.6267281105990783 0.0578125 0.2304147465437788
0 0.60234375 0.5345622119815668 0.0609375 0.2304147465437788
0 0.49296875 0.4861751152073733 0.0296875 0.2534562211981567
0 0.5171875 0.5599078341013825 0.04375 0.271889400921659
0 0.59765625 0.7649769585253456 0.0640625 0.2488479262672811
0 0.4609375 0.5 0.046875 0.2534562211981567
0 0.35078125 0.6359447004608295 0.0359375 0.20276497695852536
0 0.546875 0.7373271889400922 0.065625 0.22119815668202766
0 0.4359375 0.3709677419354839 0.05 0.19815668202764977
0 0.71796875 0.8410138248847926 0.0359375 0.24423963133640553
0 0.2515625 0.5875576036866359 0.059375 0.271889400921659