0 0.2703125 0.2073732718894009 0.021875 0.15668202764976957
0 0.2734375 0.2926267281105991 0.025 0.17972350230414746
0 0.3875 0.3064516129032258 0.04375 0.16129032258064516
1 0.97265625 0.3317972350230415 0.0265625 0.22119815668202766
1 0.8078125 0.05069124423963134 0.028125 0.10138248847926268
0 0.08359375 0.1935483870967742 0.0234375 0.18433179723502305
0 0.50625 0.3778801843317972 0.034375 0.1382488479262673
0 0.49921875 0.20276497695852536 0.0234375 0.17511520737327188
0 0.2875 0.38018433179723504 0.03125 0.1889400921658986
0 0.4234375 0.42626728110599077 0.053125 0.1336405529953917
0 0.33359375 0.10138248847926268 0.0265625 0.15668202764976957
0 0.675 0.26036866359447003 0.028125 0.15207373271889402
0 0.52109375 0.7695852534562212 0.0359375 0.23963133640552994
0 0.36640625 0.2119815668202765 0.0453125 0.12903225806451613
0 0.603125 0.7557603686635944 0.059375 0.1935483870967742