0 0.36953125 0.38940092165898615 0.0453125 0.24423963133640553
0 0.33515625 0.4470046082949309 0.0921875 0.15668202764976957
0 0.43203125 0.20967741935483872 0.0453125 0.33640552995391704
0 0.4 0.15898617511520738 0.034375 0.2626728110599078
0 0.41015625 0.44930875576036866 0.0546875 0.391705069124424
0 0.2875 0.0944700460829493 0.04375 0.1889400921658986
0 0.36796875 0.1935483870967742 0.0453125 0.3225806451612903
0 0.5109375 0.6105990783410138 0.078125 0.2534562211981567
0 0.4671875 0.22119815668202766 0.046875 0.34101382488479265
0 0.17578125 0.44930875576036866 0.0453125 0.3640552995391705
0 0.82578125 0.7626728110599078 0.0546875 0.41013824884792627
0 0.85390625 0.34101382488479265 0.0515625 0.30414746543778803
0 0.2125 0.47465437788018433 0.059375 0.3778801843317972
0 0.27890625 0.3064516129032258 0.0546875 0.33640552995391704
0 0.5671875 0.5737327188940092 0.08125 0.2626728110599078
0 0.7578125 0.5944700460829493 0.065625 0.35023041474654376