0 0.4484375 0.4009216589861751 0.046875 0.14746543778801843
0 0.48359375 0.3686635944700461 0.0484375 0.14746543778801843
0 0.56484375 0.2857142857142857 0.0796875 0.18433179723502305
0 0.509375 0.45622119815668205 0.05625 0.18433179723502305
0 0.4375 0.6244239631336406 0.0625 0.2534562211981567
0 0.59296875 0.6359447004608295 0.0765625 0.2119815668202765
0 0.57109375 0.4216589861751152 0.0765625 0.17050691244239632
0 0.465625 0.2857142857142857 0.053125 0.1382488479262673
0 0.44296875 0.027649769585253458 0.0421875 0.055299539170506916
0 0.659375 0.34101382488479265 0.046875 0.25806451612903225
0 0.8234375 0.06912442396313365 0.0375 0.1382488479262673
0 0.93515625 0.7096774193548387 0.0515625 0.30414746543778803
0 0.46484375 0.6566820276497696 0.0828125 0.3087557603686636
0 0.11953125 0.42626728110599077 0.0515625 0.2626728110599078
0 0.6703125 0.6497695852534562 0.053125 0.29493087557603687
0 0.6015625 0.10138248847926268 0.040625 0.20276497695852536
0 0.690625 0.45161290322580644 0.05 0.2672811059907834
0 0.478125 0.10138248847926268 0.05625 0.20276497695852536