0 0.3078125 0.423963133640553 0.04375 0.2119815668202765
0 0.2796875 0.21658986175115208 0.034375 0.15668202764976957
0 0.2953125 0.2834101382488479 0.034375 0.16129032258064516
0 0.2984375 0.03225806451612903 0.046875 0.06451612903225806
0 0.34609375 0.2764976958525346 0.0421875 0.17511520737327188
0 0.34921875 0.5138248847926268 0.0640625 0.21658986175115208
0 0.3640625 0.4147465437788018 0.046875 0.2488479262672811
0 0.175 0.3317972350230415 0.040625 0.18433179723502305
0 0.40703125 0.027649769585253458 0.0328125 0.055299539170506916
0 0.8125 0.06451612903225806 0.03125 0.12903225806451613
0 0.39921875 0.5691244239631337 0.0609375 0.2350230414746544
0 0.24453125 0.26497695852534564 0.0359375 0.19815668202764977
0 0.2734375 0.4815668202764977 0.04375 0.2350230414746544
0 0.1390625 0.3456221198156682 0.0375 0.2672811059907834
0 0.521875 0.8594470046082949 0.053125 0.2626728110599078
0 0.475 0.12442396313364056 0.03125 0.18433179723502305
0 0.45 0.847926267281106 0.06875 0.30414746543778803
0 0.85 0.3709677419354839 0.046875 0.22580645161290322
0 0.60625 0.4308755760368664 0.0375 0.22580645161290322