0 0.515625 0.4976958525345622 0.053125 0.23963133640552994
0 0.49453125 0.5691244239631337 0.0546875 0.2350230414746544
0 0.5359375 0.3387096774193548 0.05 0.16129032258064516
0 0.62890625 0.03456221198156682 0.0328125 0.06912442396313365
0 0.59609375 0.1774193548387097 0.0328125 0.17050691244239632
0 0.48125 0.6658986175115207 0.053125 0.1889400921658986
0 0.48671875 0.9493087557603687 0.0515625 0.10138248847926268
0 0.4453125 0.5599078341013825 0.046875 0.24423963133640553
0 0.821875 0.3248847926267281 0.040625 0.2073732718894009
0 0.53203125 0.1543778801843318 0.0359375 0.1889400921658986
0 0.30859375 0.43317972350230416 0.0578125 0.20276497695852536
0 0.43671875 0.3640552995391705 0.0453125 0.22119815668202766
0 0.3640625 0.44930875576036866 0.040625 0.1889400921658986
0 0.61875 0.49078341013824883 0.05 0.19815668202764977
0 0.53671875 0.027649769585253458 0.0453125 0.055299539170506916
0 0.88671875 0.9124423963133641 0.0453125 0.17511520737327188