0 0.4625 0.4400921658986175 0.05 0.2534562211981567
0 0.47890625 0.10138248847926268 0.0390625 0.15668202764976957
0 0.53125 0.20506912442396313 0.040625 0.2350230414746544
0 0.5625 0.2672811059907834 0.040625 0.2119815668202765
0 0.72890625 0.35253456221198154 0.0671875 0.22580645161290322
0 0.2390625 0.923963133640553 0.05 0.15207373271889402
0 0.49296875 0.5714285714285714 0.0859375 0.29493087557603687
0 0.33125 0.9331797235023042 0.05625 0.1336405529953917
0 0.5109375 0.29493087557603687 0.053125 0.2764976958525346
0 0.65625 0.3663594470046083 0.06875 0.271889400921659
0 0.40625 0.4423963133640553 0.06875 0.29493087557603687
0 0.2875 0.41244239631336405 0.040625 0.271889400921659
0 0.23046875 0.08064516129032258 0.0640625 0.16129032258064516