0 0.56171875 0.35714285714285715 0.0453125 0.2350230414746544
0 0.41640625 0.43548387096774194 0.0671875 0.12442396313364056
0 0.421875 0.21658986175115208 0.06875 0.18433179723502305
0 0.50078125 0.41705069124423966 0.0515625 0.21658986175115208
0 0.21328125 0.5046082949308756 0.0421875 0.33640552995391704
0 0.22734375 0.2995391705069124 0.0453125 0.2488479262672811
0 0.52421875 0.3225806451612903 0.0546875 0.12903225806451613
0 0.4234375 0.3317972350230415 0.071875 0.16589861751152074
0 0.5421875 0.511520737327189 0.0625 0.31336405529953915
0 0.52265625 0.6474654377880185 0.0671875 0.3456221198156682
0 0.54375 0.2465437788018433 0.0625 0.0967741935483871
0 0.1890625 0.6566820276497696 0.05 0.3640552995391705
0 0.1046875 0.6267281105990783 0.04375 0.3686635944700461
0 0.1203125 0.08064516129032258 0.034375 0.16129032258064516
0 0.17890625 0.21428571428571427 0.0390625 0.31797235023041476
0 0.88125 0.41244239631336405 0.053125 0.271889400921659
0 0.5390625 0.1152073732718894 0.0625 0.2304147465437788
0 0.40703125 0.5552995391705069 0.0796875 0.3271889400921659
0 0.653125 0.6036866359447005 0.065625 0.30414746543778803
0 0.6140625 0.23963133640552994 0.053125 0.2764976958525346