0 0.4828125 0.4815668202764977 0.0375 0.2534562211981567
0 0.6046875 0.5714285714285714 0.075 0.2764976958525346
0 0.525 0.5414746543778802 0.046875 0.2534562211981567
0 0.59140625 0.7027649769585254 0.0890625 0.28110599078341014
0 0.5015625 0.2903225806451613 0.046875 0.23963133640552994
0 0.03046875 0.7211981566820277 0.0609375 0.3087557603686636
0 0.48828125 0.6244239631336406 0.0578125 0.2903225806451613
0 0.12109375 0.684331797235023 0.0578125 0.2995391705069124
0 0.43203125 0.38018433179723504 0.0640625 0.24423963133640553
0 0.76171875 0.42857142857142855 0.0671875 0.29493087557603687
0 0.08203125 0.2834101382488479 0.0796875 0.271889400921659
0 0.546875 0.27419354838709675 0.046875 0.21658986175115208
0 0.09609375 0.09907834101382489 0.0671875 0.19815668202764977