0 0.275 0.6382488479262672 0.025 0.17050691244239632
0 0.61953125 0.17511520737327188 0.0203125 0.11981566820276497
0 0.73828125 0.2834101382488479 0.0265625 0.1889400921658986
0 0.63984375 0.38018433179723504 0.0328125 0.16129032258064516
0 0.5890625 0.1382488479262673 0.040625 0.11059907834101383
0 0.59140625 0.2488479262672811 0.0328125 0.11981566820276497
0 0.034375 0.052995391705069124 0.021875 0.10599078341013825
0 0.3375 0.26036866359447003 0.021875 0.14285714285714285
0 0.65390625 0.12211981566820276 0.0359375 0.1152073732718894
0 0.66875 0.03456221198156682 0.034375 0.06912442396313365
0 0.57734375 0.4216589861751152 0.0484375 0.14285714285714285
0 0.409375 0.020737327188940093 0.028125 0.041474654377880185
0 0.22109375 0.836405529953917 0.0265625 0.16129032258064516
0 0.5796875 0.8433179723502304 0.05 0.15668202764976957