0 0.63984375 0.26497695852534564 0.0296875 0.1889400921658986
0 0.5734375 0.49078341013824883 0.04375 0.17972350230414746
0 0.1609375 0.06221198156682028 0.0375 0.12442396313364056
0 0.64296875 0.46543778801843316 0.0421875 0.23963133640552994
0 0.61484375 0.3847926267281106 0.0453125 0.1889400921658986
0 0.71875 0.2119815668202765 0.0375 0.18433179723502305
0 0.546875 0.5921658986175116 0.05 0.22580645161290322
0 0.5515625 0.38940092165898615 0.040625 0.15207373271889402
0 0.7484375 0.29493087557603687 0.0375 0.20276497695852536
0 0.609375 0.26497695852534564 0.05625 0.2073732718894009
0 0.5359375 0.8594470046082949 0.075 0.24423963133640553
0 0.4234375 0.2534562211981567 0.040625 0.2119815668202765
0 0.5 0.059907834101382486 0.053125 0.11981566820276497
0 0.38046875 0.38018433179723504 0.0484375 0.19815668202764977
0 0.71875 0.39400921658986177 0.059375 0.2350230414746544
0 0.46796875 0.10829493087557604 0.0484375 0.1889400921658986
0 0.79453125 0.29723502304147464 0.0484375 0.2534562211981567
0 0.38046875 0.847926267281106 0.0671875 0.2672811059907834