0 0.71484375 0.391705069124424 0.0453125 0.22119815668202766
0 0.5921875 0.6059907834101382 0.05 0.3087557603686636
0 0.659375 0.4861751152073733 0.05625 0.2073732718894009
0 0.55234375 0.5184331797235023 0.0484375 0.3087557603686636
0 0.53984375 0.2903225806451613 0.0421875 0.18433179723502305
0 0.45703125 0.5391705069124424 0.0546875 0.20276497695852536
0 0.4921875 0.49078341013824883 0.053125 0.2073732718894009
1 0.9765625 0.41935483870967744 0.046875 0.3686635944700461
0 0.74453125 0.2857142857142857 0.0421875 0.30414746543778803
0 0.78359375 0.47235023041474655 0.0453125 0.28110599078341014
0 0.421875 0.5529953917050692 0.05625 0.23963133640552994
0 0.83125 0.35253456221198154 0.040625 0.33640552995391704
0 0.3390625 0.4377880184331797 0.065625 0.20276497695852536
0 0.24921875 0.3433179723502304 0.0453125 0.2626728110599078