0 0.0109375 0.18202764976958524 0.021875 0.22580645161290322
0 0.65703125 0.31336405529953915 0.0484375 0.12903225806451613
0 0.4953125 0.26036866359447003 0.040625 0.1336405529953917
0 0.65234375 0.4423963133640553 0.0421875 0.20276497695852536
0 0.484375 0.3663594470046083 0.0375 0.21658986175115208
0 0.56875 0.4147465437788018 0.04375 0.1382488479262673
0 0.678125 0.47465437788018433 0.0375 0.22119815668202766
0 0.27734375 0.4769585253456221 0.0328125 0.2534562211981567
0 0.57578125 0.08064516129032258 0.0359375 0.14285714285714285
0 0.61875 0.3778801843317972 0.053125 0.15668202764976957
0 0.675 0.2511520737327189 0.046875 0.1889400921658986
0 0.41015625 0.07373271889400922 0.0328125 0.14746543778801843
0 0.56875 0.31105990783410137 0.04375 0.10599078341013825
0 0.67109375 0.08755760368663594 0.0421875 0.17511520737327188
0 0.70859375 0.08064516129032258 0.0484375 0.16129032258064516
0 0.5421875 0.48847926267281105 0.053125 0.20276497695852536
0 0.346875 0.7096774193548387 0.04375 0.2764976958525346
0 0.89296875 0.3617511520737327 0.0390625 0.2073732718894009
0 0.57421875 0.195852534562212 0.0546875 0.16129032258064516
0 0.6203125 0.6981566820276498 0.0625 0.2534562211981567