0 0.4734375 0.2626728110599078 0.040625 0.1382488479262673
0 0.63359375 0.31336405529953915 0.0484375 0.12903225806451613
0 0.5421875 0.08986175115207373 0.0375 0.14285714285714285
0 0.64921875 0.48847926267281105 0.0484375 0.18433179723502305
0 0.6921875 0.0944700460829493 0.028125 0.17050691244239632
0 0.46171875 0.3548387096774194 0.0390625 0.2304147465437788
0 0.278125 0.44930875576036866 0.028125 0.24423963133640553
0 0.596875 0.3686635944700461 0.05 0.14746543778801843
0 0.54609375 0.31105990783410137 0.0453125 0.10599078341013825
0 0.65234375 0.2488479262672811 0.0484375 0.18433179723502305
0 0.54609375 0.41935483870967744 0.0453125 0.15668202764976957
0 0.40390625 0.06912442396313365 0.0328125 0.1382488479262673
0 0.2703125 0.6981566820276498 0.040625 0.271889400921659
0 0.515625 0.4861751152073733 0.053125 0.2073732718894009
0 0.6484375 0.08986175115207373 0.040625 0.17972350230414746
0 0.553125 0.195852534562212 0.053125 0.16129032258064516
0 0.86796875 0.35714285714285715 0.0390625 0.21658986175115208
0 0.596875 0.7004608294930875 0.0625 0.2488479262672811