0 0.70390625 0.35944700460829493 0.0390625 0.2304147465437788
0 0.825 0.6244239631336406 0.053125 0.24423963133640553
0 0.84453125 0.5875576036866359 0.0484375 0.271889400921659
0 0.25234375 0.0967741935483871 0.0546875 0.1382488479262673
0 0.91640625 0.45161290322580644 0.0421875 0.25806451612903225
0 0.2734375 0.7995391705069125 0.040625 0.2626728110599078
0 0.27109375 0.2695852534562212 0.0390625 0.2073732718894009
0 0.49921875 0.3617511520737327 0.0390625 0.22580645161290322
0 0.73515625 0.37557603686635943 0.0453125 0.22580645161290322
0 0.696875 0.5046082949308756 0.053125 0.24423963133640553
0 0.534375 0.21889400921658986 0.04375 0.19815668202764977