0 0.46171875 0.43548387096774194 0.0546875 0.10599078341013825
0 0.5140625 0.41244239631336405 0.053125 0.17972350230414746
0 0.41875 0.33410138248847926 0.053125 0.10599078341013825
0 0.67265625 0.27419354838709675 0.0390625 0.19815668202764977
0 0.50234375 0.3225806451612903 0.0515625 0.15668202764976957
0 0.49296875 0.195852534562212 0.0390625 0.14285714285714285
0 0.4265625 0.43548387096774194 0.05 0.1889400921658986
0 0.3828125 0.47465437788018433 0.040625 0.29493087557603687
0 0.53515625 0.49078341013824883 0.0546875 0.17972350230414746
0 0.6953125 0.5023041474654378 0.046875 0.2764976958525346
0 0.14375 0.46774193548387094 0.046875 0.2534562211981567
0 0.4546875 0.5783410138248848 0.0625 0.24423963133640553
0 0.5890625 0.5944700460829493 0.059375 0.30414746543778803
0 0.66015625 0.9493087557603687 0.0515625 0.10138248847926268
0 0.63671875 0.3847926267281106 0.0421875 0.2626728110599078