0 0.5046875 0.1152073732718894 0.0375 0.18433179723502305
0 0.60625 0.4700460829493088 0.05625 0.2119815668202765
0 0.6765625 0.31336405529953915 0.040625 0.25806451612903225
0 0.4640625 0.1497695852534562 0.03125 0.17050691244239632
0 0.57265625 0.3317972350230415 0.0421875 0.1935483870967742
0 0.49375 0.18433179723502305 0.040625 0.17511520737327188
0 0.32734375 0.1728110599078341 0.0390625 0.24423963133640553
0 0.53203125 0.11981566820276497 0.0421875 0.18433179723502305
0 0.578125 0.5276497695852534 0.046875 0.28110599078341014
0 0.509375 0.37327188940092165 0.065625 0.2304147465437788
0 0.34609375 0.4423963133640553 0.0390625 0.2672811059907834
0 0.39921875 0.06912442396313365 0.0328125 0.1382488479262673
0 0.25390625 0.9124423963133641 0.0828125 0.17511520737327188
0 0.02890625 0.9124423963133641 0.0578125 0.17511520737327188