0 0.4390625 0.35253456221198154 0.028125 0.17972350230414746
0 0.23984375 0.35253456221198154 0.0234375 0.15207373271889402
0 0.40703125 0.391705069124424 0.0390625 0.12903225806451613
0 0.3703125 0.3294930875576037 0.03125 0.12442396313364056
1 0.0359375 0.12442396313364056 0.01875 0.16589861751152074
0 0.25 0.29493087557603687 0.021875 0.17511520737327188
0 0.4390625 0.10599078341013825 0.021875 0.11059907834101383
0 0.3828125 0.4700460829493088 0.0375 0.16589861751152074
0 0.41328125 0.02304147465437788 0.0265625 0.04608294930875576
0 0.37578125 0.08986175115207373 0.0296875 0.1336405529953917
0 0.32109375 0.4447004608294931 0.0421875 0.17050691244239632
0 0.846875 0.2119815668202765 0.025 0.15668202764976957
0 0.48046875 0.029953917050691243 0.0234375 0.059907834101382486
0 0.69453125 0.4055299539170507 0.0234375 0.15668202764976957
0 0.346875 0.663594470046083 0.034375 0.15668202764976957
0 0.24375 0.652073732718894 0.05 0.17050691244239632