0 0.44140625 0.27419354838709675 0.0328125 0.16129032258064516
0 0.82734375 0.27880184331797236 0.0546875 0.2626728110599078
0 0.38125 0.5552995391705069 0.046875 0.31797235023041476
0 0.41171875 0.33410138248847926 0.0328125 0.271889400921659
0 0.91015625 0.2304147465437788 0.0390625 0.2488479262672811
0 0.45703125 0.16359447004608296 0.0421875 0.24423963133640553
0 0.43828125 0.45161290322580644 0.0578125 0.2488479262672811
0 0.49375 0.42857142857142855 0.0625 0.2857142857142857
0 0.875 0.315668202764977 0.0625 0.24423963133640553
0 0.934375 0.6612903225806451 0.06875 0.28110599078341014
0 0.21171875 0.4032258064516129 0.0484375 0.3087557603686636
0 0.75078125 0.12442396313364056 0.0515625 0.2488479262672811
0 0.35859375 0.2880184331797235 0.0671875 0.2626728110599078
0 0.34140625 0.511520737327189 0.0609375 0.29493087557603687