0 0.63984375 0.3087557603686636 0.0390625 0.1935483870967742
0 0.62109375 0.16589861751152074 0.0390625 0.12903225806451613
0 0.52109375 0.38018433179723504 0.0546875 0.1336405529953917
0 0.61015625 0.2304147465437788 0.0328125 0.1382488479262673
0 0.578125 0.06221198156682028 0.0375 0.12442396313364056
0 0.61484375 0.39631336405529954 0.0484375 0.2304147465437788
0 0.540625 0.18663594470046083 0.0625 0.15207373271889402
0 0.5140625 0.46543778801843316 0.053125 0.23963133640552994
0 0.66171875 0.12211981566820276 0.0421875 0.17050691244239632
0 0.4015625 0.2119815668202765 0.03125 0.22119815668202766
0 0.41953125 0.05069124423963134 0.0296875 0.10138248847926268
0 0.2484375 0.10138248847926268 0.04375 0.20276497695852536
0 0.03984375 0.41705069124423966 0.0421875 0.22580645161290322
0 0.29453125 0.6428571428571429 0.0421875 0.22580645161290322
0 0.8953125 0.3087557603686636 0.034375 0.2119815668202765
0 0.590625 0.6059907834101382 0.05625 0.22580645161290322