0 0.44140625 0.41013824884792627 0.0453125 0.17511520737327188
0 0.5265625 0.4447004608294931 0.046875 0.2073732718894009
0 0.434375 0.2557603686635945 0.04375 0.12442396313364056
0 0.5 0.1175115207373272 0.040625 0.15207373271889402
0 0.50703125 0.24193548387096775 0.0484375 0.14285714285714285
0 0.29375 0.27880184331797236 0.0375 0.2350230414746544
0 0.2875 0.14055299539170507 0.03125 0.17050691244239632
0 0.45390625 0.47465437788018433 0.0421875 0.17511520737327188
0 0.5734375 0.7972350230414746 0.040625 0.2488479262672811
0 0.42265625 0.1935483870967742 0.0421875 0.14746543778801843
0 0.75703125 0.06682027649769585 0.0234375 0.1336405529953917
0 0.68828125 0.39631336405529954 0.0265625 0.2488479262672811
0 0.27109375 0.35944700460829493 0.0296875 0.23963133640552994
0 0.69375 0.03225806451612903 0.025 0.06451612903225806
0 0.6484375 0.2119815668202765 0.03125 0.2304147465437788
0 0.878125 0.3847926267281106 0.0375 0.24423963133640553
0 0.42421875 0.04377880184331797 0.0453125 0.08755760368663594
0 0.434375 0.783410138248848 0.059375 0.2672811059907834