0 0.33203125 0.41935483870967744 0.0515625 0.23963133640552994
0 0.265625 0.23271889400921658 0.040625 0.2626728110599078
0 0.21015625 0.22350230414746544 0.0421875 0.28110599078341014
0 0.80078125 0.1382488479262673 0.0453125 0.23963133640552994
0 0.01875 0.1543778801843318 0.0375 0.2903225806451613
0 0.28515625 0.2880184331797235 0.0578125 0.28110599078341014
0 0.0859375 0.1497695852534562 0.040625 0.2626728110599078
0 0.07578125 0.4769585253456221 0.0671875 0.3087557603686636
0 0.13125 0.6797235023041475 0.053125 0.28110599078341014
0 0.371875 0.4769585253456221 0.05 0.2995391705069124
0 0.609375 0.42857142857142855 0.0375 0.3225806451612903
1 0.97109375 0.12211981566820276 0.0390625 0.24423963133640553
0 0.2984375 0.6728110599078341 0.06875 0.31336405529953915
0 0.35078125 0.08064516129032258 0.0671875 0.16129032258064516
0 0.75546875 0.195852534562212 0.0765625 0.2534562211981567