0 0.4 0.29723502304147464 0.059375 0.271889400921659
0 0.48359375 0.02534562211981567 0.0359375 0.05069124423963134
0 0.4515625 0.22119815668202766 0.04375 0.2764976958525346
0 0.54140625 0.2488479262672811 0.0515625 0.31336405529953915
0 0.54453125 0.12903225806451613 0.0453125 0.2119815668202765
0 0.7375 0.46774193548387094 0.040625 0.2995391705069124
0 0.76328125 0.23963133640552994 0.0359375 0.2488479262672811
0 0.72578125 0.22811059907834103 0.0359375 0.2626728110599078
0 0.58203125 0.3548387096774194 0.0453125 0.2488479262672811
0 0.41640625 0.11059907834101383 0.0390625 0.22119815668202766
0 0.60625 0.1774193548387097 0.04375 0.21658986175115208
0 0.47421875 0.5391705069124424 0.0703125 0.31336405529953915
0 0.34609375 0.2695852534562212 0.0453125 0.28110599078341014
0 0.6484375 0.1152073732718894 0.05625 0.2304147465437788
0 0.3734375 0.059907834101382486 0.040625 0.11981566820276497