1 0.009375 0.15898617511520738 0.01875 0.22580645161290322
0 0.434375 0.27880184331797236 0.034375 0.24423963133640553
0 0.4875 0.2073732718894009 0.0375 0.14746543778801843
0 0.50703125 0.3686635944700461 0.0453125 0.1935483870967742
0 0.53125 0.31105990783410137 0.0375 0.24423963133640553
0 0.70703125 0.11290322580645161 0.0484375 0.19815668202764977
0 0.7421875 0.07142857142857142 0.025 0.14285714285714285
0 0.4515625 0.06221198156682028 0.0375 0.12442396313364056
0 0.8515625 0.06912442396313365 0.0375 0.1382488479262673
0 0.8140625 0.9447004608294931 0.06875 0.11059907834101383
0 0.56953125 0.3064516129032258 0.0453125 0.22580645161290322
0 0.40234375 0.18433179723502305 0.0453125 0.20276497695852536
0 0.6625 0.22580645161290322 0.034375 0.2119815668202765
0 0.47265625 0.39631336405529954 0.0546875 0.23963133640552994
0 0.8671875 0.9216589861751152 0.0625 0.15668202764976957
0 0.72265625 0.47465437788018433 0.0640625 0.22119815668202766
0 0.271875 0.31336405529953915 0.053125 0.2304147465437788