0 0.5734375 0.31797235023041476 0.046875 0.17511520737327188
0 0.5578125 0.48847926267281105 0.046875 0.22119815668202766
0 0.55703125 0.35253456221198154 0.0453125 0.1152073732718894
0 0.44921875 0.6290322580645161 0.0765625 0.16129032258064516
0 0.43515625 0.5161290322580645 0.0734375 0.15668202764976957
0 0.53046875 0.43548387096774194 0.0421875 0.16129032258064516
0 0.49140625 0.2626728110599078 0.0421875 0.12903225806451613
0 0.578125 0.6105990783410138 0.05625 0.2534562211981567
0 0.72890625 0.39400921658986177 0.0546875 0.2534562211981567
0 0.35703125 0.14285714285714285 0.0328125 0.2119815668202765
0 0.6234375 0.1152073732718894 0.040625 0.22119815668202766
0 0.596875 0.27419354838709675 0.040625 0.21658986175115208
0 0.3078125 0.6428571428571429 0.0375 0.24423963133640553
0 0.53046875 0.880184331797235 0.0578125 0.23963133640552994
0 0.38984375 0.880184331797235 0.0453125 0.23963133640552994