0 0.4078125 0.1175115207373272 0.0375 0.17972350230414746
0 0.47734375 0.19815668202764977 0.0453125 0.18433179723502305
0 0.50234375 0.32027649769585254 0.0484375 0.16129032258064516
0 0.4015625 0.3433179723502304 0.04375 0.22580645161290322
0 0.46796875 0.43548387096774194 0.0578125 0.21658986175115208
0 0.27890625 0.2350230414746544 0.0515625 0.23963133640552994
0 0.4015625 0.9493087557603687 0.065625 0.10138248847926268
0 0.61328125 0.29723502304147464 0.0328125 0.2626728110599078
0 0.53203125 0.47235023041474655 0.0453125 0.2350230414746544
0 0.85625 0.7027649769585254 0.040625 0.24423963133640553
0 0.49375 0.08525345622119816 0.0625 0.17050691244239632
0 0.7671875 0.923963133640553 0.046875 0.15207373271889402
0 0.7734375 0.06221198156682028 0.034375 0.12442396313364056
0 0.68671875 0.09907834101382489 0.0390625 0.19815668202764977
0 0.4078125 0.6728110599078341 0.06875 0.2119815668202765