0 0.46796875 0.23963133640552994 0.0453125 0.11059907834101383
0 0.39921875 0.2626728110599078 0.0484375 0.11981566820276497
0 0.484375 0.31336405529953915 0.059375 0.1382488479262673
0 0.49765625 0.43548387096774194 0.0484375 0.15207373271889402
0 0.40625 0.15898617511520738 0.04375 0.1889400921658986
0 0.40703125 0.48847926267281105 0.0484375 0.1935483870967742
0 0.325 0.0576036866359447 0.025 0.1152073732718894
0 0.63828125 0.39631336405529954 0.0390625 0.1935483870967742
0 0.375 0.0967741935483871 0.05 0.1935483870967742
0 0.1625 0.39631336405529954 0.040625 0.22119815668202766
0 0.5265625 0.5460829493087558 0.053125 0.24423963133640553
0 0.74453125 0.6152073732718893 0.0234375 0.2626728110599078
0 0.63125 0.2073732718894009 0.028125 0.2304147465437788
0 0.5671875 0.08064516129032258 0.025 0.16129032258064516
0 0.43125 0.5898617511520737 0.05625 0.2488479262672811
0 0.93984375 0.14746543778801843 0.0296875 0.22119815668202766
0 0.834375 0.4447004608294931 0.0375 0.24423963133640553