0 0.34375 0.2880184331797235 0.034375 0.15207373271889402
0 0.3359375 0.48847926267281105 0.040625 0.22119815668202766
0 0.36328125 0.4631336405529954 0.0546875 0.2073732718894009
0 0.4046875 0.33640552995391704 0.05 0.2119815668202765
0 0.296875 0.5506912442396313 0.0375 0.2073732718894009
0 0.21796875 0.32027649769585254 0.0359375 0.24423963133640553
0 0.5203125 0.5783410138248848 0.040625 0.21658986175115208
0 0.55234375 0.5 0.0453125 0.1889400921658986
0 0.61953125 0.08986175115207373 0.0328125 0.17972350230414746
0 0.31953125 0.22119815668202766 0.0578125 0.18433179723502305
0 0.4859375 0.9032258064516129 0.05 0.1935483870967742
0 0.53359375 0.08525345622119816 0.0359375 0.17050691244239632
0 0.58984375 0.9009216589861752 0.0390625 0.19815668202764977
0 0.28984375 0.45161290322580644 0.0515625 0.20276497695852536
0 0.91484375 0.1543778801843318 0.0453125 0.19815668202764977
0 0.48828125 0.5529953917050692 0.0515625 0.2119815668202765