0 0.5875 0.42857142857142855 0.034375 0.20276497695852536
0 0.57578125 0.5691244239631337 0.0421875 0.271889400921659
0 0.72265625 0.3640552995391705 0.0390625 0.15668202764976957
0 0.6140625 0.39631336405529954 0.040625 0.18433179723502305
0 0.60859375 0.5921658986175116 0.0328125 0.2626728110599078
0 0.70234375 0.16589861751152074 0.0421875 0.18433179723502305
1 0.0375 0.3248847926267281 0.03125 0.2350230414746544
0 0.28671875 0.41935483870967744 0.0484375 0.22119815668202766
1 0.01796875 0.716589861751152 0.0359375 0.2626728110599078
0 0.72265625 0.5253456221198156 0.0546875 0.2304147465437788
0 0.66171875 0.16359447004608296 0.0421875 0.19815668202764977
0 0.65234375 0.6428571428571429 0.0390625 0.2626728110599078
0 0.43046875 0.15668202764976957 0.0390625 0.20276497695852536
0 0.9078125 0.35714285714285715 0.040625 0.2350230414746544
0 0.31796875 0.35714285714285715 0.0421875 0.17972350230414746
0 0.4953125 0.14285714285714285 0.034375 0.2119815668202765
0 0.85859375 0.43317972350230416 0.0484375 0.23963133640552994
0 0.3515625 0.5645161290322581 0.040625 0.2626728110599078
0 0.1828125 0.41705069124423966 0.053125 0.22580645161290322