0 0.69921875 0.423963133640553 0.0484375 0.35023041474654376
0 0.69375 0.14746543778801843 0.034375 0.25806451612903225
0 0.72421875 0.31105990783410137 0.0390625 0.31797235023041476
1 0.1625 0.3548387096774194 0.046875 0.3225806451612903
1 0.21328125 0.4216589861751152 0.0546875 0.31797235023041476
0 0.753125 0.42857142857142855 0.0375 0.35023041474654376
0 0.44375 0.14516129032258066 0.034375 0.2903225806451613
0 0.4890625 0.29723502304147464 0.040625 0.31797235023041476
0 0.5390625 0.2903225806451613 0.03125 0.3225806451612903
0 0.60703125 0.2465437788018433 0.0515625 0.3271889400921659
0 0.3953125 0.08064516129032258 0.04375 0.16129032258064516