0 0.528125 0.1497695852534562 0.03125 0.15207373271889402
0 0.4984375 0.22580645161290322 0.034375 0.1382488479262673
0 0.5515625 0.06221198156682028 0.034375 0.12442396313364056
0 0.50234375 0.4423963133640553 0.0390625 0.22119815668202766
0 0.55390625 0.31105990783410137 0.0515625 0.2350230414746544
0 0.64453125 0.18433179723502305 0.0453125 0.22119815668202766
0 0.359375 0.42857142857142855 0.0375 0.25806451612903225
0 0.30546875 0.3456221198156682 0.0421875 0.25806451612903225
0 0.70859375 0.3640552995391705 0.0421875 0.23963133640552994
0 0.59375 0.12672811059907835 0.0625 0.17972350230414746
0 0.4609375 0.5023041474654378 0.05 0.2488479262672811
0 0.8296875 0.08755760368663594 0.034375 0.17511520737327188
0 0.5296875 0.5622119815668203 0.078125 0.23963133640552994
0 0.72890625 0.8502304147465438 0.0796875 0.2626728110599078
0 0.471875 0.1889400921658986 0.046875 0.20276497695852536
0 0.69296875 0.041474654377880185 0.0515625 0.08294930875576037