0 0.42890625 0.3387096774193548 0.0328125 0.2350230414746544
0 0.4625 0.21889400921658986 0.046875 0.17972350230414746
0 0.45859375 0.3778801843317972 0.0453125 0.2119815668202765
0 0.409375 0.4631336405529954 0.046875 0.24423963133640553
0 0.37265625 0.3986175115207373 0.0453125 0.21658986175115208
0 0.534375 0.06912442396313365 0.0375 0.1382488479262673
0 0.765625 0.4470046082949309 0.0375 0.2119815668202765
0 0.7859375 0.6428571428571429 0.034375 0.2350230414746544
0 0.409375 0.22580645161290322 0.05 0.18433179723502305
0 0.38984375 0.16589861751152074 0.0453125 0.17511520737327188
0 0.559375 0.6382488479262672 0.065625 0.2073732718894009
0 0.75 0.03917050691244239 0.040625 0.07834101382488479
0 0.31953125 0.19815668202764977 0.0453125 0.22119815668202766
0 0.57265625 0.9032258064516129 0.0703125 0.1935483870967742
0 0.70625 0.20276497695852536 0.03125 0.2119815668202765
0 0.26484375 0.2695852534562212 0.0359375 0.2350230414746544
0 0.90234375 0.9170506912442397 0.0578125 0.16589861751152074
0 0.5734375 0.41244239631336405 0.065625 0.21658986175115208