0 0.178125 0.2995391705069124 0.034375 0.16589861751152074
0 0.3203125 0.41705069124423966 0.03125 0.17972350230414746
0 0.3515625 0.4078341013824885 0.04375 0.17050691244239632
0 0.55 0.12672811059907835 0.025 0.2073732718894009
0 0.28984375 0.47235023041474655 0.0578125 0.22580645161290322
0 0.45546875 0.23271889400921658 0.0546875 0.12442396313364056
0 0.17265625 0.42626728110599077 0.0421875 0.22580645161290322
0 0.39453125 0.48847926267281105 0.0671875 0.1382488479262673
0 0.371875 0.6013824884792627 0.06875 0.15207373271889402
0 0.421875 0.33410138248847926 0.065625 0.14285714285714285
0 0.87265625 0.16359447004608296 0.0328125 0.2350230414746544
0 0.69375 0.04838709677419355 0.028125 0.0967741935483871
0 0.584375 0.2488479262672811 0.034375 0.1935483870967742
0 0.346875 0.10138248847926268 0.03125 0.20276497695852536
0 0.571875 0.5023041474654378 0.0375 0.23963133640552994
0 0.396875 0.059907834101382486 0.046875 0.11981566820276497
0 0.16484375 0.880184331797235 0.0765625 0.23963133640552994
0 0.3140625 0.8917050691244239 0.046875 0.21658986175115208