0 0.62578125 0.1359447004608295 0.0515625 0.22580645161290322
0 0.46484375 0.1912442396313364 0.0421875 0.2073732718894009
0 0.6515625 0.684331797235023 0.05 0.2626728110599078
0 0.44375 0.46543778801843316 0.046875 0.2764976958525346
0 0.5203125 0.09907834101382489 0.03125 0.1889400921658986
0 0.98046875 0.9216589861751152 0.0390625 0.15668202764976957
0 0.58671875 0.1359447004608295 0.0515625 0.2350230414746544
0 0.88515625 0.08294930875576037 0.0609375 0.16589861751152074
0 0.60078125 0.8202764976958525 0.0765625 0.25806451612903225
0 0.76171875 0.16820276497695852 0.0359375 0.2350230414746544
0 0.31171875 0.28110599078341014 0.0421875 0.2857142857142857
0 0.78671875 0.7188940092165899 0.0421875 0.2764976958525346
0 0.4046875 0.4032258064516129 0.0625 0.271889400921659
0 0.5640625 0.3248847926267281 0.065625 0.24423963133640553
0 0.73359375 0.42857142857142855 0.0515625 0.25806451612903225