0 0.4296875 0.16589861751152074 0.053125 0.3317972350230415
0 0.45703125 0.35023041474654376 0.0796875 0.48847926267281105
0 0.3859375 0.17050691244239632 0.06875 0.34101382488479265
0 0.37265625 0.532258064516129 0.1046875 0.5207373271889401
0 0.5875 0.2995391705069124 0.090625 0.5990783410138248
0 0.3765625 0.7626728110599078 0.1 0.47465437788018433
0 0.6625 0.3248847926267281 0.1125 0.5299539170506913
0 0.64140625 0.728110599078341 0.1140625 0.543778801843318
0 0.328125 0.8986175115207373 0.1 0.20276497695852536
0 0.525 0.4700460829493088 0.084375 0.6820276497695853
0 0.16796875 0.783410138248848 0.1203125 0.43317972350230416
0 0.31328125 0.3824884792626728 0.1015625 0.5806451612903226
0 0.9609375 0.7788018433179723 0.075 0.4423963133640553
0 0.6796875 0.7949308755760369 0.140625 0.41013824884792627
0 0.1140625 0.4930875576036866 0.128125 0.6728110599078341
0 0.484375 0.7419354838709677 0.159375 0.5161290322580645