0 0.65390625 0.4447004608294931 0.0390625 0.15207373271889402
0 0.63515625 0.1382488479262673 0.0390625 0.1382488479262673
0 0.6484375 0.5806451612903226 0.046875 0.20276497695852536
0 0.57421875 0.2672811059907834 0.0484375 0.23963133640552994
0 0.4015625 0.5806451612903226 0.04375 0.23963133640552994
0 0.43671875 0.6589861751152074 0.0515625 0.25806451612903225
0 0.44609375 0.08294930875576037 0.0484375 0.16589861751152074
0 0.35703125 0.08525345622119816 0.0328125 0.17050691244239632
0 0.28984375 0.5714285714285714 0.0546875 0.2304147465437788
0 0.6875 0.4631336405529954 0.046875 0.22580645161290322
0 0.01640625 0.8271889400921659 0.0328125 0.2995391705069124
0 0.2515625 0.3709677419354839 0.040625 0.2534562211981567
0 0.67578125 0.1935483870967742 0.0453125 0.23963133640552994
0 0.509375 0.3317972350230415 0.059375 0.22119815668202766
0 0.57421875 0.4055299539170507 0.0734375 0.2488479262672811
0 0.80078125 0.34101382488479265 0.0640625 0.2764976958525346