0 0.48125 0.4147465437788018 0.040625 0.2119815668202765
0 0.4453125 0.4032258064516129 0.03125 0.14285714285714285
0 0.5046875 0.1497695852534562 0.03125 0.10599078341013825
0 0.434375 0.5391705069124424 0.040625 0.1935483870967742
0 0.54140625 0.5299539170506913 0.0421875 0.18433179723502305
0 0.75859375 0.7050691244239631 0.0453125 0.25806451612903225
0 0.44609375 0.020737327188940093 0.0265625 0.041474654377880185
0 0.403125 0.31105990783410137 0.0375 0.1889400921658986
0 0.98515625 0.16129032258064516 0.0296875 0.17511520737327188
0 0.4515625 0.2488479262672811 0.046875 0.15668202764976957
0 0.65390625 0.38018433179723504 0.0390625 0.2073732718894009
0 0.93984375 0.4470046082949309 0.0578125 0.22119815668202766
0 0.2265625 0.3617511520737327 0.0625 0.17972350230414746