0 0.525 0.10599078341013825 0.053125 0.16589861751152074
0 0.50546875 0.39400921658986177 0.0671875 0.17972350230414746
0 0.48984375 0.4815668202764977 0.0671875 0.21658986175115208
0 0.6078125 0.16129032258064516 0.0625 0.16589861751152074
0 0.4640625 0.09216589861751152 0.05 0.18433179723502305
0 0.475 0.22811059907834103 0.065625 0.15207373271889402
0 0.51171875 0.2926267281105991 0.0671875 0.15207373271889402
0 0.55625 0.32027649769585254 0.059375 0.28110599078341014
0 0.65703125 0.18663594470046083 0.0421875 0.24423963133640553
0 0.4359375 0.32027649769585254 0.06875 0.1889400921658986
0 0.59453125 0.2304147465437788 0.0703125 0.2304147465437788
0 0.31171875 0.6267281105990783 0.0921875 0.2304147465437788
0 0.403125 0.4423963133640553 0.06875 0.22119815668202766
0 0.34453125 0.4608294930875576 0.0609375 0.17511520737327188
0 0.46640625 0.5714285714285714 0.0703125 0.2304147465437788
0 0.71015625 0.391705069124424 0.0765625 0.2119815668202765
0 0.31796875 0.15668202764976957 0.0546875 0.2764976958525346
0 0.846875 0.3686635944700461 0.053125 0.3225806451612903
0 0.18671875 0.39631336405529954 0.0671875 0.2857142857142857
0 0.25 0.2488479262672811 0.05625 0.29493087557603687