0 0.49453125 0.04608294930875576 0.0359375 0.09216589861751152
0 0.46875 0.27419354838709675 0.053125 0.15207373271889402
0 0.45 0.23963133640552994 0.05625 0.1935483870967742
0 0.5 0.37557603686635943 0.05 0.19815668202764977
0 0.578125 0.3294930875576037 0.0625 0.14285714285714285
0 0.30625 0.3317972350230415 0.04375 0.2488479262672811
0 0.62890625 0.3686635944700461 0.0359375 0.2857142857142857
0 0.2671875 0.4539170506912442 0.05625 0.2534562211981567
0 0.58125 0.5898617511520737 0.075 0.1935483870967742
0 0.57734375 0.4539170506912442 0.0796875 0.15207373271889402
0 0.45625 0.47235023041474655 0.05625 0.24423963133640553
0 0.6171875 0.04377880184331797 0.034375 0.08755760368663594
0 0.56640625 0.16820276497695852 0.0578125 0.2073732718894009
0 0.45546875 0.08755760368663594 0.0640625 0.17511520737327188
0 0.59296875 0.8870967741935484 0.0546875 0.22580645161290322
0 0.659375 0.22811059907834103 0.04375 0.22580645161290322
0 0.471875 0.8617511520737328 0.075 0.2764976958525346