0 0.453125 0.4792626728110599 0.04375 0.15668202764976957
0 0.4140625 0.3433179723502304 0.04375 0.07834101382488479
0 0.39921875 0.4539170506912442 0.0359375 0.1889400921658986
0 0.4109375 0.2903225806451613 0.04375 0.08294930875576037
0 0.496875 0.34101382488479265 0.0625 0.14746543778801843
0 0.525 0.7304147465437788 0.065625 0.17050691244239632
0 0.41171875 0.5944700460829493 0.0515625 0.22119815668202766
0 0.50078125 0.4470046082949309 0.0453125 0.1382488479262673
0 0.16796875 0.4838709677419355 0.0453125 0.22119815668202766
0 0.48828125 0.06451612903225806 0.0328125 0.12903225806451613
0 0.3484375 0.04608294930875576 0.028125 0.09216589861751152
0 0.525 0.23963133640552994 0.0375 0.22119815668202766
0 0.7140625 0.5 0.034375 0.24423963133640553
0 0.5203125 0.5783410138248848 0.0625 0.16129032258064516
0 0.67109375 0.02534562211981567 0.0296875 0.05069124423963134
0 0.37734375 0.06451612903225806 0.0453125 0.12903225806451613
0 0.64609375 0.3778801843317972 0.0421875 0.20276497695852536