0 0.5611979166666666 0.3574730354391371 0.04010416666666667 0.1694915254237288
0 0.5440104166666667 0.22496147919876733 0.0359375 0.1263482280431433
0 0.5015625 0.3436055469953775 0.0375 0.17257318952234207
0 0.45677083333333335 0.29583975346687214 0.034375 0.1448382126348228
0 0.44140625 0.40755007704160245 0.0390625 0.17719568567026195
0 0.55390625 0.16718027734976887 0.034895833333333334 0.14021571648690292
0 0.48359375 0.2850539291217257 0.03697916666666667 0.15408320493066255
0 0.7234375 0.3613251155624037 0.03333333333333333 0.20184899845916796
1 0.9072916666666667 0.02773497688751926 0.026041666666666668 0.05546995377503852
0 0.4739583333333333 0.46687211093990755 0.04583333333333333 0.20647149460708783
0 0.6955729166666667 0.29275808936825887 0.0390625 0.21571648690292758
0 0.43307291666666664 0.2103235747303544 0.0390625 0.14637904468412943
0 0.2552083333333333 0.0963020030816641 0.030208333333333334 0.1802773497688752
0 0.54375 0.5053929121725732 0.06875 0.20955315870570107
0 0.49661458333333336 0.11016949152542373 0.04739583333333333 0.14946070878274267
0 0.6067708333333334 0.3852080123266564 0.065625 0.18798151001540833
0 0.3580729166666667 0.8959938366718028 0.043229166666666666 0.20801232665639446
0 0.7028645833333333 0.9083204930662557 0.0765625 0.18335901386748846