0 0.39765625 0.197459584295612 0.0375 0.09930715935334873
0 0.458203125 0.18822170900692842 0.03515625 0.11778290993071594
0 0.4703125 0.30369515011547343 0.0453125 0.11316397228637413
0 0.4828125 0.24249422632794457 0.0421875 0.16628175519630484
0 0.393359375 0.31524249422632794 0.04140625 0.14087759815242495
0 0.451171875 0.09699769053117784 0.02890625 0.13394919168591224
0 0.48125 0.3729792147806005 0.053125 0.16859122401847576
0 0.267578125 0.22632794457274827 0.02578125 0.19861431870669746
1 0.66484375 0.2517321016166282 0.0296875 0.17090069284064666
0 0.57265625 0.050808314087759814 0.0296875 0.10161662817551963
0 0.5484375 0.19861431870669746 0.025 0.19861431870669746
0 0.440234375 0.6824480369515011 0.05078125 0.21478060046189376
0 0.373046875 0.1581986143187067 0.04453125 0.14087759815242495
0 0.676953125 0.6547344110854504 0.03515625 0.18244803695150116
0 0.365625 0.04387990762124711 0.0484375 0.08775981524249422
0 0.598828125 0.4618937644341801 0.03203125 0.18475750577367206
0 0.35703125 0.4896073903002309 0.0453125 0.22170900692840648