0 0.609375 0.3787528868360277 0.04375 0.16628175519630484
0 0.221484375 0.36374133949191684 0.04296875 0.15473441108545036
0 0.323828125 0.30138568129330257 0.04140625 0.11316397228637413
0 0.30390625 0.5023094688221709 0.0515625 0.11316397228637413
0 0.259765625 0.24826789838337182 0.03671875 0.16397228637413394
0 0.31875 0.38799076212471134 0.0390625 0.17090069284064666
0 0.19296875 0.6616628175519631 0.0515625 0.22401847575057737
0 0.61171875 0.49191685912240185 0.04375 0.21247113163972287
0 0.21796875 0.4976905311778291 0.05 0.18706697459584296
0 0.307421875 0.6073903002309469 0.04609375 0.21247113163972287
0 0.11875 0.9260969976905312 0.05 0.14780600461893764
0 0.653515625 0.4607390300230947 0.04296875 0.23325635103926096
0 0.148828125 0.7771362586605081 0.04765625 0.23325635103926096
0 0.258203125 0.9260969976905312 0.05390625 0.14780600461893764
0 0.86015625 0.40993071593533487 0.0328125 0.22863741339491916
0 0.169140625 0.5300230946882217 0.05703125 0.21939953810623555
0 0.284375 0.7886836027713626 0.0703125 0.2471131639722864