0 0.540234375 0.3972286374133949 0.04609375 0.2678983833718245
0 0.564453125 0.3903002309468822 0.03203125 0.27713625866050806
0 0.97734375 0.6651270207852193 0.0453125 0.2956120092378753
1 0.753125 0.017321016166281754 0.0375 0.03464203233256351
0 0.481640625 0.37759815242494227 0.03203125 0.23325635103926096
0 0.706640625 0.3903002309468822 0.02890625 0.27713625866050806
0 0.68359375 0.4468822170900693 0.0421875 0.26096997690531176
0 0.507421875 0.5300230946882217 0.04609375 0.279445727482679
1 0.293359375 0.40300230946882215 0.04453125 0.279445727482679
0 0.4 0.46882217090069284 0.0390625 0.27251732101616627
0 0.828515625 0.4491916859122402 0.03828125 0.2840646651270208
0 0.7640625 0.5242494226327945 0.053125 0.2956120092378753
0 0.241796875 0.5981524249422633 0.05703125 0.2909930715935335
0 0.5890625 0.5103926096997691 0.0515625 0.27713625866050806