0 0.58984375 0.3387096774193548 0.0453125 0.16129032258064516
0 0.61796875 0.2857142857142857 0.0484375 0.15668202764976957
0 0.984375 0.652073732718894 0.03125 0.271889400921659
1 0.98359375 0.4423963133640553 0.0328125 0.30414746543778803
0 0.490625 0.4631336405529954 0.0625 0.1889400921658986
0 0.64609375 0.42857142857142855 0.0765625 0.18433179723502305
0 0.596875 0.5069124423963134 0.08125 0.2119815668202765
0 0.32421875 0.576036866359447 0.0671875 0.30414746543778803
0 0.5296875 0.5737327188940092 0.059375 0.2534562211981567
0 0.22109375 0.9539170506912442 0.0578125 0.09216589861751152
0 0.7109375 0.3387096774193548 0.075 0.17972350230414746
0 0.44296875 0.5069124423963134 0.0609375 0.20276497695852536
0 0.75 0.5506912442396313 0.05 0.2903225806451613
0 0.221875 0.30414746543778803 0.040625 0.2672811059907834
0 0.86484375 0.17511520737327188 0.0328125 0.2672811059907834
0 0.80625 0.42626728110599077 0.05 0.2534562211981567
0 0.1890625 0.7396313364055299 0.06875 0.33640552995391704
0 0.66796875 0.8940092165898618 0.0484375 0.2119815668202765
0 0.3734375 0.3271889400921659 0.05 0.2764976958525346
0 0.08046875 0.9009216589861752 0.0828125 0.19815668202764977