0 0.5481770833333334 0.576271186440678 0.058854166666666666 0.24961479198767333
0 0.6140625 0.5200308166409862 0.06354166666666666 0.2295839753466872
0 0.7546875 0.39368258859784283 0.028125 0.1926040061633282
0 0.5434895833333333 0.3197226502311248 0.0296875 0.16486902927580893
0 0.54921875 0.46147919876733434 0.05364583333333333 0.22342064714946072
0 0.6755208333333333 0.174884437596302 0.041666666666666664 0.1802773497688752
0 0.5739583333333333 0.07550077041602465 0.028125 0.1510015408320493
0 0.5955729166666667 0.31664098613251157 0.04114583333333333 0.15870570107858242
0 0.6963541666666667 0.34668721109399075 0.03854166666666667 0.21263482280431434
0 0.63046875 0.41217257318952233 0.04114583333333333 0.22033898305084745
0 0.2518229166666667 0.5400616332819723 0.03697916666666667 0.24191063174114022
0 0.5322916666666667 0.16718027734976887 0.029166666666666667 0.1679506933744222
0 0.6666666666666666 0.3790446841294299 0.057291666666666664 0.22496147919876733
0 0.44036458333333334 0.24191063174114022 0.03177083333333333 0.17873651771956856
0 0.3390625 0.8320493066255779 0.071875 0.23420647149460708
0 0.7705729166666667 0.46841294298921415 0.03697916666666667 0.24345146379044685
0 0.7143229166666667 0.08320493066255778 0.0453125 0.16640986132511557
0 0.16354166666666667 0.8112480739599384 0.041666666666666664 0.24499229583975346
0 0.45260416666666664 0.35978428351309705 0.05 0.1987673343605547