0 0.770703125 0.34295612009237875 0.04609375 0.21478060046189376
0 0.665625 0.32678983833718245 0.059375 0.2840646651270208
0 0.405078125 0.08660508083140878 0.03984375 0.17321016166281755
0 0.833984375 0.2228637413394919 0.04296875 0.24249422632794457
0 0.6359375 0.1489607390300231 0.040625 0.15011547344110854
0 0.786328125 0.5831408775981525 0.05390625 0.34872979214780603
0 0.3359375 0.10739030023094688 0.0515625 0.21478060046189376
0 0.51171875 0.38799076212471134 0.053125 0.2909930715935335
0 0.675 0.17551963048498845 0.0515625 0.2586605080831409
0 0.38828125 0.1628175519630485 0.0546875 0.21016166281755197
0 0.823828125 0.4387990762124711 0.05859375 0.2863741339491917
0 0.56171875 0.12471131639722864 0.0703125 0.24018475750577367
0 0.614453125 0.36143187066974597 0.06953125 0.34872979214780603
0 0.295703125 0.22055427251732102 0.04296875 0.24249422632794457
0 0.580859375 0.21593533487297922 0.06796875 0.2840646651270208
0 0.466015625 0.5334872979214781 0.06328125 0.30484988452655887
0 0.216015625 0.08429561200923788 0.04453125 0.16859122401847576
0 0.67890625 0.5450346420323325 0.0890625 0.2863741339491917