0 0.415625 0.14637904468412943 0.03125 0.1510015408320493
0 0.44895833333333335 0.24499229583975346 0.07291666666666667 0.17565485362095531
0 0.6080729166666666 0.030046224961479198 0.0234375 0.060092449922958396
0 0.37109375 0.27426810477657937 0.03177083333333333 0.21263482280431434
0 0.44895833333333335 0.3543913713405239 0.06875 0.16640986132511557
0 0.3453125 0.08705701078582434 0.042708333333333334 0.17103235747303544
0 0.37083333333333335 0.039291217257318954 0.03125 0.07858243451463791
0 0.3359375 0.35362095531587057 0.04895833333333333 0.2049306625577812
0 0.3966145833333333 0.49229583975346686 0.0390625 0.1987673343605547
0 0.4440104166666667 0.43836671802773497 0.0671875 0.18952234206471494
0 0.2046875 0.26810477657935283 0.04479166666666667 0.21571648690292758
0 0.35989583333333336 0.6171032357473035 0.06145833333333333 0.23882896764252695
0 0.8513020833333333 0.0901386748844376 0.03177083333333333 0.1802773497688752
0 0.8338541666666667 0.8166409861325116 0.035416666666666666 0.3081664098613251
0 0.625 0.3474576271186441 0.042708333333333334 0.2110939907550077
0 0.7247395833333333 0.559322033898305 0.03802083333333333 0.2588597842835131
0 0.334375 0.8713405238828967 0.07604166666666666 0.2573189522342065