0 0.62578125 0.24423963133640553 0.0390625 0.2488479262672811
0 0.465625 0.3709677419354839 0.05 0.2534562211981567
0 0.41171875 0.43317972350230416 0.0515625 0.2488479262672811
0 0.65625 0.4216589861751152 0.059375 0.3824884792626728
0 0.69921875 0.3709677419354839 0.0515625 0.391705069124424
0 0.7484375 0.4009216589861751 0.065625 0.35944700460829493
0 0.465625 0.5506912442396313 0.096875 0.4009216589861751
0 0.54375 0.6866359447004609 0.084375 0.4423963133640553
0 0.63359375 0.5806451612903226 0.0859375 0.4608294930875576
0 0.80234375 0.4700460829493088 0.0828125 0.4147465437788018
0 0.40078125 0.6774193548387096 0.0921875 0.4147465437788018
0 0.9421875 0.728110599078341 0.109375 0.43317972350230416
0 0.04140625 0.5299539170506913 0.0546875 0.3778801843317972
0 0.41875 0.1912442396313364 0.05625 0.28110599078341014
0 0.36015625 0.2626728110599078 0.0671875 0.3225806451612903
0 0.76484375 0.783410138248848 0.0734375 0.43317972350230416