0 0.6 0.1774193548387097 0.05625 0.16129032258064516
0 0.5078125 0.29723502304147464 0.046875 0.0967741935483871
0 0.50859375 0.16129032258064516 0.0421875 0.1382488479262673
0 0.59921875 0.38018433179723504 0.0484375 0.17050691244239632
0 0.49140625 0.22580645161290322 0.0546875 0.1382488479262673
0 0.5578125 0.3064516129032258 0.040625 0.15207373271889402
0 0.484375 0.41705069124423966 0.0625 0.21658986175115208
0 0.575 0.7258064516129032 0.06875 0.24423963133640553
0 0.7296875 0.25806451612903225 0.040625 0.2488479262672811
0 0.4890625 0.08525345622119816 0.03125 0.17050691244239632
0 0.7515625 0.1728110599078341 0.0375 0.21658986175115208
0 0.315625 0.1774193548387097 0.03125 0.22580645161290322
0 0.16015625 0.15207373271889402 0.0359375 0.2304147465437788
0 0.646875 0.1313364055299539 0.034375 0.21658986175115208
0 0.25078125 0.5829493087557603 0.0390625 0.24423963133640553
0 0.36015625 0.3548387096774194 0.0359375 0.22119815668202766
0 0.434375 0.7258064516129032 0.040625 0.2534562211981567
0 0.40078125 0.23732718894009217 0.0359375 0.21658986175115208
0 0.61796875 0.5645161290322581 0.0546875 0.2350230414746544