0 0.28359375 0.7119815668202765 0.0453125 0.2350230414746544
0 0.5109375 0.391705069124424 0.0625 0.20276497695852536
0 0.015625 0.9447004608294931 0.03125 0.11059907834101383
0 0.5109375 0.6428571428571429 0.0625 0.2903225806451613
0 0.5828125 0.8640552995391705 0.059375 0.271889400921659
0 0.21171875 0.836405529953917 0.0484375 0.3087557603686636
0 0.75546875 0.6543778801843319 0.0453125 0.2857142857142857
0 0.38984375 0.5253456221198156 0.0484375 0.30414746543778803
0 0.1484375 0.14516129032258066 0.04375 0.2534562211981567
0 0.43359375 0.5138248847926268 0.0515625 0.271889400921659
0 0.26953125 0.8248847926267281 0.0828125 0.2857142857142857
0 0.1890625 0.1336405529953917 0.040625 0.2672811059907834
0 0.3296875 0.31797235023041476 0.0625 0.2488479262672811
0 0.2546875 0.2926267281105991 0.05 0.2350230414746544
0 0.2125 0.49078341013824883 0.05 0.271889400921659
0 0.540625 0.8248847926267281 0.075 0.34101382488479265
0 0.725 0.815668202764977 0.0625 0.2764976958525346