0 0.2109375 0.10599078341013825 0.046875 0.14746543778801843
0 0.2078125 0.2557603686635945 0.040625 0.2534562211981567
0 0.490625 0.30414746543778803 0.053125 0.25806451612903225
0 0.45078125 0.3847926267281106 0.0421875 0.2626728110599078
0 0.17578125 0.5023041474654378 0.0703125 0.2857142857142857
0 0.53359375 0.8640552995391705 0.0453125 0.271889400921659
0 0.08046875 0.4147465437788018 0.0546875 0.29493087557603687
0 0.24296875 0.30414746543778803 0.0640625 0.2672811059907834
0 0.16953125 0.16589861751152074 0.0515625 0.2764976958525346
0 0.69765625 0.08064516129032258 0.0484375 0.16129032258064516
0 0.03203125 0.3870967741935484 0.0640625 0.25806451612903225
0 0.57421875 0.880184331797235 0.0546875 0.23963133640552994
0 0.7578125 0.43317972350230416 0.05625 0.2488479262672811
0 0.80546875 0.07142857142857142 0.0578125 0.14285714285714285