0 0.38125 0.3271889400921659 0.05 0.14746543778801843
0 0.39296875 0.41013824884792627 0.0421875 0.2119815668202765
0 0.5890625 0.07373271889400922 0.053125 0.14746543778801843
0 0.5546875 0.6359447004608295 0.040625 0.2119815668202765
0 0.54375 0.059907834101382486 0.028125 0.11981566820276497
0 0.634375 0.25806451612903225 0.05625 0.2304147465437788
0 0.6390625 0.7419354838709677 0.05 0.25806451612903225
0 0.3875 0.6566820276497696 0.05 0.2903225806451613
0 0.41953125 0.5207373271889401 0.0484375 0.2488479262672811
0 0.82421875 0.6543778801843319 0.0390625 0.2304147465437788
0 0.19453125 0.4631336405529954 0.0484375 0.28110599078341014
0 0.61796875 0.20276497695852536 0.0609375 0.17511520737327188
0 0.3546875 0.6129032258064516 0.0625 0.2672811059907834
0 0.49765625 0.07142857142857142 0.0328125 0.14285714285714285