1 0.00625 0.08525345622119816 0.0125 0.17050691244239632
0 0.47734375 0.26497695852534564 0.0421875 0.15207373271889402
0 0.25078125 0.28110599078341014 0.0390625 0.20276497695852536
0 0.5140625 0.2995391705069124 0.04375 0.1382488479262673
0 0.57578125 0.2695852534562212 0.0453125 0.10599078341013825
0 0.48203125 0.1497695852534562 0.0390625 0.1152073732718894
0 0.57734375 0.35944700460829493 0.0546875 0.12903225806451613
0 0.58125 0.04608294930875576 0.025 0.09216589861751152
0 0.58359375 0.4608294930875576 0.0546875 0.14746543778801843
0 0.49765625 0.055299539170506916 0.0421875 0.11059907834101383
0 0.56875 0.15668202764976957 0.05625 0.12903225806451613
0 0.48046875 0.38940092165898615 0.0484375 0.1889400921658986
0 0.80390625 0.9078341013824884 0.0390625 0.18433179723502305
0 0.6359375 0.20276497695852536 0.0375 0.16589861751152074
0 0.43359375 0.4216589861751152 0.0421875 0.21658986175115208
0 0.68515625 0.31797235023041476 0.0359375 0.17511520737327188
0 0.43359375 0.6866359447004609 0.0296875 0.2304147465437788
0 0.671875 0.5829493087557603 0.034375 0.24423963133640553
0 0.490625 0.7419354838709677 0.0625 0.23963133640552994