0 0.57265625 0.195852534562212 0.0515625 0.14285714285714285
0 0.615625 0.03686635944700461 0.046875 0.07373271889400922
0 0.56796875 0.09216589861751152 0.0578125 0.16589861751152074
0 0.60234375 0.3686635944700461 0.0578125 0.18433179723502305
0 0.54296875 0.3709677419354839 0.0578125 0.1889400921658986
0 0.67421875 0.1152073732718894 0.0734375 0.22119815668202766
0 0.51171875 0.2304147465437788 0.0453125 0.16589861751152074
0 0.521875 0.08294930875576037 0.053125 0.16589861751152074
0 0.59453125 0.6382488479262672 0.0421875 0.31797235023041476
0 0.42734375 0.47235023041474655 0.0578125 0.3271889400921659
0 0.4953125 0.4377880184331797 0.071875 0.23963133640552994
0 0.6265625 0.543778801843318 0.078125 0.2672811059907834
0 0.6484375 0.29723502304147464 0.078125 0.2350230414746544
0 0.72109375 0.04838709677419355 0.0390625 0.0967741935483871
0 0.1875 0.2695852534562212 0.06875 0.2350230414746544
0 0.8828125 0.10829493087557604 0.046875 0.21658986175115208
0 0.83125 0.27419354838709675 0.05625 0.2626728110599078
0 0.478125 0.619815668202765 0.078125 0.271889400921659
0 0.7765625 0.5184331797235023 0.05625 0.3087557603686636