0 0.51796875 0.5414746543778802 0.0390625 0.2073732718894009
0 0.5015625 0.3640552995391705 0.046875 0.11981566820276497
0 0.42265625 0.3248847926267281 0.0453125 0.0967741935483871
0 0.42109375 0.2350230414746544 0.0359375 0.12903225806451613
0 0.42109375 0.06221198156682028 0.0265625 0.12442396313364056
1 0.9796875 0.12672811059907835 0.0375 0.2350230414746544
0 0.27578125 0.3064516129032258 0.0328125 0.2073732718894009
0 0.403125 0.5299539170506913 0.0625 0.22119815668202766
0 0.525 0.0576036866359447 0.046875 0.1152073732718894
0 0.7390625 0.39631336405529954 0.0375 0.20276497695852536
0 0.53984375 0.3064516129032258 0.0421875 0.15207373271889402
0 0.22890625 0.43548387096774194 0.0390625 0.2073732718894009
0 0.2515625 0.6382488479262672 0.05 0.22580645161290322
0 0.48671875 0.8064516129032258 0.0640625 0.2672811059907834
0 0.35546875 0.8433179723502304 0.0515625 0.22119815668202766