0 0.3958333333333333 0.42295839753466874 0.07604166666666666 0.386748844375963
0 0.3463541666666667 0.6140215716486903 0.08645833333333333 0.13405238828967642
1 0.9833333333333333 0.10939907550077041 0.03333333333333333 0.21879815100154082
0 0.31927083333333334 0.3882896764252696 0.057291666666666664 0.3543913713405239
0 0.06770833333333333 0.8235747303543913 0.08020833333333334 0.35285053929121724
0 0.2734375 0.926040061633282 0.052083333333333336 0.14791987673343607
0 0.46927083333333336 0.8713405238828967 0.058333333333333334 0.2573189522342065
0 0.06510416666666667 0.1926040061633282 0.07604166666666666 0.31432973805855163
0 0.5341145833333333 0.5932203389830508 0.0828125 0.3543913713405239
0 0.7252604166666666 0.5100154083204931 0.07135416666666666 0.3790446841294299
0 0.48984375 0.4861325115562404 0.07552083333333333 0.4052388289676425