0 0.5294270833333333 0.3320493066255778 0.0515625 0.22033898305084745
0 0.52109375 0.187211093990755 0.028645833333333332 0.13405238828967642
0 0.3424479166666667 0.15716486902927582 0.04010416666666667 0.20955315870570107
0 0.559375 0.25192604006163327 0.057291666666666664 0.23266563944530047
0 0.35390625 0.19106317411402157 0.044270833333333336 0.24961479198767333
0 0.465625 0.32280431432973805 0.052083333333333336 0.24499229583975346
0 0.71796875 0.47380585516178736 0.044270833333333336 0.23882896764252695
0 0.6067708333333334 0.3975346687211094 0.05416666666666667 0.26194144838212635
0 0.37890625 0.401386748844376 0.043229166666666666 0.2727272727272727
0 0.41822916666666665 0.42295839753466874 0.05416666666666667 0.24499229583975346
0 0.9486979166666667 0.6656394453004623 0.050520833333333334 0.2773497688751926
0 0.2734375 0.29738058551617874 0.04895833333333333 0.2711864406779661