0 0.86640625 0.3387096774193548 0.0421875 0.2073732718894009
0 0.6796875 0.26497695852534564 0.040625 0.1336405529953917
0 0.6953125 0.17972350230414746 0.034375 0.10138248847926268
0 0.76484375 0.25806451612903225 0.0421875 0.2119815668202765
0 0.878125 0.43548387096774194 0.034375 0.2073732718894009
0 0.65 0.3709677419354839 0.053125 0.14285714285714285
0 0.73203125 0.28110599078341014 0.0390625 0.15668202764976957
0 0.73203125 0.42626728110599077 0.0421875 0.21658986175115208
0 0.6390625 0.49539170506912444 0.065625 0.17050691244239632
0 0.7921875 0.2350230414746544 0.03125 0.17511520737327188
0 0.2140625 0.08986175115207373 0.028125 0.17050691244239632
0 0.70703125 0.07142857142857142 0.0265625 0.14285714285714285
0 0.70546875 0.6267281105990783 0.0546875 0.22119815668202766
0 0.7875 0.07142857142857142 0.040625 0.14285714285714285
0 0.07578125 0.33410138248847926 0.0296875 0.2073732718894009
0 0.58203125 0.6221198156682027 0.0390625 0.2304147465437788
0 0.54375 0.2695852534562212 0.028125 0.2073732718894009
0 0.60703125 0.17511520737327188 0.0296875 0.16589861751152074
0 0.5171875 0.4032258064516129 0.0375 0.2073732718894009