0 0.020703125 0.1489607390300231 0.03984375 0.2979214780600462
0 0.443359375 0.22170900692840648 0.09765625 0.30484988452655887
0 0.39453125 0.5935334872979214 0.0734375 0.5681293302540416
0 0.084375 0.6882217090069284 0.0765625 0.5034642032332564
0 0.14140625 0.8175519630484989 0.1171875 0.3648960739030023
0 0.45390625 0.45727482678983833 0.0765625 0.2632794457274827
0 0.914453125 0.18475750577367206 0.10078125 0.3695150115473441
0 0.216796875 0.789838337182448 0.07265625 0.42032332563510394
0 0.1828125 0.3856812933025404 0.084375 0.5034642032332564
0 0.03828125 0.7598152424942263 0.0765625 0.48036951501154734
0 0.33671875 0.6420323325635104 0.09375 0.6143187066974596