0 0.49375 0.32027649769585254 0.040625 0.14285714285714285
0 0.515625 0.3640552995391705 0.04375 0.18433179723502305
0 0.49375 0.2350230414746544 0.053125 0.11981566820276497
0 0.39140625 0.14516129032258066 0.0609375 0.14285714285714285
0 0.4359375 0.23271889400921658 0.0375 0.16129032258064516
0 0.4953125 0.16129032258064516 0.04375 0.12903225806451613
0 0.60078125 0.14055299539170507 0.0328125 0.22580645161290322
0 0.61796875 0.26497695852534564 0.0359375 0.24423963133640553
0 0.42421875 0.39400921658986177 0.0484375 0.17972350230414746
0 0.28125 0.21889400921658986 0.046875 0.22580645161290322
0 0.65390625 0.41705069124423966 0.0390625 0.21658986175115208
0 0.39765625 0.619815668202765 0.0609375 0.24423963133640553
0 0.39375 0.315668202764977 0.06875 0.21658986175115208
0 0.7171875 0.9009216589861752 0.0375 0.19815668202764977
0 0.253125 0.15898617511520738 0.0375 0.19815668202764977
0 0.3890625 0.8986175115207373 0.06875 0.20276497695852536
0 0.5234375 0.6221198156682027 0.0375 0.2304147465437788