0 0.3984375 0.21016166281755197 0.0453125 0.30484988452655887
0 0.266015625 0.053117782909930716 0.04453125 0.10623556581986143
0 0.428125 0.2540415704387991 0.0609375 0.30484988452655887
0 0.782421875 0.4953810623556582 0.05234375 0.3210161662817552
0 0.2953125 0.06812933025404157 0.046875 0.13625866050808313
0 0.665234375 0.12124711316397228 0.04921875 0.24249422632794457
0 0.445703125 0.3683602771362587 0.05078125 0.3071593533487298
0 0.558203125 0.11547344110854503 0.05546875 0.23094688221709006
0 0.515234375 0.38799076212471134 0.07109375 0.30484988452655887
0 0.2984375 0.5900692840646651 0.0578125 0.3071593533487298
0 0.225390625 0.5554272517321016 0.05078125 0.3163972286374134
0 0.68203125 0.45842956120092376 0.0625 0.29330254041570436
0 0.346875 0.23441108545034642 0.0703125 0.325635103926097
0 0.619921875 0.789838337182448 0.06328125 0.36027713625866054
0 0.352734375 0.6039260969976905 0.06640625 0.34872979214780603
0 0.50234375 0.15473441108545036 0.06875 0.2863741339491917