0 0.843359375 0.4503464203233256 0.05078125 0.22632794457274827
0 0.68671875 0.1628175519630485 0.0328125 0.14549653579676675
0 0.712890625 0.15935334872979215 0.04453125 0.20323325635103925
0 0.550390625 0.44341801385681295 0.05859375 0.2586605080831409
0 0.632421875 0.22863741339491916 0.05078125 0.2817551963048499
0 0.598046875 0.3464203233256351 0.06015625 0.3002309468822171
0 0.591796875 0.1859122401847575 0.05703125 0.279445727482679
0 0.53046875 0.2644341801385681 0.046875 0.20092378752886836
0 0.25625 0.2644341801385681 0.0546875 0.26558891454965355
0 0.714453125 0.407621247113164 0.04765625 0.34872979214780603
0 0.67265625 0.36143187066974597 0.0609375 0.3625866050808314
0 0.753515625 0.48614318706697457 0.05390625 0.302540415704388
0 0.47734375 0.4133949191685912 0.0671875 0.2586605080831409
0 0.81484375 0.5438799076212472 0.078125 0.3117782909930716
0 0.559375 0.6801385681293303 0.075 0.325635103926097
0 0.35390625 0.3140877598152425 0.0609375 0.3510392609699769