0 0.22447916666666667 0.35978428351309705 0.042708333333333334 0.24807395993836673
0 0.57421875 0.5778120184899846 0.05364583333333333 0.34514637904468415
0 0.8380208333333333 0.487673343605547 0.046875 0.22033898305084745
1 0.5651041666666666 0.11171032357473036 0.03958333333333333 0.22342064714946072
1 0.7065104166666667 0.09861325115562404 0.0453125 0.19722650231124808
0 0.059375 0.8243451463790447 0.04895833333333333 0.35130970724191063
0 0.6005208333333333 0.5107858243451464 0.046875 0.3312788906009245
0 0.8528645833333334 0.6679506933744221 0.0671875 0.22033898305084745
0 0.5403645833333334 0.3975346687211094 0.05677083333333333 0.31124807395993837
0 0.12838541666666667 0.23651771956856701 0.044270833333333336 0.24499229583975346
0 0.20052083333333334 0.3828967642526965 0.052083333333333336 0.2850539291217257
0 0.6380208333333334 0.3089368258859784 0.03854166666666667 0.28197226502311246
0 0.7786458333333334 0.551617873651772 0.051041666666666666 0.35130970724191063
0 0.10182291666666667 0.827426810477658 0.059895833333333336 0.31741140215716485
0 0.9455729166666667 0.5208012326656395 0.04635416666666667 0.3081664098613251
0 0.7286458333333333 0.29121725731895226 0.04375 0.2526964560862866
0 0.43072916666666666 0.5007704160246533 0.05 0.31124807395993837