0 0.40546875 0.4608294930875576 0.0359375 0.09216589861751152
0 0.346875 0.3824884792626728 0.025 0.10138248847926268
1 0.65078125 0.3617511520737327 0.0171875 0.1336405529953917
0 0.4921875 0.347926267281106 0.034375 0.10599078341013825
0 0.28671875 0.35714285714285715 0.0234375 0.12442396313364056
0 0.4703125 0.5184331797235023 0.034375 0.15207373271889402
0 0.54375 0.055299539170506916 0.01875 0.11059907834101383
0 0.47734375 0.04377880184331797 0.0265625 0.08755760368663594
0 0.51171875 0.26036866359447003 0.0234375 0.1336405529953917
0 0.68046875 0.4976958525345622 0.0296875 0.1382488479262673
0 0.71484375 0.2764976958525346 0.0203125 0.12903225806451613
0 0.52578125 0.6267281105990783 0.0234375 0.14746543778801843