0 0.58046875 0.30414746543778803 0.0390625 0.12903225806451613
0 0.5125 0.6566820276497696 0.04375 0.19815668202764977
0 0.53984375 0.4216589861751152 0.0359375 0.1889400921658986
0 0.6234375 0.5 0.05625 0.16129032258064516
0 0.60625 0.6797235023041475 0.0375 0.17972350230414746
0 0.56875 0.1935483870967742 0.0375 0.1382488479262673
0 0.38125 0.22350230414746544 0.03125 0.17050691244239632
0 0.3546875 0.2903225806451613 0.03125 0.2119815668202765
0 0.5234375 0.14055299539170507 0.025 0.1889400921658986
0 0.66875 0.30184331797235026 0.040625 0.19815668202764977
1 0.08046875 0.06682027649769585 0.0328125 0.1336405529953917
1 0.79140625 0.2764976958525346 0.0359375 0.1935483870967742
0 0.5890625 0.956221198156682 0.04375 0.08755760368663594
0 0.45703125 0.9516129032258065 0.0515625 0.0967741935483871