1 0.1484375 0.14516129032258066 0.03125 0.22580645161290322
0 0.6859375 0.1728110599078341 0.046875 0.12442396313364056
0 0.703125 0.271889400921659 0.04375 0.1382488479262673
0 0.75 0.3663594470046083 0.059375 0.19815668202764977
0 0.45 0.16359447004608296 0.040625 0.1889400921658986
0 0.75 0.511520737327189 0.06875 0.2119815668202765
0 0.66171875 0.29723502304147464 0.0453125 0.10599078341013825
0 0.42265625 0.27419354838709675 0.0421875 0.19815668202764977
0 0.684375 0.10138248847926268 0.046875 0.11059907834101383
0 0.7859375 0.2857142857142857 0.046875 0.18433179723502305
0 0.64765625 0.4308755760368664 0.0453125 0.1889400921658986
0 0.72890625 0.7235023041474654 0.0453125 0.22119815668202766
0 0.6109375 0.7050691244239631 0.0625 0.23963133640552994
0 0.81796875 0.27880184331797236 0.0390625 0.22580645161290322
0 0.59765625 0.2488479262672811 0.0359375 0.2488479262672811