0 0.6 0.17436489607390301 0.0578125 0.13163972286374134
0 0.605859375 0.2517321016166282 0.05078125 0.16166281755196305
0 0.512109375 0.23672055427251731 0.05546875 0.17321016166281755
0 0.558984375 0.29907621247113164 0.05703125 0.18706697459584296
0 0.59375 0.47344110854503463 0.059375 0.23556581986143188
0 0.623828125 0.5704387990762124 0.06484375 0.22170900692840648
0 0.461328125 0.43071593533487296 0.06328125 0.16859122401847576
0 0.369921875 0.14318706697459585 0.03671875 0.22170900692840648
0 0.49296875 0.31062355658198615 0.059375 0.19168591224018475
0 0.503515625 0.11200923787528869 0.06640625 0.17321016166281755
0 0.462890625 0.5727482678983834 0.06015625 0.24018475750577367
0 0.187109375 0.5011547344110855 0.04296875 0.3094688221709007
0 0.528515625 0.8579676674364896 0.07265625 0.2840646651270208
0 0.34765625 0.04503464203233257 0.0328125 0.09006928406466513
0 0.349609375 0.36605080831408776 0.05078125 0.26558891454965355
0 0.084765625 0.859122401847575 0.05078125 0.2817551963048499
0 0.748828125 0.3233256351039261 0.06015625 0.21247113163972287
0 0.8625 0.3083140877598152 0.0515625 0.2748267898383372
0 0.26640625 0.13048498845265588 0.0390625 0.26096997690531176