0 0.61171875 0.03456221198156682 0.0453125 0.06912442396313365
0 0.39140625 0.49078341013824883 0.0453125 0.24423963133640553
0 0.5109375 0.052995391705069124 0.040625 0.10599078341013825
0 0.56015625 0.08986175115207373 0.0421875 0.17972350230414746
0 0.59375 0.11059907834101383 0.040625 0.22119815668202766
0 0.3640625 0.27419354838709675 0.040625 0.24423963133640553
0 0.63515625 0.2119815668202765 0.0578125 0.23963133640552994
0 0.7625 0.041474654377880185 0.034375 0.08294930875576037
0 0.65625 0.5092165898617511 0.06875 0.2995391705069124
0 0.4734375 0.47465437788018433 0.053125 0.31336405529953915
0 0.4125 0.06451612903225806 0.04375 0.12903225806451613
0 0.35390625 0.5276497695852534 0.0671875 0.271889400921659
0 0.09375 0.4470046082949309 0.05625 0.2764976958525346
0 0.965625 0.1175115207373272 0.0625 0.2350230414746544