0 0.3546875 0.45852534562211983 0.05 0.14285714285714285
0 0.25078125 0.6036866359447005 0.0515625 0.18433179723502305
0 0.30390625 0.45852534562211983 0.0390625 0.16129032258064516
0 0.79375 0.5230414746543779 0.028125 0.24423963133640553
0 0.3546875 0.35944700460829493 0.046875 0.11059907834101383
0 0.77890625 0.1313364055299539 0.0265625 0.21658986175115208
0 0.34765625 0.5529953917050692 0.0484375 0.15668202764976957
0 0.290625 0.0944700460829493 0.0375 0.1889400921658986
0 0.49921875 0.2880184331797235 0.0296875 0.21658986175115208
0 0.33828125 0.6497695852534562 0.0453125 0.2488479262672811
0 0.37265625 0.22580645161290322 0.0453125 0.18433179723502305
0 0.1453125 0.4055299539170507 0.040625 0.2672811059907834
0 0.253125 0.1935483870967742 0.04375 0.1935483870967742
0 0.45859375 0.11981566820276497 0.0296875 0.1935483870967742
0 0.478125 0.684331797235023 0.0375 0.2534562211981567