0 0.46484375 0.06451612903225806 0.0328125 0.12903225806451613
0 0.3734375 0.18202764976958524 0.0375 0.1152073732718894
0 0.490625 0.37327188940092165 0.046875 0.12903225806451613
0 0.5640625 0.25806451612903225 0.0375 0.11981566820276497
0 0.5765625 0.43548387096774194 0.046875 0.17972350230414746
0 0.36640625 0.2903225806451613 0.0390625 0.18433179723502305
0 0.51640625 0.4700460829493088 0.0453125 0.2119815668202765
0 0.46015625 0.16820276497695852 0.0421875 0.17050691244239632
0 0.0125 0.3709677419354839 0.025 0.2073732718894009
0 0.38515625 0.3709677419354839 0.0390625 0.1889400921658986
0 0.4734375 0.2903225806451613 0.05625 0.14746543778801843
0 0.61640625 0.43548387096774194 0.0359375 0.19815668202764977
0 0.51484375 0.08755760368663594 0.0359375 0.17511520737327188
0 0.67890625 0.30414746543778803 0.0421875 0.14746543778801843
0 0.8171875 0.271889400921659 0.0375 0.18433179723502305
0 0.29296875 0.5552995391705069 0.0359375 0.1889400921658986