0 0.403125 0.23963133640552994 0.075 0.29493087557603687
0 0.3 0.1175115207373272 0.05 0.2350230414746544
0 0.43984375 0.8110599078341014 0.0578125 0.35944700460829493
0 0.553125 0.2119815668202765 0.075 0.2764976958525346
0 0.4 0.47235023041474655 0.075 0.31797235023041476
0 0.35390625 0.1175115207373272 0.0609375 0.2350230414746544
0 0.2578125 0.7811059907834101 0.05625 0.33640552995391704
0 0.54140625 0.8179723502304147 0.0734375 0.3640552995391705
0 0.47265625 0.2465437788018433 0.0703125 0.31797235023041476
0 0.66953125 0.2557603686635945 0.0546875 0.3271889400921659
0 0.0765625 0.8225806451612904 0.0625 0.3548387096774194
0 0.67265625 0.8179723502304147 0.0796875 0.3640552995391705