0 0.45859375 0.2511520737327189 0.0421875 0.1152073732718894
0 0.71640625 0.1336405529953917 0.0265625 0.16589861751152074
0 0.48046875 0.3248847926267281 0.0453125 0.17972350230414746
0 0.46875 0.0967741935483871 0.04375 0.12903225806451613
0 0.4328125 0.23271889400921658 0.040625 0.17972350230414746
0 0.715625 0.4078341013824885 0.040625 0.2995391705069124
0 0.5578125 0.28110599078341014 0.0625 0.17511520737327188
0 0.36015625 0.2857142857142857 0.0390625 0.29493087557603687
0 0.41953125 0.41705069124423966 0.0546875 0.21658986175115208
0 0.6078125 0.16820276497695852 0.034375 0.2626728110599078
0 0.86171875 0.7211981566820277 0.0484375 0.33640552995391704
0 0.54140625 0.37327188940092165 0.0640625 0.18433179723502305
0 0.1453125 0.2857142857142857 0.046875 0.2488479262672811
0 0.77890625 0.12211981566820276 0.0359375 0.24423963133640553
0 0.403125 0.18433179723502305 0.046875 0.2304147465437788
0 0.53203125 0.4608294930875576 0.0703125 0.2672811059907834
0 0.39375 0.7004608294930875 0.075 0.29493087557603687