0 0.42421875 0.4631336405529954 0.0671875 0.2995391705069124
0 0.3921875 0.49078341013824883 0.06875 0.3456221198156682
0 0.27265625 0.4216589861751152 0.0609375 0.3456221198156682
0 0.165625 0.5506912442396313 0.059375 0.33640552995391704
0 0.18046875 0.7603686635944701 0.0765625 0.30414746543778803
0 0.67890625 0.12672811059907835 0.0609375 0.2534562211981567
0 0.0359375 0.695852534562212 0.06875 0.35023041474654376
0 0.71875 0.16359447004608296 0.034375 0.2903225806451613
0 0.21484375 0.5184331797235023 0.0578125 0.2995391705069124
0 0.7421875 0.4216589861751152 0.046875 0.2995391705069124
0 0.60703125 0.9308755760368663 0.0703125 0.1382488479262673
0 0.84765625 0.4470046082949309 0.0671875 0.2857142857142857
0 0.78046875 0.8087557603686636 0.0640625 0.31797235023041476