0 0.4578125 0.3433179723502304 0.04375 0.2073732718894009
0 0.32421875 0.347926267281106 0.0484375 0.21658986175115208
0 0.46953125 0.4769585253456221 0.0453125 0.2350230414746544
0 0.50234375 0.3870967741935484 0.0578125 0.2764976958525346
0 0.33828125 0.5529953917050692 0.0578125 0.2488479262672811
0 0.39296875 0.5414746543778802 0.0515625 0.31797235023041476
0 0.2953125 0.5714285714285714 0.06875 0.2764976958525346
0 0.575 0.5253456221198156 0.06875 0.31336405529953915
0 0.73828125 0.14285714285714285 0.0421875 0.2857142857142857
0 0.4171875 0.1889400921658986 0.05 0.23963133640552994
0 0.32109375 0.7880184331797235 0.0671875 0.2488479262672811
0 0.74453125 0.4976958525345622 0.0484375 0.2488479262672811
0 0.51953125 0.6935483870967742 0.0640625 0.271889400921659
0 0.2 0.4769585253456221 0.053125 0.31797235023041476