0 0.41171875 0.4308755760368664 0.0421875 0.1152073732718894
0 0.34375 0.48847926267281105 0.046875 0.1935483870967742
0 0.3140625 0.315668202764977 0.04375 0.16129032258064516
0 0.38203125 0.22580645161290322 0.0328125 0.11981566820276497
0 0.82265625 0.12442396313364056 0.0328125 0.16589861751152074
0 0.39609375 0.3317972350230415 0.0421875 0.11981566820276497
0 0.46171875 0.0944700460829493 0.0265625 0.17972350230414746
0 0.84296875 0.46543778801843316 0.0390625 0.22119815668202766
0 0.5359375 0.2834101382488479 0.034375 0.17050691244239632
0 0.5671875 0.43317972350230416 0.0375 0.16589861751152074
0 0.10625 0.41935483870967744 0.040625 0.2119815668202765
0 0.43203125 0.5414746543778802 0.0671875 0.1889400921658986
0 0.484375 0.815668202764977 0.04375 0.2119815668202765
0 0.28984375 0.1359447004608295 0.0484375 0.16129032258064516
0 0.37890625 0.7857142857142857 0.0609375 0.2350230414746544