0 0.3 0.05069124423963134 0.025 0.10138248847926268
0 0.27890625 0.26497695852534564 0.0453125 0.17972350230414746
0 0.32265625 0.2350230414746544 0.0421875 0.14746543778801843
0 0.27265625 0.10138248847926268 0.0234375 0.18433179723502305
0 0.92890625 0.29723502304147464 0.0265625 0.2534562211981567
0 0.38203125 0.2834101382488479 0.0359375 0.2350230414746544
0 0.16640625 0.17972350230414746 0.0328125 0.2304147465437788
0 0.36171875 0.43317972350230416 0.0328125 0.23963133640552994
0 0.47265625 0.052995391705069124 0.0234375 0.10599078341013825
0 0.13203125 0.24423963133640553 0.0328125 0.2119815668202765
0 0.5765625 0.08755760368663594 0.025 0.17511520737327188
0 0.3203125 0.6451612903225806 0.03125 0.2857142857142857
0 0.26484375 0.42857142857142855 0.0578125 0.23963133640552994
0 0.18671875 0.6451612903225806 0.0515625 0.25806451612903225