0 0.4859375 0.5460829493087558 0.06875 0.271889400921659
0 0.52421875 0.42626728110599077 0.0671875 0.2626728110599078
0 0.2875 0.5875576036866359 0.053125 0.28110599078341014
0 0.5078125 0.19815668202764977 0.040625 0.12903225806451613
0 0.5578125 0.195852534562212 0.04375 0.2073732718894009
0 0.35703125 0.3663594470046083 0.0484375 0.22580645161290322
0 0.778125 0.5023041474654378 0.075 0.2672811059907834
0 0.590625 0.2557603686635945 0.05 0.21658986175115208
0 0.54140625 0.3271889400921659 0.0671875 0.2672811059907834
0 0.46953125 0.6175115207373272 0.0515625 0.25806451612903225
0 0.4140625 0.2764976958525346 0.05 0.2488479262672811
0 0.40703125 0.6658986175115207 0.0765625 0.2995391705069124
0 0.66015625 0.45161290322580644 0.0703125 0.23963133640552994
0 0.58515625 0.4631336405529954 0.0734375 0.2626728110599078