0 0.6375 0.029953917050691243 0.034375 0.059907834101382486
0 0.67109375 0.17511520737327188 0.0296875 0.17511520737327188
0 0.73359375 0.37327188940092165 0.0296875 0.2119815668202765
0 0.69140625 0.195852534562212 0.0359375 0.17050691244239632
0 0.834375 0.783410138248848 0.0375 0.20276497695852536
0 0.309375 0.09907834101382489 0.028125 0.14285714285714285
0 0.3 0.03686635944700461 0.03125 0.07373271889400922
0 0.29375 0.2557603686635945 0.0375 0.14285714285714285
0 0.75390625 0.44930875576036866 0.0484375 0.17050691244239632
0 0.3046875 0.3778801843317972 0.040625 0.17511520737327188
0 0.334375 0.783410138248848 0.040625 0.17511520737327188
0 0.34296875 0.8963133640552995 0.0421875 0.2073732718894009
0 0.84921875 0.8617511520737328 0.0484375 0.20276497695852536
0 0.16171875 0.9032258064516129 0.0515625 0.1935483870967742
0 0.803125 0.6728110599078341 0.040625 0.20276497695852536
0 0.32265625 0.5898617511520737 0.0453125 0.17511520737327188