0 0.5526041666666667 0.5878274268104776 0.08333333333333333 0.29121725731895226
0 0.15208333333333332 0.13713405238828968 0.04583333333333333 0.21571648690292758
0 0.153125 0.35130970724191063 0.057291666666666664 0.2835130970724191
0 0.45208333333333334 0.3790446841294299 0.04583333333333333 0.2711864406779661
0 0.4934895833333333 0.3266563944530046 0.05364583333333333 0.2650231124807396
0 0.43307291666666664 0.47534668721109397 0.0671875 0.29738058551617874
0 0.3645833333333333 0.4761171032357473 0.06458333333333334 0.2835130970724191
0 0.5580729166666667 0.31047765793528503 0.05677083333333333 0.2850539291217257
0 0.19557291666666668 0.025423728813559324 0.05677083333333333 0.05084745762711865
0 0.20026041666666666 0.5346687211093991 0.0421875 0.29275808936825887
0 0.18359375 0.12249614791987673 0.0703125 0.2295839753466872
0 0.6846354166666667 0.4283513097072419 0.06927083333333334 0.31432973805855163
0 0.5088541666666667 0.5454545454545454 0.075 0.29275808936825887