0 0.42265625 0.5714285714285714 0.0578125 0.14746543778801843
0 0.47109375 0.5 0.0421875 0.1336405529953917
0 0.4171875 0.6244239631336406 0.04375 0.1889400921658986
0 0.41875 0.46774193548387094 0.040625 0.1152073732718894
0 0.50234375 0.43548387096774194 0.0421875 0.10599078341013825
0 0.5078125 0.5552995391705069 0.046875 0.16129032258064516
0 0.5046875 0.3663594470046083 0.040625 0.12442396313364056
0 0.4953125 0.6705069124423964 0.04375 0.2350230414746544
0 0.65859375 0.41935483870967744 0.0359375 0.20276497695852536
0 0.228125 0.652073732718894 0.046875 0.19815668202764977
0 0.42265625 0.37327188940092165 0.0390625 0.12903225806451613
0 0.64140625 0.4631336405529954 0.0421875 0.22580645161290322
0 0.3859375 0.3847926267281106 0.046875 0.17050691244239632
0 0.5296875 0.7258064516129032 0.05 0.24423963133640553
0 0.48828125 0.1543778801843318 0.0453125 0.1889400921658986
0 0.25625 0.5023041474654378 0.0375 0.1935483870967742
0 0.40859375 0.17511520737327188 0.0328125 0.16589861751152074
0 0.35234375 0.804147465437788 0.0390625 0.2350230414746544
0 0.55859375 0.6082949308755761 0.0421875 0.2119815668202765