0 0.5765625 0.04377880184331797 0.0375 0.08755760368663594
0 0.48359375 0.11059907834101383 0.0421875 0.1935483870967742
0 0.51875 0.1382488479262673 0.040625 0.2304147465437788
0 0.425 0.06912442396313365 0.04375 0.1382488479262673
0 0.53984375 0.4700460829493088 0.0578125 0.25806451612903225
0 0.475 0.3271889400921659 0.05625 0.22119815668202766
0 0.29921875 0.12211981566820276 0.0515625 0.24423963133640553
0 0.55390625 0.12442396313364056 0.0546875 0.2304147465437788
0 0.41328125 0.26497695852534564 0.0453125 0.2534562211981567
0 0.603125 0.5092165898617511 0.040625 0.24423963133640553
0 0.340625 0.055299539170506916 0.046875 0.11059907834101383
0 0.6359375 0.8732718894009217 0.040625 0.2534562211981567
0 0.5578125 0.880184331797235 0.065625 0.23963133640552994
0 0.64296875 0.04838709677419355 0.0390625 0.0967741935483871