0 0.55234375 0.29445727482678985 0.046875 0.13163972286374134
0 0.53671875 0.34295612009237875 0.046875 0.12702078521939955
1 0.951953125 0.5080831408775982 0.02421875 0.24480369515011546
0 0.525390625 0.5577367205542725 0.04609375 0.16397228637413394
0 0.458203125 0.371824480369515 0.03671875 0.16166281755196305
0 0.342578125 0.2909930715935335 0.03359375 0.22170900692840648
0 0.566796875 0.24133949191685913 0.03828125 0.13163972286374134
0 0.445703125 0.5115473441108545 0.03671875 0.24249422632794457
0 0.067578125 0.5219399538106235 0.02890625 0.24480369515011546
0 0.217578125 0.14434180138568128 0.02734375 0.21939953810623555
0 0.47890625 0.22748267898383373 0.040625 0.19630484988452657
0 0.348046875 0.37066974595842955 0.03203125 0.22401847575057737
0 0.430078125 0.3891454965357968 0.03828125 0.21478060046189376
0 0.32265625 0.9260969976905312 0.0390625 0.14780600461893764
0 0.373046875 0.03810623556581986 0.02734375 0.07621247113163972
0 0.348046875 0.5727482678983834 0.03828125 0.24018475750577367
0 0.594140625 0.061200923787528866 0.04296875 0.12240184757505773
0 0.749609375 0.38799076212471134 0.03359375 0.20785219399538107
0 0.508203125 0.9341801385681293 0.04765625 0.13163972286374134