0 0.771875 0.707852193995381 0.0734375 0.46882217090069284
0 0.701171875 0.9457274826789839 0.06015625 0.10854503464203233
0 0.692578125 0.6755196304849884 0.09296875 0.21939953810623555
0 0.83671875 0.7736720554272517 0.0984375 0.45265588914549654
0 0.01796875 0.5565819861431871 0.0359375 0.5034642032332564
0 0.733984375 0.8418013856812933 0.06484375 0.3163972286374134
0 0.853515625 0.5346420323325635 0.08359375 0.3995381062355658
0 0.52734375 0.7505773672055427 0.1015625 0.49884526558891457
0 0.570703125 0.8579676674364896 0.07421875 0.2840646651270208
0 0.9390625 0.8117782909930716 0.0953125 0.37644341801385683
0 0.60625 0.5773672055427251 0.0890625 0.535796766743649
0 0.26171875 0.8244803695150116 0.053125 0.3510392609699769
0 0.38046875 0.535796766743649 0.0640625 0.5127020785219399
0 0.10859375 0.6212471131639723 0.0890625 0.49884526558891457