0 0.45859375 0.5645161290322581 0.0390625 0.2626728110599078
0 0.378125 0.631336405529954 0.04375 0.12903225806451613
0 0.49140625 0.6820276497695853 0.0453125 0.2488479262672811
0 0.32109375 0.04377880184331797 0.0296875 0.08755760368663594
0 0.49609375 0.31336405529953915 0.0359375 0.2119815668202765
0 0.42578125 0.45852534562211983 0.0359375 0.22580645161290322
0 0.51796875 0.3294930875576037 0.0390625 0.24423963133640553
0 0.28359375 0.05069124423963134 0.0546875 0.10138248847926268
0 0.24140625 0.7603686635944701 0.0546875 0.2672811059907834
0 0.66171875 0.315668202764977 0.0546875 0.22580645161290322
0 0.5328125 0.6336405529953917 0.05 0.2995391705069124
0 0.31171875 0.716589861751152 0.0546875 0.271889400921659
0 0.596875 0.6082949308755761 0.040625 0.20276497695852536
0 0.40078125 0.3663594470046083 0.0421875 0.271889400921659