0 0.418359375 0.46997690531177827 0.04609375 0.2702078521939954
0 0.30625 0.44110854503464203 0.040625 0.24480369515011546
0 0.46953125 0.24133949191685913 0.0390625 0.16859122401847576
0 0.426171875 0.25519630484988454 0.05078125 0.24249422632794457
0 0.955859375 0.11547344110854503 0.02734375 0.22170900692840648
0 0.3296875 0.6096997690531177 0.0453125 0.2678983833718245
0 0.640625 0.08775981524249422 0.03125 0.17551963048498845
0 0.89921875 0.43187066974595845 0.0546875 0.20323325635103925
0 0.72734375 0.3441108545034642 0.0375 0.23556581986143188
0 0.755859375 0.8706697459584296 0.04765625 0.2586605080831409
0 0.8515625 0.953810623556582 0.0578125 0.09237875288683603
0 0.20234375 0.4468822170900693 0.0453125 0.22401847575057737