0 0.48671875 0.055299539170506916 0.0296875 0.11059907834101383
0 0.35546875 0.21889400921658986 0.0453125 0.2534562211981567
0 0.496875 0.5161290322580645 0.090625 0.12903225806451613
0 0.32734375 0.17972350230414746 0.0359375 0.20276497695852536
0 0.41953125 0.10599078341013825 0.0453125 0.2119815668202765
0 0.45390625 0.08525345622119816 0.0421875 0.17050691244239632
0 0.38046875 0.08986175115207373 0.0421875 0.17972350230414746
0 0.54140625 0.43548387096774194 0.0421875 0.24423963133640553
0 0.47890625 0.26036866359447003 0.0578125 0.2534562211981567
0 0.38359375 0.3064516129032258 0.0578125 0.2534562211981567
0 0.4359375 0.31336405529953915 0.059375 0.2672811059907834
0 0.4625 0.9331797235023042 0.05625 0.1336405529953917
0 0.21328125 0.5714285714285714 0.0515625 0.30414746543778803
0 0.584375 0.12903225806451613 0.05 0.23963133640552994
0 0.7625 0.24423963133640553 0.078125 0.22119815668202766
0 0.3234375 0.967741935483871 0.053125 0.06451612903225806