0 0.92109375 0.3778801843317972 0.0484375 0.2488479262672811
0 0.8703125 0.3824884792626728 0.05625 0.2488479262672811
0 0.3671875 0.3778801843317972 0.04375 0.29493087557603687
0 0.40703125 0.31336405529953915 0.0453125 0.2857142857142857
0 0.95625 0.3248847926267281 0.059375 0.3271889400921659
0 0.47109375 0.35944700460829493 0.0609375 0.2488479262672811
0 0.83515625 0.2903225806451613 0.0484375 0.23963133640552994
0 0.5109375 0.38940092165898615 0.075 0.3271889400921659
0 0.1984375 0.5368663594470046 0.04375 0.3548387096774194
0 0.38359375 0.619815668202765 0.0484375 0.37327188940092165
0 0.565625 0.26497695852534564 0.059375 0.1889400921658986
0 0.028125 0.14055299539170507 0.053125 0.24423963133640553
0 0.03125 0.6336405529953917 0.0625 0.31797235023041476
0 0.23828125 0.7004608294930875 0.0546875 0.35944700460829493