0 0.49609375 0.45852534562211983 0.0453125 0.2350230414746544
0 0.61953125 0.6912442396313364 0.0546875 0.30414746543778803
0 0.55703125 0.5875576036866359 0.0515625 0.2903225806451613
0 0.390625 0.5391705069124424 0.046875 0.2488479262672811
0 0.4484375 0.2903225806451613 0.0375 0.2304147465437788
0 0.40859375 0.29723502304147464 0.0484375 0.24423963133640553
0 0.58515625 0.6405529953917051 0.0421875 0.2672811059907834
0 0.5578125 0.06221198156682028 0.028125 0.12442396313364056
0 0.65390625 0.43317972350230416 0.0484375 0.23963133640552994
0 0.7109375 0.5552995391705069 0.0375 0.2626728110599078
0 0.521875 0.08064516129032258 0.04375 0.16129032258064516
0 0.31953125 0.4815668202764977 0.0578125 0.2626728110599078
0 0.62421875 0.03917050691244239 0.0484375 0.07834101382488479
0 0.290625 0.055299539170506916 0.03125 0.11059907834101383
0 0.78671875 0.6474654377880185 0.0484375 0.24423963133640553