0 0.55546875 0.29493087557603687 0.1109375 0.20276497695852536
0 0.57421875 0.17972350230414746 0.1046875 0.35944700460829493
0 0.2203125 0.055299539170506916 0.128125 0.11059907834101383
0 0.66171875 0.10829493087557604 0.0671875 0.21658986175115208
0 0.70390625 0.1912442396313364 0.0796875 0.3824884792626728
0 0.8609375 0.5691244239631337 0.20625 0.2903225806451613
0 0.46640625 0.5023041474654378 0.1109375 0.2764976958525346
0 0.959375 0.39400921658986177 0.071875 0.5023041474654378
0 0.6734375 0.5990783410138248 0.096875 0.6267281105990783
0 0.81640625 0.2304147465437788 0.1046875 0.4608294930875576
0 0.55703125 0.5668202764976958 0.1421875 0.5806451612903226