0 0.41015625 0.1382488479262673 0.0421875 0.11981566820276497
0 0.43515625 0.22811059907834103 0.0515625 0.1889400921658986
0 0.49296875 0.31336405529953915 0.0609375 0.16589861751152074
0 0.409375 0.06912442396313365 0.046875 0.10138248847926268
0 0.378125 0.1912442396313364 0.04375 0.1336405529953917
0 0.3875 0.26497695852534564 0.046875 0.14285714285714285
0 0.39140625 0.4032258064516129 0.0578125 0.2073732718894009
0 0.50234375 0.23963133640552994 0.0640625 0.18433179723502305
0 0.47421875 0.3847926267281106 0.0546875 0.24423963133640553
0 0.51484375 0.08986175115207373 0.0609375 0.17972350230414746
0 0.45234375 0.03456221198156682 0.0484375 0.06912442396313365
0 0.32421875 0.576036866359447 0.0671875 0.25806451612903225
0 0.678125 0.3548387096774194 0.046875 0.2488479262672811
0 0.11328125 0.2119815668202765 0.0421875 0.2488479262672811
0 0.54453125 0.03225806451612903 0.0421875 0.06451612903225806
0 0.88046875 0.5552995391705069 0.0453125 0.2626728110599078
0 0.6359375 0.4930875576036866 0.05 0.2764976958525346
0 0.63671875 0.14055299539170507 0.0421875 0.2626728110599078
0 0.6796875 0.9124423963133641 0.053125 0.17511520737327188
0 0.29140625 0.8940092165898618 0.0796875 0.2119815668202765