0 0.4625 0.4216589861751152 0.04375 0.16129032258064516
0 0.46796875 0.3294930875576037 0.0515625 0.10599078341013825
0 0.51640625 0.5092165898617511 0.0484375 0.17972350230414746
0 0.50703125 0.37327188940092165 0.0359375 0.12903225806451613
0 0.453125 0.2511520737327189 0.053125 0.0967741935483871
0 0.434375 0.5714285714285714 0.05625 0.22119815668202766
0 0.4203125 0.5023041474654378 0.05 0.15668202764976957
0 0.4703125 0.12442396313364056 0.0375 0.22119815668202766
1 0.95390625 0.09216589861751152 0.0328125 0.18433179723502305
0 0.23984375 0.10138248847926268 0.0296875 0.20276497695852536
0 0.39609375 0.41935483870967744 0.0484375 0.17511520737327188
0 0.38046875 0.3271889400921659 0.0515625 0.16589861751152074
0 0.61015625 0.3087557603686636 0.0515625 0.15668202764976957
0 0.40703125 0.8271889400921659 0.0453125 0.2534562211981567
0 0.353125 0.2073732718894009 0.05 0.18433179723502305
0 0.2484375 0.45852534562211983 0.04375 0.21658986175115208
0 0.20234375 0.35253456221198154 0.0421875 0.2073732718894009
0 0.74375 0.35714285714285715 0.04375 0.19815668202764977
0 0.596875 0.7396313364055299 0.0625 0.271889400921659