0 0.98203125 0.1774193548387097 0.0328125 0.3548387096774194
0 0.91484375 0.3294930875576037 0.0859375 0.19815668202764977
0 0.0203125 0.6566820276497696 0.040625 0.4470046082949309
0 0.9609375 0.09907834101382489 0.05 0.19815668202764977
0 0.5046875 0.2695852534562212 0.0625 0.3456221198156682
0 0.31171875 0.2465437788018433 0.0796875 0.33640552995391704
0 0.53046875 0.3617511520737327 0.0671875 0.4009216589861751
0 0.30625 0.06451612903225806 0.040625 0.12903225806451613
0 0.703125 0.43548387096774194 0.071875 0.3548387096774194
0 0.03671875 0.04377880184331797 0.0484375 0.08755760368663594
0 0.94296875 0.2880184331797235 0.0890625 0.271889400921659
0 0.10703125 0.9009216589861752 0.0765625 0.19815668202764977
0 0.725 0.6682027649769585 0.075 0.4608294930875576