0 0.92890625 0.7488479262672811 0.0796875 0.33640552995391704
0 0.07265625 0.347926267281106 0.0515625 0.3087557603686636
0 0.44375 0.27419354838709675 0.05 0.2626728110599078
0 0.8796875 0.7557603686635944 0.06875 0.25806451612903225
0 0.47421875 0.39631336405529954 0.0578125 0.2672811059907834
0 0.96328125 0.5483870967741935 0.0578125 0.3686635944700461
0 0.36484375 0.4792626728110599 0.0828125 0.4147465437788018
0 0.4078125 0.27419354838709675 0.05 0.28110599078341014
0 0.42109375 0.631336405529954 0.0859375 0.39631336405529954
0 0.95703125 0.22350230414746544 0.0703125 0.2534562211981567
0 0.6078125 0.22119815668202766 0.059375 0.35944700460829493
0 0.31875 0.44930875576036866 0.078125 0.33640552995391704
0 0.5578125 0.21889400921658986 0.06875 0.37327188940092165
0 0.84375 0.28110599078341014 0.06875 0.3317972350230415