0 0.60703125 0.27419354838709675 0.0453125 0.17972350230414746
0 0.528125 0.1912442396313364 0.0375 0.16129032258064516
0 0.5953125 0.3387096774193548 0.04375 0.15207373271889402
0 0.55234375 0.38940092165898615 0.0484375 0.15207373271889402
0 0.51875 0.3317972350230415 0.04375 0.15668202764976957
0 0.52265625 0.09907834101382489 0.0359375 0.12442396313364056
0 0.38203125 0.3064516129032258 0.0390625 0.15207373271889402
0 0.4890625 0.4078341013824885 0.05 0.15207373271889402
0 0.61640625 0.10829493087557604 0.0390625 0.17050691244239632
0 0.646875 0.2557603686635945 0.04375 0.17972350230414746
0 0.384375 0.1774193548387097 0.03125 0.16129032258064516
0 0.47109375 0.5576036866359447 0.0609375 0.18433179723502305
0 0.5828125 0.4631336405529954 0.05 0.22580645161290322
0 0.36796875 0.4447004608294931 0.0390625 0.22580645161290322
0 0.415625 0.7442396313364056 0.040625 0.22580645161290322
0 0.59765625 0.7442396313364056 0.0640625 0.2350230414746544
0 0.52265625 0.7188940092165899 0.0640625 0.25806451612903225
0 0.82890625 0.3847926267281106 0.0421875 0.21658986175115208
0 0.14453125 0.7327188940092166 0.0453125 0.23963133640552994