0 0.47421875 0.3294930875576037 0.0359375 0.1336405529953917
1 0.059375 0.1774193548387097 0.028125 0.21658986175115208
0 0.44609375 0.2995391705069124 0.0359375 0.17511520737327188
0 0.57734375 0.29493087557603687 0.0453125 0.10138248847926268
0 0.22890625 0.31797235023041476 0.0265625 0.23963133640552994
1 0.03515625 0.5276497695852534 0.0453125 0.2350230414746544
0 0.6265625 0.7258064516129032 0.028125 0.2626728110599078
0 0.41796875 0.42857142857142855 0.0421875 0.22119815668202766
0 0.47265625 0.5207373271889401 0.0453125 0.16589861751152074
0 0.640625 0.33640552995391704 0.03125 0.23963133640552994
1 0.78671875 0.3064516129032258 0.0421875 0.24423963133640553
0 0.85625 0.24423963133640553 0.025 0.23963133640552994
0 0.67734375 0.5 0.0296875 0.24423963133640553
0 0.7203125 0.17050691244239632 0.021875 0.2304147465437788
0 0.55625 0.5207373271889401 0.05625 0.2304147465437788
0 0.66953125 0.23271889400921658 0.0296875 0.22580645161290322
0 0.60234375 0.18433179723502305 0.0359375 0.2119815668202765