0 0.73828125 0.04734411085450346 0.046875 0.09468822170900693
0 0.5296875 0.5334872979214781 0.0453125 0.3418013856812933
0 0.403515625 0.5381062355658198 0.06484375 0.3094688221709007
0 0.396484375 0.384526558891455 0.06796875 0.3210161662817552
0 0.721484375 0.1397228637413395 0.05390625 0.279445727482679
0 0.74921875 0.8464203233256351 0.06875 0.3071593533487298
0 0.428515625 0.3441108545034642 0.06015625 0.3279445727482679
0 0.59296875 0.5288683602771362 0.0703125 0.3187066974595843
0 0.234375 0.44226327944572746 0.0640625 0.25635103926096997
0 0.492578125 0.6431870669745958 0.07109375 0.3302540415704388
0 0.56953125 0.6327944572748267 0.0671875 0.3464203233256351
0 0.5875 0.050808314087759814 0.071875 0.10161662817551963
0 0.324609375 0.4399538106235566 0.06171875 0.26096997690531176
0 0.78828125 0.5196304849884527 0.0484375 0.3002309468822171