0 0.2703125 0.39400921658986177 0.040625 0.22580645161290322
0 0.259375 0.2857142857142857 0.0375 0.12903225806451613
0 0.50703125 0.45161290322580644 0.0421875 0.17511520737327188
0 0.30390625 0.5460829493087558 0.0484375 0.1889400921658986
0 0.33359375 0.271889400921659 0.0453125 0.09216589861751152
0 0.24609375 0.46774193548387094 0.0328125 0.2073732718894009
0 0.28671875 0.49078341013824883 0.0484375 0.1889400921658986
0 0.3765625 0.5875576036866359 0.046875 0.1889400921658986
0 0.32265625 0.6382488479262672 0.0390625 0.2073732718894009
0 0.46484375 0.2903225806451613 0.0390625 0.16589861751152074
1 0.096875 0.45622119815668205 0.040625 0.22119815668202766
1 0.9671875 0.8248847926267281 0.040625 0.2488479262672811
0 0.85390625 0.27880184331797236 0.0265625 0.21658986175115208