0 0.534375 0.3294930875576037 0.034375 0.15207373271889402
0 0.48984375 0.391705069124424 0.0515625 0.2672811059907834
0 0.553125 0.17511520737327188 0.040625 0.2304147465437788
0 0.50234375 0.06682027649769585 0.0515625 0.1336405529953917
0 0.58671875 0.2511520737327189 0.0390625 0.2350230414746544
0 0.70546875 0.27880184331797236 0.0703125 0.271889400921659
0 0.5421875 0.5829493087557603 0.053125 0.31797235023041476
0 0.56640625 0.5 0.0453125 0.31797235023041476
0 0.49453125 0.5990783410138248 0.0546875 0.3225806451612903
0 0.3046875 0.31105990783410137 0.04375 0.2350230414746544
0 0.01640625 0.06912442396313365 0.0328125 0.1382488479262673
0 0.475 0.23271889400921658 0.053125 0.21658986175115208
0 0.38828125 0.8663594470046083 0.0703125 0.2672811059907834
0 0.3140625 0.9009216589861752 0.06875 0.19815668202764977
0 0.37890625 0.03917050691244239 0.0609375 0.07834101382488479
0 0.390625 0.16359447004608296 0.0625 0.24423963133640553