0 0.490625 0.26036866359447003 0.040625 0.16129032258064516
0 0.528125 0.43317972350230416 0.053125 0.10138248847926268
0 0.515625 0.3640552995391705 0.05 0.09216589861751152
0 0.515625 0.5138248847926268 0.04375 0.17972350230414746
0 0.453125 0.3778801843317972 0.065625 0.16589861751152074
0 0.5515625 0.3456221198156682 0.046875 0.16589861751152074
0 0.30390625 0.07834101382488479 0.0296875 0.15668202764976957
0 0.29765625 0.3317972350230415 0.0328125 0.23963133640552994
0 0.115625 0.7672811059907834 0.034375 0.3087557603686636
0 0.4359375 0.48847926267281105 0.065625 0.14746543778801843
0 0.04921875 0.5391705069124424 0.0578125 0.2764976958525346
0 0.571875 0.2857142857142857 0.059375 0.17511520737327188
0 0.71640625 0.3778801843317972 0.0515625 0.25806451612903225
0 0.12109375 0.16129032258064516 0.0359375 0.22119815668202766
0 0.41328125 0.6290322580645161 0.0734375 0.17050691244239632
0 0.69375 0.5230414746543779 0.04375 0.2350230414746544
0 0.346875 0.4216589861751152 0.040625 0.24423963133640553
0 0.55234375 0.6221198156682027 0.0640625 0.2764976958525346
0 0.6453125 0.027649769585253458 0.053125 0.055299539170506916
0 0.49765625 0.7073732718894009 0.0671875 0.24423963133640553
0 0.5921875 0.0944700460829493 0.053125 0.1889400921658986