0 0.47265625 0.32027649769585254 0.0609375 0.41935483870967744
0 0.16484375 0.052995391705069124 0.0609375 0.10599078341013825
0 0.08359375 0.10599078341013825 0.1015625 0.2119815668202765
0 0.4171875 0.511520737327189 0.06875 0.31336405529953915
0 0.55078125 0.3087557603686636 0.0765625 0.3686635944700461
0 0.128125 0.271889400921659 0.121875 0.39631336405529954
0 0.45078125 0.08755760368663594 0.1171875 0.17511520737327188
0 0.0875 0.1774193548387097 0.096875 0.3548387096774194
0 0.41015625 0.7695852534562212 0.1046875 0.4608294930875576
0 0.275 0.14516129032258066 0.103125 0.2903225806451613
0 0.38359375 0.04377880184331797 0.0734375 0.08755760368663594