0 0.5546875 0.44930875576036866 0.040625 0.1889400921658986
0 0.49609375 0.6428571428571429 0.0421875 0.17972350230414746
0 0.4921875 0.5 0.053125 0.15207373271889402
0 0.6078125 0.3271889400921659 0.053125 0.16589861751152074
0 0.6984375 0.4147465437788018 0.0375 0.2304147465437788
0 0.5078125 0.29493087557603687 0.0625 0.1382488479262673
0 0.5921875 0.5576036866359447 0.059375 0.18433179723502305
0 0.5765625 0.1935483870967742 0.040625 0.16589861751152074
0 0.49921875 0.37557603686635943 0.0640625 0.14285714285714285
0 0.4609375 0.663594470046083 0.053125 0.20276497695852536
0 0.584375 0.35944700460829493 0.046875 0.18433179723502305
0 0.2234375 0.1889400921658986 0.03125 0.2304147465437788
0 0.709375 0.5207373271889401 0.0375 0.22119815668202766
0 0.49765625 0.08064516129032258 0.0328125 0.16129032258064516
0 0.42421875 0.9032258064516129 0.0484375 0.1935483870967742
0 0.62421875 0.08294930875576037 0.0515625 0.16589861751152074
0 0.53984375 0.8917050691244239 0.0578125 0.21658986175115208
0 0.45859375 0.2695852534562212 0.0328125 0.24423963133640553