0 0.54765625 0.29723502304147464 0.0359375 0.1152073732718894
0 0.55546875 0.22350230414746544 0.0484375 0.0967741935483871
0 0.01015625 0.4400921658986175 0.0203125 0.2626728110599078
0 0.5375 0.38018433179723504 0.04375 0.17972350230414746
0 0.36484375 0.2903225806451613 0.0328125 0.22119815668202766
0 0.45234375 0.17050691244239632 0.0390625 0.22119815668202766
0 0.396875 0.3870967741935484 0.034375 0.23963133640552994
0 0.56953125 0.18202764976958524 0.0453125 0.0967741935483871
0 0.48515625 0.5829493087557603 0.0609375 0.19815668202764977
0 0.3953125 0.10138248847926268 0.028125 0.20276497695852536
0 0.5875 0.4792626728110599 0.053125 0.2119815668202765
0 0.80546875 0.31797235023041476 0.0390625 0.20276497695852536
0 0.36796875 0.4608294930875576 0.0359375 0.25806451612903225
0 0.47734375 0.4216589861751152 0.0609375 0.15207373271889402
0 0.690625 0.2857142857142857 0.05 0.14746543778801843
0 0.4578125 0.33640552995391704 0.0625 0.16589861751152074
0 0.54296875 0.9078341013824884 0.0421875 0.18433179723502305
0 0.65625 0.9078341013824884 0.06875 0.18433179723502305