0 0.275 0.5737327188940092 0.053125 0.2626728110599078
0 0.51875 0.33410138248847926 0.05 0.12442396313364056
0 0.5515625 0.19815668202764977 0.046875 0.2672811059907834
0 0.48359375 0.5714285714285714 0.0546875 0.17511520737327188
0 0.6046875 0.6152073732718893 0.075 0.16129032258064516
0 0.534375 0.5460829493087558 0.059375 0.2073732718894009
0 0.45625 0.6497695852534562 0.075 0.20276497695852536
0 0.58125 0.7580645161290323 0.065625 0.19815668202764977
0 0.89375 0.23732718894009217 0.0375 0.28110599078341014
0 0.5109375 0.4216589861751152 0.053125 0.1336405529953917
1 0.021875 0.14746543778801843 0.04375 0.29493087557603687
0 0.85234375 0.09907834101382489 0.0421875 0.19815668202764977
0 0.53125 0.06912442396313365 0.065625 0.1382488479262673
0 0.653125 0.3317972350230415 0.065625 0.16589861751152074
0 0.48046875 0.1175115207373272 0.0390625 0.2350230414746544
0 0.61796875 0.48847926267281105 0.0734375 0.1935483870967742
0 0.6765625 0.12672811059907835 0.046875 0.2534562211981567
0 0.7390625 0.4423963133640553 0.04375 0.2857142857142857
0 0.63125 0.7972350230414746 0.053125 0.29493087557603687
0 0.7203125 0.6728110599078341 0.046875 0.2857142857142857
0 0.446875 0.7788018433179723 0.078125 0.2764976958525346