0 0.1953125 0.5806451612903226 0.040625 0.1935483870967742
0 0.27578125 0.31336405529953915 0.0328125 0.16589861751152074
0 0.3515625 0.3847926267281106 0.028125 0.1889400921658986
0 0.21171875 0.31336405529953915 0.0421875 0.20276497695852536
0 0.2109375 0.1935483870967742 0.03125 0.14746543778801843
0 0.5 0.029953917050691243 0.025 0.059907834101382486
0 0.27421875 0.5299539170506913 0.0359375 0.25806451612903225
0 0.87578125 0.03686635944700461 0.0296875 0.07373271889400922
0 0.1453125 0.423963133640553 0.040625 0.2488479262672811
0 0.296875 0.3433179723502304 0.034375 0.2073732718894009
0 0.16953125 0.6129032258064516 0.0515625 0.2304147465437788
0 0.1796875 0.31105990783410137 0.034375 0.1889400921658986
0 0.240625 0.4838709677419355 0.053125 0.23963133640552994
0 0.4828125 0.22811059907834103 0.059375 0.19815668202764977
0 0.5734375 0.5737327188940092 0.046875 0.1889400921658986
0 0.62578125 0.5483870967741935 0.0421875 0.17511520737327188