0 0.46875 0.6244239631336406 0.05 0.1336405529953917
0 0.49296875 0.48847926267281105 0.0546875 0.11981566820276497
0 0.48515625 0.39631336405529954 0.0453125 0.15668202764976957
0 0.44609375 0.7995391705069125 0.0515625 0.24423963133640553
0 0.41640625 0.7442396313364056 0.0515625 0.2350230414746544
0 0.5078125 0.5691244239631337 0.053125 0.17050691244239632
0 0.5890625 0.38018433179723504 0.0625 0.16129032258064516
0 0.56875 0.6451612903225806 0.065625 0.1382488479262673
0 0.9796875 0.8917050691244239 0.040625 0.21658986175115208
0 0.5578125 0.7672811059907834 0.059375 0.17972350230414746
0 0.3375 0.5092165898617511 0.0375 0.28110599078341014
0 0.58046875 0.8870967741935484 0.0484375 0.22580645161290322
0 0.1734375 0.5230414746543779 0.04375 0.2534562211981567
0 0.76015625 0.5506912442396313 0.0515625 0.2534562211981567
0 0.58671875 0.5552995391705069 0.0609375 0.17972350230414746
0 0.69765625 0.7442396313364056 0.0484375 0.2903225806451613
0 0.69921875 0.2926267281105991 0.0421875 0.2534562211981567
0 0.5140625 0.1543778801843318 0.05625 0.22580645161290322