0 0.46197916666666666 0.4460708782742681 0.041666666666666664 0.15870570107858242
0 0.4473958333333333 0.49691833590138673 0.04375 0.14021571648690292
0 0.53671875 0.45993836671802774 0.059895833333333336 0.13713405238828968
0 0.4471354166666667 0.3474576271186441 0.043229166666666666 0.12480739599383667
0 0.4583333333333333 0.23728813559322035 0.0375 0.1016949152542373
0 0.4859375 0.3828967642526965 0.051041666666666666 0.14946070878274267
0 0.48515625 0.2280431432973806 0.0328125 0.1510015408320493
0 0.43307291666666664 0.5624036979969184 0.044270833333333336 0.1510015408320493
0 0.5424479166666667 0.5677966101694916 0.06822916666666666 0.1679506933744222
0 0.7260416666666667 0.36902927580893685 0.03958333333333333 0.19568567026194145
0 0.5502604166666667 0.37442218798151 0.05364583333333333 0.16024653312788906
0 0.4080729166666667 0.6278890600924499 0.0484375 0.17719568567026195
0 0.5625 0.22496147919876733 0.052083333333333336 0.18489984591679506
0 0.7846354166666667 0.6448382126348228 0.0390625 0.2573189522342065
0 0.9651041666666667 0.20955315870570107 0.034375 0.24036979969183359
0 0.46041666666666664 0.0423728813559322 0.025 0.0847457627118644
0 0.5138020833333333 0.6756548536209553 0.043229166666666666 0.24191063174114022
0 0.22265625 0.3605546995377504 0.04010416666666667 0.21879815100154082
0 0.9723958333333333 0.5254237288135594 0.0375 0.23728813559322035
0 0.5950520833333334 0.17796610169491525 0.030729166666666665 0.24499229583975346