0 0.5546875 0.18202764976958524 0.06875 0.33640552995391704
1 0.11484375 0.14516129032258066 0.0671875 0.2903225806451613
0 0.421875 0.029953917050691243 0.0625 0.059907834101382486
0 0.4328125 0.14516129032258066 0.065625 0.2903225806451613
0 0.6109375 0.22811059907834103 0.0625 0.3548387096774194
0 0.49140625 0.30184331797235026 0.1046875 0.3640552995391705
0 0.39453125 0.20967741935483872 0.0765625 0.33640552995391704
0 0.72734375 0.18433179723502305 0.0484375 0.3225806451612903
0 0.6546875 0.7211981566820277 0.10625 0.3824884792626728
0 0.7890625 0.1313364055299539 0.065625 0.2626728110599078
0 0.46015625 0.7557603686635944 0.0671875 0.35944700460829493