0 0.9859375 0.06682027649769585 0.028125 0.1336405529953917
0 0.47265625 0.1152073732718894 0.0359375 0.1382488479262673
0 0.55078125 0.2304147465437788 0.0640625 0.22119815668202766
0 0.62265625 0.42857142857142855 0.0453125 0.2304147465437788
0 0.4796875 0.29723502304147464 0.040625 0.2534562211981567
0 0.596875 0.2695852534562212 0.053125 0.2626728110599078
0 0.6625 0.20276497695852536 0.04375 0.20276497695852536
0 0.5375 0.055299539170506916 0.040625 0.11059907834101383
0 0.49609375 0.08294930875576037 0.0484375 0.16589861751152074
0 0.30078125 0.11290322580645161 0.0578125 0.22580645161290322
0 0.34140625 0.16359447004608296 0.0546875 0.24423963133640553
0 0.66875 0.423963133640553 0.05625 0.2764976958525346
0 0.61015625 0.1543778801843318 0.0578125 0.2626728110599078
0 0.6609375 0.8502304147465438 0.046875 0.2995391705069124
0 0.703125 0.8894009216589862 0.0625 0.22119815668202766