0 0.51484375 0.43317972350230416 0.0578125 0.2119815668202765
0 0.4453125 0.3387096774193548 0.075 0.15207373271889402
0 0.37265625 0.5921658986175116 0.0640625 0.17050691244239632
0 0.42578125 0.6359447004608295 0.0796875 0.423963133640553
0 0.609375 0.1497695852534562 0.05 0.271889400921659
0 0.8078125 0.2834101382488479 0.059375 0.2995391705069124
0 0.346875 0.1912442396313364 0.04375 0.3548387096774194
0 0.30625 0.2695852534562212 0.05 0.3640552995391705
0 0.83984375 0.5230414746543779 0.0609375 0.3640552995391705
0 0.4203125 0.14285714285714285 0.05625 0.2857142857142857
0 0.36796875 0.1359447004608295 0.0453125 0.271889400921659
0 0.9421875 0.16129032258064516 0.08125 0.30414746543778803
0 0.7875 0.08064516129032258 0.0625 0.16129032258064516
0 0.625 0.41013824884792627 0.06875 0.4055299539170507
0 0.24609375 0.16589861751152074 0.0640625 0.3317972350230415
0 0.5671875 0.1359447004608295 0.053125 0.271889400921659