0 0.35703125 0.23271889400921658 0.0328125 0.1336405529953917
0 0.72890625 0.06912442396313365 0.0265625 0.1382488479262673
0 0.33671875 0.3064516129032258 0.0390625 0.17050691244239632
1 0.63359375 0.2350230414746544 0.0296875 0.17511520737327188
0 0.42421875 0.30184331797235026 0.0546875 0.12442396313364056
0 0.28359375 0.027649769585253458 0.0390625 0.055299539170506916
0 0.7796875 0.4078341013824885 0.0375 0.1889400921658986
0 0.4296875 0.0576036866359447 0.028125 0.1152073732718894
0 0.50234375 0.9078341013824884 0.0390625 0.18433179723502305
0 0.3421875 0.47235023041474655 0.040625 0.19815668202764977
0 0.5375 0.195852534562212 0.034375 0.16129032258064516
0 0.6453125 0.6036866359447005 0.034375 0.1935483870967742
0 0.5234375 0.37327188940092165 0.034375 0.18433179723502305
0 0.1984375 0.22350230414746544 0.028125 0.17972350230414746
0 0.38828125 0.8940092165898618 0.0546875 0.2119815668202765
0 0.3796875 0.6129032258064516 0.05625 0.2119815668202765