0 0.5497395833333333 0.150231124807396 0.0296875 0.12480739599383667
0 0.5651041666666666 0.2650231124807396 0.03125 0.1448382126348228
0 0.6234375 0.4306625577812018 0.035416666666666666 0.1802773497688752
0 0.59140625 0.3235747303543914 0.033854166666666664 0.1386748844375963
0 0.44817708333333334 0.05084745762711865 0.021354166666666667 0.1016949152542373
1 0.9411458333333333 0.03697996918335902 0.023958333333333335 0.07395993836671803
0 0.57109375 0.10323574730354391 0.034895833333333334 0.14791987673343607
0 0.53046875 0.04776579352850539 0.0328125 0.09553158705701079
0 0.6375 0.6055469953775039 0.03229166666666667 0.18489984591679506
0 0.6515625 0.8613251155624037 0.04375 0.1941448382126348
0 0.49895833333333334 0.8967642526964561 0.030208333333333334 0.20647149460708783
0 0.6794270833333333 0.19722650231124808 0.033854166666666664 0.17565485362095531
0 0.36875 0.3258859784283513 0.029166666666666667 0.1864406779661017
0 0.49505208333333334 0.2812018489984592 0.05364583333333333 0.14329738058551617
0 0.4473958333333333 0.5947611710323575 0.028125 0.17873651771956856
0 0.48385416666666664 0.15254237288135594 0.04895833333333333 0.13559322033898305
0 0.47994791666666664 0.06394453004622497 0.050520833333333334 0.12788906009244994
0 0.5091145833333334 0.4445300462249615 0.0578125 0.15870570107858242