0 0.4390625 0.2488479262672811 0.046875 0.14746543778801843
0 0.4015625 0.4078341013824885 0.05 0.17972350230414746
0 0.25 0.21889400921658986 0.028125 0.2350230414746544
0 0.4359375 0.15668202764976957 0.04375 0.10138248847926268
1 0.23125 0.12672811059907835 0.028125 0.2073732718894009
0 0.52109375 0.10138248847926268 0.0390625 0.14746543778801843
0 0.50625 0.2903225806451613 0.053125 0.14746543778801843
0 0.490625 0.35944700460829493 0.05625 0.16589861751152074
0 0.615625 0.1935483870967742 0.028125 0.17511520737327188
1 0.7625 0.28110599078341014 0.028125 0.2304147465437788
0 0.21953125 0.3248847926267281 0.0390625 0.19815668202764977
0 0.29453125 0.8940092165898618 0.0484375 0.2119815668202765
0 0.6234375 0.3640552995391705 0.034375 0.2304147465437788
0 0.571875 0.07834101382488479 0.03125 0.15668202764976957
0 0.653125 0.9055299539170507 0.040625 0.1889400921658986
0 0.8484375 0.48847926267281105 0.03125 0.2488479262672811
0 0.2203125 0.7741935483870968 0.053125 0.2672811059907834
0 0.48046875 0.7649769585253456 0.0390625 0.2672811059907834