0 0.09296875 0.02534562211981567 0.0515625 0.05069124423963134
1 0.09375 0.02304147465437788 0.053125 0.04608294930875576
0 0.371875 0.391705069124424 0.05625 0.1935483870967742
0 0.10390625 0.35253456221198154 0.0390625 0.19815668202764977
0 0.31640625 0.20276497695852536 0.0453125 0.14746543778801843
0 0.34140625 0.2926267281105991 0.0609375 0.14285714285714285
0 0.11484375 0.4700460829493088 0.0453125 0.25806451612903225
0 0.27578125 0.1152073732718894 0.0453125 0.20276497695852536
0 0.4109375 0.7534562211981567 0.053125 0.3271889400921659
1 0.59765625 0.23732718894009217 0.0390625 0.2350230414746544
0 0.265625 0.35023041474654376 0.05 0.18433179723502305
0 0.47109375 0.5345622119815668 0.0734375 0.25806451612903225
0 0.31015625 0.4769585253456221 0.0578125 0.2534562211981567
0 0.2421875 0.29493087557603687 0.065625 0.22119815668202766
0 0.8859375 0.9631336405529954 0.065625 0.07373271889400922
0 0.62109375 0.6705069124423964 0.0484375 0.2626728110599078
0 0.5078125 0.29493087557603687 0.040625 0.2488479262672811
0 0.121875 0.10368663594470046 0.05 0.2073732718894009