0 0.94921875 0.019630484988452657 0.0515625 0.03926096997690531
0 0.900390625 0.09006928406466513 0.06171875 0.18013856812933027
0 0.80234375 0.1928406466512702 0.0625 0.3210161662817552
0 0.33828125 0.10623556581986143 0.0640625 0.21247113163972287
0 0.35390625 0.3117782909930716 0.0625 0.3371824480369515
0 0.84765625 0.36027713625866054 0.06875 0.3325635103926097
0 0.595703125 0.5138568129330254 0.06796875 0.3625866050808314
0 0.55234375 0.28868360277136257 0.0578125 0.3094688221709007
0 0.255859375 0.03810623556581986 0.06171875 0.07621247113163972
0 0.8390625 0.04849884526558892 0.0765625 0.09699769053117784
0 0.432421875 0.3187066974595843 0.08203125 0.30484988452655887