0 0.50546875 0.543778801843318 0.0515625 0.20276497695852536
0 0.4671875 0.31797235023041476 0.05 0.14746543778801843
0 0.5203125 0.4032258064516129 0.046875 0.15207373271889402
0 0.21171875 0.1175115207373272 0.0328125 0.21658986175115208
0 0.63515625 0.027649769585253458 0.0359375 0.055299539170506916
0 0.6609375 0.08294930875576037 0.046875 0.16589861751152074
0 0.39765625 0.5299539170506913 0.0609375 0.16589861751152074
0 0.36875 0.020737327188940093 0.028125 0.041474654377880185
0 0.29609375 0.07142857142857142 0.0265625 0.14285714285714285
0 0.69453125 0.5253456221198156 0.0390625 0.2488479262672811
0 0.54375 0.3686635944700461 0.05 0.17511520737327188
0 0.43359375 0.423963133640553 0.0484375 0.1382488479262673
1 0.11953125 0.3548387096774194 0.0359375 0.2857142857142857
0 0.40234375 0.815668202764977 0.0640625 0.2857142857142857
0 0.6640625 0.4308755760368664 0.04375 0.2626728110599078
0 0.3359375 0.576036866359447 0.06875 0.2119815668202765
0 0.17734375 0.4423963133640553 0.0421875 0.20276497695852536
0 0.2671875 0.7995391705069125 0.040625 0.28110599078341014
0 0.615625 0.16820276497695852 0.04375 0.22580645161290322