0 0.47265625 0.46543778801843316 0.0296875 0.16589861751152074
0 0.42265625 0.511520737327189 0.0390625 0.15668202764976957
0 0.4921875 0.5253456221198156 0.0375 0.17511520737327188
0 0.50078125 0.41244239631336405 0.0296875 0.12442396313364056
0 0.3671875 0.543778801843318 0.03125 0.15668202764976957
0 0.403125 0.43317972350230416 0.034375 0.14746543778801843
0 0.24375 0.42626728110599077 0.040625 0.17972350230414746
0 0.80078125 0.2534562211981567 0.0390625 0.1382488479262673
0 0.334375 0.5230414746543779 0.040625 0.16129032258064516
0 0.72890625 0.2834101382488479 0.0390625 0.15207373271889402
0 0.7359375 0.5253456221198156 0.04375 0.17511520737327188