0 0.63828125 0.16129032258064516 0.0390625 0.1382488479262673
0 0.62890625 0.2119815668202765 0.0359375 0.12903225806451613
0 0.584375 0.1359447004608295 0.04375 0.14285714285714285
0 0.52421875 0.31797235023041476 0.0453125 0.1382488479262673
0 0.73671875 0.23963133640552994 0.0421875 0.2488479262672811
0 0.55625 0.22350230414746544 0.040625 0.15207373271889402
0 0.5828125 0.03686635944700461 0.03125 0.07373271889400922
0 0.55625 0.41013824884792627 0.0375 0.1935483870967742
0 0.60546875 0.347926267281106 0.0390625 0.1889400921658986
0 0.134375 0.06221198156682028 0.021875 0.12442396313364056
0 0.3859375 0.3387096774193548 0.03125 0.22580645161290322
0 0.5890625 0.5691244239631337 0.05 0.24423963133640553
0 0.66015625 0.05069124423963134 0.0453125 0.10138248847926268
0 0.51875 0.1728110599078341 0.04375 0.17050691244239632
0 0.49921875 0.4216589861751152 0.0609375 0.17050691244239632
0 0.05546875 0.8271889400921659 0.0515625 0.22580645161290322
0 0.48828125 0.8894009216589862 0.0640625 0.22119815668202766
0 0.31640625 0.5299539170506913 0.0390625 0.2119815668202765