0 0.6096354166666667 0.10015408320493066 0.03697916666666667 0.17257318952234207
0 0.27369791666666665 0.36517719568567025 0.050520833333333334 0.2280431432973806
0 0.2546875 0.3921417565485362 0.040625 0.23266563944530047
0 0.40338541666666666 0.49768875192604006 0.03697916666666667 0.19722650231124808
0 0.61484375 0.24499229583975346 0.03802083333333333 0.20955315870570107
0 0.5388020833333333 0.11941448382126348 0.034895833333333334 0.1802773497688752
0 0.58515625 0.2526964560862866 0.050520833333333334 0.22496147919876733
0 0.49895833333333334 0.08012326656394453 0.035416666666666666 0.16024653312788906
0 0.5606770833333333 0.19799691833590138 0.0359375 0.2110939907550077
0 0.3919270833333333 0.6078582434514638 0.0390625 0.22033898305084745
0 0.4546875 0.41833590138674887 0.042708333333333334 0.2172573189522342
0 0.67890625 0.12403697996918336 0.0359375 0.2172573189522342
0 0.26666666666666666 0.06471494607087827 0.03229166666666667 0.12942989214175654