0 0.46328125 0.43317972350230416 0.0453125 0.22119815668202766
0 0.50546875 0.5276497695852534 0.0546875 0.10599078341013825
0 0.49921875 0.41705069124423966 0.0484375 0.10599078341013825
0 0.59765625 0.652073732718894 0.0578125 0.2626728110599078
0 0.70703125 0.3294930875576037 0.0390625 0.21658986175115208
0 0.55625 0.3548387096774194 0.05 0.1382488479262673
0 0.5359375 0.27880184331797236 0.053125 0.1336405529953917
0 0.72890625 0.4470046082949309 0.0484375 0.15668202764976957
0 0.56953125 0.4792626728110599 0.0578125 0.14746543778801843
0 0.74140625 0.6267281105990783 0.0515625 0.25806451612903225
0 0.49453125 0.6359447004608295 0.0609375 0.17511520737327188
0 0.45078125 0.32027649769585254 0.0609375 0.15207373271889402
0 0.49453125 0.8410138248847926 0.0734375 0.2534562211981567
0 0.3359375 0.5783410138248848 0.05 0.1889400921658986
0 0.17734375 0.4608294930875576 0.0421875 0.2304147465437788
0 0.490625 0.05069124423963134 0.040625 0.10138248847926268
0 0.4171875 0.04377880184331797 0.05625 0.08755760368663594