0 0.54921875 0.6543778801843319 0.0734375 0.15668202764976957
0 0.41953125 0.511520737327189 0.0421875 0.16589861751152074
0 0.54296875 0.5299539170506913 0.0765625 0.18433179723502305
0 0.4703125 0.5576036866359447 0.059375 0.18433179723502305
0 0.42265625 0.7949308755760369 0.0609375 0.2073732718894009
0 0.54296875 0.771889400921659 0.0765625 0.1889400921658986
0 0.9859375 0.2304147465437788 0.028125 0.22119815668202766
0 0.43203125 0.3778801843317972 0.0515625 0.11981566820276497
0 0.3578125 0.41935483870967744 0.046875 0.2488479262672811
0 0.70859375 0.6221198156682027 0.0390625 0.2857142857142857
0 0.68203125 0.41705069124423966 0.0390625 0.24423963133640553
0 0.7890625 0.14055299539170507 0.0375 0.2626728110599078
0 0.634375 0.868663594470046 0.0375 0.2626728110599078
0 0.15703125 0.5599078341013825 0.0484375 0.2534562211981567
0 0.85234375 0.7857142857142857 0.0640625 0.28110599078341014
0 0.54375 0.3433179723502304 0.0625 0.22580645161290322
0 0.428125 0.17511520737327188 0.06875 0.2119815668202765