0 0.1734375 0.2119815668202765 0.05 0.20276497695852536
0 0.11796875 0.06451612903225806 0.0390625 0.12903225806451613
0 0.54765625 0.4930875576036866 0.0578125 0.2672811059907834
0 0.2328125 0.14285714285714285 0.034375 0.1382488479262673
0 0.2046875 0.06221198156682028 0.040625 0.12442396313364056
0 0.26328125 0.2880184331797235 0.0453125 0.2350230414746544
0 0.521875 0.5184331797235023 0.059375 0.2995391705069124
0 0.58125 0.38940092165898615 0.05 0.2534562211981567
0 0.46640625 0.5345622119815668 0.0453125 0.2672811059907834
0 0.590625 0.695852534562212 0.04375 0.30414746543778803
0 0.39140625 0.783410138248848 0.0453125 0.29493087557603687
0 0.10625 0.48847926267281105 0.046875 0.29493087557603687
0 0.715625 0.49078341013824883 0.053125 0.2903225806451613
0 0.64453125 0.6589861751152074 0.0796875 0.2764976958525346
0 0.2125 0.30184331797235026 0.05625 0.2350230414746544
0 0.1921875 0.716589861751152 0.0625 0.2626728110599078