0 0.453125 0.6059907834101382 0.075 0.22580645161290322
0 0.55859375 0.8617511520737328 0.0671875 0.2764976958525346
0 0.62421875 0.8317972350230415 0.0734375 0.33640552995391704
0 0.74609375 0.7327188940092166 0.1921875 0.4055299539170507
0 0.6234375 0.4930875576036866 0.1 0.423963133640553
0 0.496875 0.880184331797235 0.09375 0.23963133640552994
0 0.51796875 0.5622119815668203 0.0984375 0.43317972350230416
0 0.93125 0.8018433179723502 0.13125 0.39631336405529954
0 0.42421875 0.38018433179723504 0.0921875 0.5944700460829493
0 0.25234375 0.29723502304147464 0.0828125 0.5944700460829493
0 0.20078125 0.7949308755760369 0.1015625 0.41013824884792627