0 0.47890625 0.41454965357967666 0.040625 0.10392609699769054
0 0.428125 0.6824480369515011 0.04375 0.15935334872979215
0 0.47734375 0.5612009237875288 0.0453125 0.12471131639722864
0 0.391796875 0.6939953810623557 0.04453125 0.14549653579676675
0 0.551171875 0.7448036951501155 0.04609375 0.19630484988452657
0 0.4453125 0.49884526558891457 0.0375 0.12009237875288684
1 0.035546875 0.35450346420323325 0.03359375 0.19630484988452657
0 0.54453125 0.8648960739030023 0.0296875 0.23325635103926096
0 0.508984375 0.687066974595843 0.05234375 0.15935334872979215
0 0.4453125 0.6247113163972287 0.0453125 0.14549653579676675
0 0.54140625 0.5762124711316398 0.0625 0.14549653579676675
0 0.212109375 0.49191685912240185 0.03828125 0.20785219399538107
0 0.57109375 0.9480369515011547 0.03125 0.10392609699769054
0 0.405859375 0.7551963048498845 0.05546875 0.20785219399538107
0 0.90390625 0.08660508083140878 0.028125 0.17321016166281755
0 0.5734375 0.42032332563510394 0.0640625 0.14318706697459585
0 0.665625 0.6662817551963048 0.0453125 0.20092378752886836
0 0.649609375 0.050808314087759814 0.03046875 0.10161662817551963
0 0.353125 0.8036951501154734 0.059375 0.22170900692840648
0 0.681640625 0.46882217090069284 0.03984375 0.18013856812933027
0 0.585546875 0.03810623556581986 0.04296875 0.07621247113163972