0 0.409375 0.4861751152073733 0.04375 0.16129032258064516
0 0.48125 0.652073732718894 0.05625 0.31797235023041476
0 0.815625 0.7258064516129032 0.053125 0.2350230414746544
0 0.77421875 0.17972350230414746 0.0390625 0.2488479262672811
0 0.8375 0.9377880184331797 0.0875 0.12442396313364056
0 0.396875 0.6728110599078341 0.046875 0.2857142857142857
0 0.915625 0.052995391705069124 0.05625 0.10599078341013825
0 0.2703125 0.7672811059907834 0.046875 0.33640552995391704
0 0.72734375 0.20967741935483872 0.0671875 0.2626728110599078
0 0.29375 0.48847926267281105 0.0625 0.2764976958525346
0 0.1640625 0.5944700460829493 0.05625 0.30414746543778803
0 0.31015625 0.7465437788018433 0.0453125 0.2672811059907834