0 0.5640625 0.15898617511520738 0.03125 0.15207373271889402
0 0.50546875 0.1912442396313364 0.0421875 0.1152073732718894
0 0.54375 0.2764976958525346 0.046875 0.16589861751152074
1 0.02734375 0.07373271889400922 0.0421875 0.14746543778801843
0 0.8921875 0.09907834101382489 0.03125 0.19815668202764977
0 0.3359375 0.27419354838709675 0.05 0.17050691244239632
0 0.465625 0.3640552995391705 0.059375 0.18433179723502305
0 0.5921875 0.38018433179723504 0.065625 0.1889400921658986
0 0.61171875 0.2903225806451613 0.0546875 0.18433179723502305
0 0.54609375 0.5046082949308756 0.0453125 0.2903225806451613
0 0.646875 0.2073732718894009 0.05625 0.18433179723502305
0 0.70234375 0.532258064516129 0.0390625 0.3087557603686636
0 0.35078125 0.8894009216589862 0.0578125 0.22119815668202766
0 0.203125 0.21889400921658986 0.046875 0.2350230414746544
0 0.68046875 0.0967741935483871 0.0546875 0.1935483870967742
0 0.746875 0.34101382488479265 0.046875 0.23963133640552994
0 0.321875 0.49539170506912444 0.06875 0.271889400921659
0 0.7859375 0.24193548387096775 0.04375 0.21658986175115208
0 0.24453125 0.847926267281106 0.0859375 0.30414746543778803