0 0.59921875 0.08064516129032258 0.0328125 0.1336405529953917
0 0.315625 0.988479262672811 0.05 0.02304147465437788
0 0.26484375 0.3847926267281106 0.0296875 0.22580645161290322
0 0.2859375 0.35944700460829493 0.040625 0.20276497695852536
0 0.53125 0.11059907834101383 0.0375 0.17511520737327188
0 0.6109375 0.2350230414746544 0.040625 0.20276497695852536
0 0.4984375 0.08064516129032258 0.034375 0.16129032258064516
0 0.45625 0.41244239631336405 0.04375 0.21658986175115208
0 0.5546875 0.195852534562212 0.0375 0.22580645161290322
0 0.584375 0.2488479262672811 0.053125 0.22119815668202766
0 0.396875 0.6036866359447005 0.034375 0.20276497695852536
0 0.6796875 0.1175115207373272 0.034375 0.2073732718894009
0 0.2671875 0.06221198156682028 0.034375 0.12442396313364056