0 0.29921875 0.24423963133640553 0.0359375 0.14746543778801843
0 0.165625 0.3087557603686636 0.034375 0.15668202764976957
0 0.39375 0.2304147465437788 0.05625 0.11981566820276497
0 0.38828125 0.38940092165898615 0.0578125 0.14285714285714285
0 0.30234375 0.43548387096774194 0.0484375 0.16129032258064516
1 0.6453125 0.29723502304147464 0.01875 0.21658986175115208
0 0.1734375 0.41244239631336405 0.040625 0.19815668202764977
0 0.4046875 0.03686635944700461 0.03125 0.07373271889400922
0 0.9078125 0.07142857142857142 0.03125 0.14285714285714285
0 0.39296875 0.29723502304147464 0.0546875 0.15207373271889402
0 0.384375 0.5138248847926268 0.05625 0.15207373271889402
0 0.3109375 0.03917050691244239 0.04375 0.07834101382488479
0 0.56328125 0.6474654377880185 0.0390625 0.2073732718894009
0 0.77109375 0.3225806451612903 0.0328125 0.22119815668202766
0 0.27578125 0.6129032258064516 0.0546875 0.18433179723502305
0 0.44375 0.391705069124424 0.034375 0.20276497695852536
0 0.3078125 0.815668202764977 0.05625 0.2119815668202765
0 0.403125 0.8294930875576036 0.046875 0.1935483870967742