0 0.65078125 0.07967667436489607 0.028125 0.13163972286374134
0 0.669140625 0.2806004618937644 0.03515625 0.15935334872979215
0 0.679296875 0.16397228637413394 0.03515625 0.11547344110854503
0 0.833984375 0.31986143187066973 0.03359375 0.16859122401847576
0 0.710546875 0.27367205542725176 0.03359375 0.15011547344110854
0 0.825390625 0.4214780600461894 0.03671875 0.20092378752886836
0 0.700390625 0.07390300230946882 0.03515625 0.12009237875288684
0 0.639453125 0.3348729792147806 0.03671875 0.14780600461893764
0 0.7109375 0.4376443418013857 0.0390625 0.19168591224018475
0 0.636328125 0.15242494226327943 0.04453125 0.14780600461893764
0 0.528125 0.21709006928406466 0.03125 0.17551963048498845
0 0.56484375 0.7782909930715936 0.040625 0.20785219399538107
0 0.512109375 0.151270207852194 0.03828125 0.15473441108545036
0 0.555078125 0.31524249422632794 0.03515625 0.16397228637413394
1 0.38203125 0.1997690531177829 0.021875 0.21478060046189376
0 0.389453125 0.4330254041570439 0.04765625 0.15935334872979215
0 0.7328125 0.24133949191685913 0.0453125 0.17782909930715934
0 0.485546875 0.7782909930715936 0.04453125 0.19399538106235567