0 0.08932291666666667 0.2950693374422188 0.033854166666666664 0.22033898305084745
0 0.47708333333333336 0.38366718027734975 0.03229166666666667 0.21263482280431434
0 0.50546875 0.3852080123266564 0.0421875 0.2218798151001541
0 0.9408854166666667 0.04776579352850539 0.021354166666666667 0.09553158705701079
0 0.047135416666666666 0.3312788906009245 0.04739583333333333 0.20955315870570107
0 0.37421875 0.2573189522342065 0.033854166666666664 0.18798151001540833
0 0.23854166666666668 0.9268104776579353 0.08125 0.14637904468412943
0 0.34791666666666665 0.23882896764252695 0.03229166666666667 0.1941448382126348
0 0.9197916666666667 0.0485362095531587 0.0375 0.0970724191063174
0 0.32708333333333334 0.3073959938366718 0.03958333333333333 0.21417565485362094
0 0.30390625 0.24191063174114022 0.0296875 0.18489984591679506
0 0.471875 0.8012326656394453 0.04479166666666667 0.26194144838212635
0 0.2625 0.20570107858243453 0.04583333333333333 0.2172573189522342
0 0.14270833333333333 0.2966101694915254 0.051041666666666666 0.2357473035439137
0 0.7067708333333333 0.46687211093990755 0.04791666666666667 0.2526964560862866