0 0.22578125 0.4147465437788018 0.0390625 0.22119815668202766
0 0.71484375 0.391705069124424 0.0578125 0.2304147465437788
0 0.65390625 0.25806451612903225 0.0484375 0.22119815668202766
1 0.209375 0.27880184331797236 0.03125 0.19815668202764977
0 0.540625 0.21889400921658986 0.028125 0.12442396313364056
0 0.18671875 0.4539170506912442 0.0484375 0.22580645161290322
0 0.6171875 0.22811059907834103 0.034375 0.1889400921658986
0 0.2546875 0.23732718894009217 0.03125 0.2073732718894009
0 0.12109375 0.8317972350230415 0.0578125 0.2534562211981567
0 0.759375 0.10368663594470046 0.046875 0.1889400921658986
0 0.80859375 0.24423963133640553 0.0359375 0.22119815668202766
0 0.1109375 0.5921658986175116 0.04375 0.21658986175115208