0 0.41875 0.38018433179723504 0.04375 0.17972350230414746
0 0.43125 0.5714285714285714 0.040625 0.2304147465437788
0 0.41640625 0.23732718894009217 0.0421875 0.15207373271889402
0 0.53515625 0.4700460829493088 0.0484375 0.15668202764976957
0 0.52265625 0.3640552995391705 0.0453125 0.15668202764976957
0 0.6375 0.10368663594470046 0.03125 0.2073732718894009
0 0.46171875 0.3870967741935484 0.0421875 0.15668202764976957
0 0.55234375 0.6244239631336406 0.0609375 0.19815668202764977
0 0.16015625 0.38940092165898615 0.0265625 0.24423963133640553
0 0.3625 0.2534562211981567 0.03125 0.2304147465437788
0 0.86484375 0.8387096774193549 0.0453125 0.23963133640552994
0 0.62109375 0.2557603686635945 0.0359375 0.2073732718894009
0 0.50390625 0.17972350230414746 0.0484375 0.15668202764976957
0 0.64453125 0.49539170506912444 0.0359375 0.2350230414746544
0 0.465625 0.6451612903225806 0.0625 0.2304147465437788
0 0.66875 0.391705069124424 0.0375 0.22119815668202766