0 0.58203125 0.11171032357473036 0.0265625 0.12172573189522343
0 0.31328125 0.020030816640986132 0.043229166666666666 0.040061633281972264
0 0.6278645833333333 0.17565485362095531 0.03697916666666667 0.20030816640986132
0 0.5104166666666666 0.3197226502311248 0.053125 0.2049306625577812
0 0.3299479166666667 0.5469953775038521 0.04635416666666667 0.2218798151001541
0 0.35911458333333335 0.7203389830508474 0.06927083333333334 0.2665639445300462
0 0.6333333333333333 0.3813559322033898 0.051041666666666666 0.28197226502311246
0 0.56953125 0.39368258859784283 0.044270833333333336 0.29121725731895226
0 0.78203125 0.3559322033898305 0.0453125 0.23112480739599384
0 0.5356770833333333 0.06702619414483821 0.050520833333333334 0.13405238828967642
0 0.190625 0.5647149460708782 0.05416666666666667 0.26348228043143296
0 0.32369791666666664 0.12018489984591679 0.03802083333333333 0.23112480739599384
0 0.6661458333333333 0.16486902927580893 0.042708333333333334 0.24345146379044685
0 0.7122395833333334 0.3073959938366718 0.07447916666666667 0.25115562403698
0 0.37864583333333335 0.2526964560862866 0.03854166666666667 0.23728813559322035