0 0.12734375 0.4308755760368664 0.0515625 0.2626728110599078
0 0.45 0.6451612903225806 0.053125 0.25806451612903225
0 0.35390625 0.31105990783410137 0.0484375 0.14285714285714285
0 0.2765625 0.3387096774193548 0.040625 0.16129032258064516
0 0.11484375 0.3824884792626728 0.0421875 0.2304147465437788
0 0.365625 0.23271889400921658 0.05625 0.17050691244239632
0 0.3453125 0.1152073732718894 0.0375 0.11981566820276497
0 0.33046875 0.029953917050691243 0.0328125 0.059907834101382486
0 0.3796875 0.5783410138248848 0.05 0.2350230414746544
0 0.25234375 0.3087557603686636 0.0703125 0.2119815668202765
0 0.4671875 0.8894009216589862 0.046875 0.22119815668202766
0 0.47890625 0.4470046082949309 0.0484375 0.20276497695852536
0 0.85546875 0.2350230414746544 0.0421875 0.2304147465437788
0 0.346875 0.8824884792626728 0.078125 0.2350230414746544
0 0.2546875 0.5207373271889401 0.078125 0.2672811059907834
0 0.27421875 0.6175115207373272 0.0765625 0.23963133640552994
0 0.228125 0.15898617511520738 0.0625 0.1889400921658986
0 0.24140625 0.02534562211981567 0.0546875 0.05069124423963134