0 0.547265625 0.3648960739030023 0.06328125 0.3279445727482679
0 0.5046875 0.5889145496535797 0.071875 0.30484988452655887
0 0.664453125 0.8545034642032333 0.08203125 0.2909930715935335
0 0.43203125 0.8013856812933026 0.0828125 0.3972286374133949
0 0.521875 0.8060046189376443 0.0796875 0.3741339491916859
0 0.456640625 0.3163972286374134 0.07578125 0.3556581986143187
0 0.421484375 0.18937644341801385 0.06640625 0.3787528868360277
0 0.930859375 0.6120092378752887 0.08515625 0.4295612009237875
0 0.535546875 0.11893764434180139 0.08515625 0.23787528868360278
0 0.746875 0.48036951501154734 0.0859375 0.44803695150115475
0 0.219140625 0.4653579676674365 0.09609375 0.46420323325635104
0 0.8203125 0.36143187066974597 0.0734375 0.44110854503464203
0 0.725 0.11893764434180139 0.0796875 0.23787528868360278
0 0.1140625 0.4445727482678984 0.0859375 0.4226327944572748
0 0.66796875 0.48036951501154734 0.1 0.44341801385681295
0 0.363671875 0.6420323325635104 0.08046875 0.45727482678983833