0 0.8515625 0.7972350230414746 0.0625 0.2857142857142857
0 0.56484375 0.2511520737327189 0.0359375 0.271889400921659
0 0.4984375 0.22350230414746544 0.046875 0.28110599078341014
0 0.51640625 0.31797235023041476 0.0546875 0.2304147465437788
0 0.48828125 0.02304147465437788 0.0484375 0.04608294930875576
0 0.72421875 0.1774193548387097 0.0453125 0.28110599078341014
0 0.84140625 0.1728110599078341 0.0578125 0.2350230414746544
0 0.79453125 0.09216589861751152 0.0484375 0.18433179723502305
0 0.62109375 0.17972350230414746 0.0515625 0.2672811059907834
0 0.79375 0.8294930875576036 0.059375 0.3317972350230415
0 0.64296875 0.08064516129032258 0.0453125 0.16129032258064516
0 0.771875 0.2304147465437788 0.046875 0.2304147465437788
0 0.4078125 0.04377880184331797 0.046875 0.08755760368663594
0 0.1953125 0.14516129032258066 0.046875 0.2903225806451613
0 0.453125 0.3433179723502304 0.05 0.19815668202764977