0 0.5328125 0.2863741339491917 0.04375 0.24942263279445728
0 0.478515625 0.2113163972286374 0.06015625 0.24249422632794457
0 0.516796875 0.48729792147806006 0.05234375 0.3371824480369515
0 0.430078125 0.2517321016166282 0.05703125 0.3233256351039261
0 0.528125 0.14780600461893764 0.053125 0.21709006928406466
0 0.392578125 0.3960739030023095 0.07578125 0.2748267898383372
0 0.248828125 0.2921478060046189 0.06015625 0.34872979214780603
0 0.7203125 0.8163972286374134 0.0703125 0.3672055427251732
0 0.580078125 0.3464203233256351 0.06015625 0.3187066974595843
0 0.3421875 0.4341801385681293 0.0734375 0.3418013856812933
0 0.28359375 0.4953810623556582 0.09375 0.3533487297921478
1 0.15859375 0.07736720554272518 0.0484375 0.15473441108545036