0 0.37890625 0.09584295612009237 0.046875 0.11778290993071594
0 0.406640625 0.16859122401847576 0.04453125 0.20323325635103925
0 0.492578125 0.09468822170900693 0.04609375 0.18937644341801385
0 0.37109375 0.050808314087759814 0.0421875 0.10161662817551963
0 0.370703125 0.2528868360277136 0.05078125 0.19630484988452657
0 0.473046875 0.25519630484988454 0.06171875 0.14087759815242495
0 0.466796875 0.3787528868360277 0.06328125 0.17551963048498845
1 0.7421875 0.12933025404157045 0.03125 0.22632794457274827
0 0.24609375 0.1420323325635104 0.0421875 0.2471131639722864
0 0.334765625 0.6916859122401847 0.05546875 0.23325635103926096
0 0.662890625 0.4653579676674365 0.03515625 0.23325635103926096
0 0.830078125 0.07043879907621248 0.03046875 0.14087759815242495
0 0.805078125 0.8764434180138568 0.03984375 0.2471131639722864
0 0.826953125 0.4445727482678984 0.03203125 0.2517321016166282
0 0.31875 0.8752886836027713 0.0671875 0.24942263279445728
0 0.39921875 0.8025404157043879 0.0609375 0.25635103926096997
0 0.601171875 0.8441108545034642 0.03984375 0.26558891454965355