0 0.483203125 0.5866050808314087 0.05546875 0.23094688221709006
0 0.658203125 0.8221709006928406 0.05234375 0.24480369515011546
0 0.898828125 0.13279445727482678 0.05390625 0.2471131639722864
0 0.582421875 0.5046189376443418 0.03984375 0.20554272517321015
0 0.395703125 0.28868360277136257 0.03671875 0.16628175519630484
0 0.348046875 0.7032332563510393 0.04296875 0.20092378752886836
0 0.2953125 0.5866050808314087 0.0546875 0.17090069284064666
0 0.1484375 0.6420323325635104 0.0421875 0.2909930715935335
0 0.97890625 0.42494226327944573 0.0421875 0.16628175519630484
0 0.7859375 0.5473441108545035 0.04375 0.18937644341801385
0 0.407421875 0.5265588914549654 0.04296875 0.18937644341801385
1 0.835546875 0.4006928406466513 0.05546875 0.25635103926096997
0 0.775 0.8960739030023095 0.0421875 0.20785219399538107
0 0.3546875 0.33602771362586603 0.0625 0.22863741339491916