0 0.571484375 0.2759815242494226 0.04296875 0.13163972286374134
0 0.587890625 0.4653579676674365 0.05234375 0.16859122401847576
0 0.59921875 0.40415704387990764 0.046875 0.16166281755196305
0 0.595703125 0.2251732101616628 0.04609375 0.11778290993071594
0 0.42421875 0.08429561200923788 0.0296875 0.16859122401847576
0 0.501953125 0.3510392609699769 0.05703125 0.15242494226327943
0 0.596875 0.15704387990762125 0.0484375 0.12471131639722864
0 0.515234375 0.24364896073903003 0.05078125 0.13625866050808313
0 0.4078125 0.2113163972286374 0.0328125 0.13625866050808313
0 0.742578125 0.25057736720554274 0.03203125 0.24249422632794457
0 0.39921875 0.3683602771362587 0.0359375 0.23787528868360278
0 0.756640625 0.3464203233256351 0.03984375 0.22170900692840648
0 0.662109375 0.6558891454965358 0.03359375 0.2678983833718245
0 0.5078125 0.45842956120092376 0.0609375 0.15935334872979215
1 0.27890625 0.26674364896073904 0.0375 0.22863741339491916
0 0.301171875 0.7632794457274826 0.03671875 0.26558891454965355
0 0.505859375 0.09006928406466513 0.05546875 0.18013856812933027