0 0.21171875 0.20276497695852536 0.0265625 0.16589861751152074
0 0.53203125 0.33640552995391704 0.0234375 0.14746543778801843
0 0.878125 0.3824884792626728 0.021875 0.16589861751152074
0 0.79375 0.5921658986175116 0.03125 0.16129032258064516
0 0.765625 0.37327188940092165 0.034375 0.18433179723502305
0 0.52109375 0.055299539170506916 0.0265625 0.11059907834101383
0 0.78359375 0.2534562211981567 0.0296875 0.12903225806451613
0 0.5 0.9516129032258065 0.025 0.0967741935483871
0 0.8171875 0.5391705069124424 0.0375 0.16589861751152074
0 0.7859375 0.49539170506912444 0.040625 0.2073732718894009
0 0.7125 0.21889400921658986 0.03125 0.14285714285714285
0 0.865625 0.4769585253456221 0.03125 0.17050691244239632
0 0.77578125 0.9262672811059908 0.0546875 0.14746543778801843
1 0.5421875 0.4470046082949309 0.034375 0.14746543778801843
0 0.678125 0.06682027649769585 0.03125 0.1336405529953917
0 0.734375 0.31336405529953915 0.03125 0.1382488479262673
0 0.75546875 0.7142857142857143 0.0390625 0.15668202764976957
0 0.3890625 0.6267281105990783 0.028125 0.17511520737327188
0 0.646875 0.8179723502304147 0.025 0.17972350230414746