0 0.40390625 0.30184331797235026 0.0359375 0.12442396313364056
0 0.26484375 0.23732718894009217 0.0359375 0.19815668202764977
0 0.46328125 0.1912442396313364 0.0421875 0.10599078341013825
0 0.37109375 0.3433179723502304 0.0453125 0.17972350230414746
0 0.35625 0.8179723502304147 0.046875 0.21658986175115208
1 0.61953125 0.3087557603686636 0.0328125 0.15668202764976957
0 0.3703125 0.052995391705069124 0.040625 0.10599078341013825
0 0.43984375 0.43317972350230416 0.0546875 0.12903225806451613
0 0.5890625 0.8202764976958525 0.03125 0.22119815668202766
0 0.49140625 0.0576036866359447 0.0296875 0.1152073732718894
0 0.79296875 0.5276497695852534 0.0265625 0.2073732718894009
0 0.53984375 0.3317972350230415 0.0328125 0.1935483870967742
0 0.67578125 0.17511520737327188 0.0296875 0.17511520737327188
0 0.55703125 0.2465437788018433 0.0296875 0.17050691244239632
0 0.48984375 0.5645161290322581 0.0296875 0.19815668202764977
0 0.309375 0.6221198156682027 0.05625 0.1935483870967742