0 0.34765625 0.3387096774193548 0.0296875 0.16129032258064516
0 0.25 0.2557603686635945 0.034375 0.2073732718894009
0 0.39140625 0.4032258064516129 0.0484375 0.1889400921658986
1 0.6296875 0.3064516129032258 0.040625 0.1889400921658986
0 0.5265625 0.22350230414746544 0.03125 0.15207373271889402
0 0.35546875 0.8663594470046083 0.0515625 0.1935483870967742
0 0.45234375 0.1774193548387097 0.0515625 0.16129032258064516
0 0.52109375 0.06221198156682028 0.0296875 0.12442396313364056
0 0.540625 0.3548387096774194 0.034375 0.17511520737327188
0 0.3921875 0.05069124423963134 0.04375 0.10138248847926268
0 0.6265625 0.1543778801843318 0.04375 0.17972350230414746
0 0.49375 0.5898617511520737 0.03125 0.1935483870967742
0 0.58984375 0.8663594470046083 0.0390625 0.22119815668202766
0 0.79140625 0.5829493087557603 0.0328125 0.19815668202764977
0 0.31328125 0.6543778801843319 0.0609375 0.17511520737327188