0 0.378125 0.6497695852534562 0.040625 0.2304147465437788
0 0.31796875 0.5230414746543779 0.0421875 0.1889400921658986
0 0.2546875 0.4377880184331797 0.0375 0.2672811059907834
0 0.29765625 0.771889400921659 0.0484375 0.2626728110599078
0 0.4828125 0.1543778801843318 0.040625 0.19815668202764977
0 0.19453125 0.6059907834101382 0.0484375 0.21658986175115208
0 0.434375 0.6705069124423964 0.05 0.24423963133640553
0 0.790625 0.08755760368663594 0.05625 0.16589861751152074
0 0.97421875 0.5368663594470046 0.0390625 0.21658986175115208
1 0.79140625 0.4976958525345622 0.0265625 0.22119815668202766
0 0.2109375 0.7926267281105991 0.065625 0.2488479262672811
0 0.340625 0.7096774193548387 0.046875 0.2304147465437788
0 0.3140625 0.08755760368663594 0.025 0.17511520737327188
0 0.14765625 0.8018433179723502 0.0671875 0.23963133640552994
0 0.64375 0.2903225806451613 0.034375 0.17511520737327188
0 0.85234375 0.6036866359447005 0.0421875 0.2304147465437788