0 0.610546875 0.5565819861431871 0.03984375 0.11547344110854503
0 0.603515625 0.47113163972286376 0.03671875 0.12471131639722864
0 0.561328125 0.48036951501154734 0.04453125 0.12933025404157045
0 0.484375 0.28752886836027713 0.0375 0.20092378752886836
0 0.52421875 0.6131639722863741 0.05625 0.18706697459584296
0 0.636328125 0.4630484988452656 0.04609375 0.21478060046189376
0 0.534375 0.7136258660508084 0.04375 0.21247113163972287
0 0.583984375 0.3418013856812933 0.05703125 0.17090069284064666
0 0.798046875 0.5046189376443418 0.04453125 0.2702078521939954
0 0.608203125 0.6662817551963048 0.03984375 0.21478060046189376
0 0.664453125 0.36374133949191684 0.05078125 0.18244803695150116
0 0.71796875 0.06812933025404157 0.05 0.13625866050808313
0 0.194140625 0.9353348729792148 0.03984375 0.12933025404157045
0 0.498046875 0.07736720554272518 0.02578125 0.15473441108545036
0 0.71171875 0.37066974595842955 0.0375 0.21939953810623555
0 0.490234375 0.9745958429561201 0.06953125 0.050808314087759814
0 0.2296875 0.10046189376443418 0.0296875 0.20092378752886836
0 0.2109375 0.5889145496535797 0.04375 0.21709006928406466
0 0.441015625 0.47575057736720555 0.04296875 0.22170900692840648
1 0.269140625 0.37990762124711314 0.03671875 0.21939953810623555
0 0.84140625 0.45496535796766746 0.0375 0.21709006928406466