0 0.629296875 0.4607390300230947 0.04765625 0.22863741339491916
0 0.822265625 0.19630484988452657 0.03984375 0.20323325635103925
0 0.546875 0.057736720554272515 0.046875 0.11547344110854503
0 0.586328125 0.26096997690531176 0.04921875 0.15242494226327943
0 0.5546875 0.4838337182448037 0.053125 0.21016166281755197
0 0.826171875 0.40300230946882215 0.05703125 0.2840646651270208
0 0.7234375 0.2390300230946882 0.0703125 0.2840646651270208
0 0.7140625 0.6755196304849884 0.0421875 0.26096997690531176
0 0.561328125 0.6812933025404158 0.06796875 0.2678983833718245
0 0.421875 0.2251732101616628 0.0609375 0.26558891454965355
1 0.165625 0.32678983833718245 0.0359375 0.2748267898383372
0 0.167578125 0.10277136258660508 0.04765625 0.20554272517321015
0 0.669921875 0.535796766743649 0.05546875 0.2632794457274827
0 0.641015625 0.29907621247113164 0.06484375 0.21939953810623555
0 0.349609375 0.7748267898383372 0.06640625 0.2748267898383372
0 0.35703125 0.47344110854503463 0.0546875 0.24018475750577367
0 0.373046875 0.042725173210161664 0.03515625 0.08545034642032333
0 0.091015625 0.6247113163972287 0.06484375 0.26096997690531176