0 0.64296875 0.6374133949191686 0.090625 0.14780600461893764
0 0.5984375 0.2228637413394919 0.0484375 0.21016166281755197
0 0.59375 0.42494226327944573 0.0546875 0.2817551963048499
0 0.791796875 0.13394919168591224 0.06171875 0.2678983833718245
0 0.815234375 0.22748267898383373 0.05546875 0.3441108545034642
0 0.01640625 0.7632794457274826 0.03125 0.3533487297921478
0 0.6671875 0.4353348729792148 0.059375 0.3625866050808314
0 0.918359375 0.3163972286374134 0.07109375 0.3972286374133949
0 0.5703125 0.5542725173210161 0.06875 0.42032332563510394
0 0.43828125 0.4745958429561201 0.04375 0.40877598152424943
0 0.50546875 0.5669745958429562 0.0625 0.4133949191685912
0 0.777734375 0.4838337182448037 0.07265625 0.418013856812933
0 0.090625 0.8441108545034642 0.053125 0.3117782909930716
1 0.21015625 0.812933025404157 0.0765625 0.3741339491916859