1 0.710546875 0.4665127020785219 0.02890625 0.12009237875288684
0 0.179296875 0.6096997690531177 0.02109375 0.12471131639722864
0 0.5796875 0.4399538106235566 0.0171875 0.12240184757505773
0 0.20703125 0.6593533487297921 0.0234375 0.15473441108545036
0 0.0734375 0.39838337182448036 0.0265625 0.13163972286374134
0 0.105859375 0.8533487297921478 0.02265625 0.15473441108545036
0 0.163671875 0.5646651270207852 0.01953125 0.13625866050808313
0 0.099609375 0.4053117782909931 0.01953125 0.13163972286374134
0 0.334765625 0.6212471131639723 0.01953125 0.13856812933025403
1 0.8453125 0.8267898383371824 0.025 0.14780600461893764
0 0.130859375 0.9168591224018475 0.03359375 0.15242494226327943
0 0.503125 0.4353348729792148 0.01875 0.14087759815242495
0 0.55859375 0.5300230946882217 0.01875 0.13625866050808313
0 0.291796875 0.8337182448036952 0.02109375 0.15704387990762125