0 0.836328125 0.4942263279445728 0.03515625 0.2632794457274827
1 0.38046875 0.6351039260969977 0.0328125 0.2632794457274827
0 0.708984375 0.6801385681293303 0.04609375 0.2748267898383372
0 0.662890625 0.6200923787528868 0.05390625 0.279445727482679
0 0.402734375 0.03117782909930716 0.03515625 0.06235565819861432
0 0.28828125 0.4792147806004619 0.0703125 0.2517321016166282
0 0.734375 0.6720554272517321 0.0375 0.2632794457274827
0 0.4109375 0.8036951501154734 0.0359375 0.2586605080831409
0 0.869921875 0.5912240184757506 0.05390625 0.2586605080831409
0 0.4171875 0.13279445727482678 0.059375 0.22863741339491916
0 0.272265625 0.8441108545034642 0.04921875 0.2471131639722864
0 0.366796875 0.17551963048498845 0.05390625 0.16628175519630484