0 0.47421875 0.34988452655889146 0.0515625 0.19630484988452657
0 0.242578125 0.18013856812933027 0.04765625 0.23556581986143188
0 0.45390625 0.19861431870669746 0.0421875 0.15242494226327943
0 0.58046875 0.9133949191685913 0.04375 0.17321016166281755
0 0.447265625 0.5762124711316398 0.04765625 0.18706697459584296
0 0.515625 0.9364896073903002 0.05625 0.12702078521939955
1 0.725 0.13625866050808313 0.034375 0.20323325635103925
0 0.40703125 0.32678983833718245 0.040625 0.17782909930715934
0 0.53046875 0.11200923787528869 0.0390625 0.15473441108545036
0 0.32890625 0.03233256351039261 0.0515625 0.06466512702078522
0 0.6796875 0.12471131639722864 0.03125 0.21709006928406466
0 0.57578125 0.26096997690531176 0.05 0.17551963048498845
0 0.63125 0.5496535796766744 0.034375 0.23094688221709006