0 0.51640625 0.3870967741935484 0.0421875 0.1382488479262673
0 0.56796875 0.41013824884792627 0.0359375 0.1382488479262673
0 0.5875 0.33410138248847926 0.040625 0.10599078341013825
0 0.51484375 0.543778801843318 0.0515625 0.17511520737327188
0 0.6046875 0.5 0.040625 0.17050691244239632
0 0.60546875 0.03917050691244239 0.0296875 0.07834101382488479
0 0.60625 0.2857142857142857 0.040625 0.15668202764976957
0 0.265625 0.6935483870967742 0.021875 0.24423963133640553
0 0.3375 0.02534562211981567 0.028125 0.05069124423963134
0 0.521875 0.24193548387096775 0.053125 0.12442396313364056
1 0.32109375 0.3986175115207373 0.0328125 0.17972350230414746
0 0.62421875 0.12442396313364056 0.0359375 0.1935483870967742
0 0.7453125 0.3663594470046083 0.0375 0.21658986175115208
0 0.60234375 0.6705069124423964 0.0484375 0.22580645161290322
0 0.23125 0.5207373271889401 0.03125 0.1935483870967742
0 0.284375 0.09907834101382489 0.03125 0.17050691244239632
0 0.43203125 0.19815668202764977 0.0359375 0.16589861751152074