0 0.3125 0.6589861751152074 0.059375 0.25806451612903225
0 0.2578125 0.31336405529953915 0.034375 0.22119815668202766
0 0.22890625 0.3617511520737327 0.0390625 0.2626728110599078
0 0.184375 0.6244239631336406 0.059375 0.33640552995391704
0 0.3875 0.44930875576036866 0.040625 0.2534562211981567
0 0.96875 0.7534562211981567 0.05 0.2626728110599078
0 0.44609375 0.5483870967741935 0.0546875 0.30414746543778803
0 0.87265625 0.09907834101382489 0.0390625 0.19815668202764977
0 0.38125 0.6912442396313364 0.046875 0.30414746543778803
0 0.0296875 0.815668202764977 0.05625 0.29493087557603687
1 0.84296875 0.5161290322580645 0.0328125 0.31336405529953915
0 0.10234375 0.8248847926267281 0.0640625 0.35023041474654376