0 0.45625 0.14746543778801843 0.028125 0.15668202764976957
0 0.27578125 0.17972350230414746 0.0359375 0.11981566820276497
0 0.2734375 0.31336405529953915 0.040625 0.18433179723502305
0 0.353125 0.1728110599078341 0.0375 0.14285714285714285
0 0.303125 0.2350230414746544 0.0375 0.1382488479262673
0 0.36640625 0.3271889400921659 0.0359375 0.20276497695852536
0 0.26484375 0.11981566820276497 0.0421875 0.15668202764976957
0 0.346875 0.059907834101382486 0.034375 0.11981566820276497
0 0.46484375 0.27880184331797236 0.0296875 0.2073732718894009
0 0.1484375 0.1889400921658986 0.021875 0.22119815668202766
0 0.74140625 0.18663594470046083 0.0453125 0.19815668202764977
1 0.5703125 0.195852534562212 0.028125 0.1889400921658986
0 0.58359375 0.5276497695852534 0.0328125 0.2350230414746544
0 0.63046875 0.716589861751152 0.0328125 0.22580645161290322
0 0.2390625 0.9700460829493087 0.059375 0.059907834101382486
0 0.08984375 0.16589861751152074 0.0328125 0.18433179723502305
0 0.28046875 0.5069124423963134 0.0546875 0.20276497695852536
0 0.37890625 0.9631336405529954 0.0421875 0.07373271889400922
0 0.2609375 0.7511520737327189 0.059375 0.20276497695852536