0 0.5046875 0.558891454965358 0.0421875 0.15704387990762125
0 0.564453125 0.6293302540415704 0.04453125 0.19168591224018475
0 0.583984375 0.5496535796766744 0.05546875 0.08775981524249422
0 0.3484375 0.5173210161662818 0.0453125 0.2586605080831409
1 0.244140625 0.43071593533487296 0.03515625 0.26558891454965355
0 0.51796875 0.4884526558891455 0.05625 0.17782909930715934
0 0.571484375 0.39838337182448036 0.05234375 0.14549653579676675
0 0.8328125 0.3695150115473441 0.0390625 0.23094688221709006
0 0.600390625 0.6720554272517321 0.05859375 0.20323325635103925
0 0.615234375 0.4792147806004619 0.05390625 0.15935334872979215
0 0.469140625 0.6189376443418014 0.05390625 0.2540415704387991
0 0.374609375 0.34526558891454967 0.03828125 0.22863741339491916
0 0.8171875 0.48036951501154734 0.040625 0.24018475750577367
0 0.5375 0.710161662817552 0.05625 0.20092378752886836
0 0.40703125 0.38221709006928406 0.040625 0.20554272517321015
0 0.7234375 0.06697459584295612 0.0390625 0.13394919168591224
0 0.642578125 0.44110854503464203 0.05390625 0.18013856812933027
0 0.35234375 0.6524249422632794 0.0484375 0.2840646651270208
0 0.405078125 0.7182448036951501 0.04765625 0.2540415704387991
0 0.784765625 0.5242494226327945 0.05859375 0.2863741339491917
0 0.512890625 0.2644341801385681 0.04140625 0.23325635103926096
0 0.79765625 0.07159353348729793 0.053125 0.14318706697459585