0 0.584765625 0.5531177829099307 0.05390625 0.08545034642032333
0 0.50390625 0.5658198614318707 0.040625 0.16166281755196305
0 0.56484375 0.6327944572748267 0.0453125 0.19399538106235567
0 0.615625 0.4815242494226328 0.053125 0.15935334872979215
0 0.333984375 0.5508083140877598 0.03359375 0.24249422632794457
1 0.244921875 0.43071593533487296 0.03359375 0.26096997690531176
0 0.571484375 0.3995381062355658 0.05390625 0.14780600461893764
0 0.759765625 0.21016166281755197 0.03671875 0.17551963048498845
0 0.518359375 0.4896073903002309 0.05546875 0.17551963048498845
0 0.60078125 0.674364896073903 0.0578125 0.20323325635103925
0 0.538671875 0.7124711316397229 0.06015625 0.20554272517321015
0 0.305859375 0.6143187066974596 0.04765625 0.2678983833718245
0 0.79296875 0.5219399538106235 0.0421875 0.2817551963048499
0 0.468359375 0.6177829099307159 0.05078125 0.2471131639722864
0 0.479296875 0.26212471131639725 0.03515625 0.20092378752886836
0 0.723046875 0.06697459584295612 0.03828125 0.13394919168591224
0 0.642578125 0.44341801385681295 0.05390625 0.17551963048498845
0 0.820703125 0.48614318706697457 0.04140625 0.24249422632794457
0 0.643359375 0.1720554272517321 0.03984375 0.19630484988452657
0 0.407421875 0.384526558891455 0.03828125 0.20092378752886836
0 0.798046875 0.06928406466512702 0.05390625 0.13856812933025403
0 0.40546875 0.7251732101616628 0.05 0.24018475750577367