0 0.323046875 0.3163972286374134 0.03828125 0.12009237875288684
0 0.276953125 0.31986143187066973 0.03515625 0.12240184757505773
0 0.142578125 0.2748267898383372 0.02734375 0.19861431870669746
0 0.258203125 0.26674364896073904 0.03203125 0.10392609699769054
0 0.33125 0.22401847575057737 0.0453125 0.11085450346420324
0 0.265625 0.3833718244803695 0.034375 0.15704387990762125
0 0.131640625 0.24364896073903003 0.02734375 0.15935334872979215
0 0.35234375 0.4295612009237875 0.0390625 0.17551963048498845
0 0.2671875 0.04041570438799076 0.025 0.08083140877598152
0 0.401171875 0.23672055427251731 0.01796875 0.17782909930715934
0 0.4578125 0.03348729792147806 0.0203125 0.06697459584295612
0 0.31796875 0.09584295612009237 0.0265625 0.15011547344110854
1 0.5109375 0.2748267898383372 0.028125 0.15704387990762125
0 0.743359375 0.30600461893764436 0.02265625 0.18706697459584296
0 0.248046875 0.21824480369515012 0.04296875 0.13625866050808313
0 0.241796875 0.09237875288683603 0.03671875 0.16166281755196305
0 0.42109375 0.31986143187066973 0.0265625 0.18244803695150116
0 0.3421875 0.9676674364896074 0.0359375 0.06466512702078522
0 0.262109375 0.7806004618937644 0.04921875 0.19399538106235567
0 0.558984375 0.6755196304849884 0.02578125 0.19630484988452657
0 0.220703125 0.9711316397228638 0.05703125 0.057736720554272515