0 0.6703125 0.2672811059907834 0.0375 0.15668202764976957
0 0.56640625 0.3847926267281106 0.0296875 0.17050691244239632
0 0.46328125 0.31797235023041476 0.0296875 0.15668202764976957
0 0.61875 0.5921658986175116 0.03125 0.17050691244239632
0 0.62421875 0.2764976958525346 0.0390625 0.17511520737327188
0 0.6109375 0.1935483870967742 0.03125 0.12903225806451613
0 0.45234375 0.6036866359447005 0.0359375 0.15668202764976957
0 0.525 0.7488479262672811 0.040625 0.1889400921658986
1 0.340625 0.2557603686635945 0.021875 0.15207373271889402
0 0.3859375 0.4216589861751152 0.028125 0.12442396313364056
0 0.7140625 0.663594470046083 0.034375 0.1935483870967742
0 0.2953125 0.45852534562211983 0.034375 0.17050691244239632
0 0.56484375 0.7511520737327189 0.0359375 0.20276497695852536