0 0.634375 0.42609699769053117 0.025 0.15935334872979215
0 0.575 0.20092378752886836 0.0234375 0.12933025404157045
0 0.26796875 0.17321016166281755 0.028125 0.14318706697459585
0 0.197265625 0.20554272517321015 0.02578125 0.14318706697459585
0 0.178515625 0.15011547344110854 0.02734375 0.14780600461893764
0 0.24296875 0.03926096997690531 0.021875 0.07852193995381063
0 0.212109375 0.22401847575057737 0.03046875 0.16628175519630484
0 0.255078125 0.08775981524249422 0.02578125 0.13394919168591224
0 0.30390625 0.21824480369515012 0.021875 0.16397228637413394
1 0.54453125 0.13163972286374134 0.021875 0.15242494226327943
0 0.217578125 0.04503464203233257 0.03203125 0.09006928406466513
0 0.451953125 0.24942263279445728 0.02421875 0.14780600461893764
0 0.428125 0.1951501154734411 0.021875 0.12702078521939955
0 0.58828125 0.2979214780600462 0.025 0.16166281755196305
0 0.62265625 0.9434180138568129 0.0421875 0.11316397228637413
0 0.40078125 0.03695150115473441 0.021875 0.07390300230946882
0 0.908203125 0.26558891454965355 0.02890625 0.14780600461893764
0 0.78359375 0.9237875288683602 0.03125 0.13856812933025403