0 0.3359375 0.35219399538106233 0.03125 0.09930715935334873
0 0.384765625 0.1489607390300231 0.03046875 0.13163972286374134
0 0.222265625 0.14087759815242495 0.02421875 0.15704387990762125
0 0.30703125 0.25635103926096997 0.0296875 0.15242494226327943
0 0.402734375 0.11316397228637413 0.02890625 0.14780600461893764
0 0.366015625 0.028868360277136258 0.03046875 0.057736720554272515
1 0.569140625 0.16166281755196305 0.02578125 0.14318706697459585
0 0.44296875 0.1905311778290993 0.025 0.15011547344110854
0 0.423828125 0.5127020785219399 0.02890625 0.14780600461893764
0 0.366015625 0.302540415704388 0.03515625 0.16628175519630484
0 0.60546875 0.9341801385681293 0.03125 0.13163972286374134
0 0.330859375 0.49653579676674364 0.03984375 0.15704387990762125
0 0.749609375 0.22748267898383373 0.02421875 0.15011547344110854
0 0.62578125 0.03810623556581986 0.021875 0.07621247113163972
0 0.508984375 0.07159353348729793 0.02734375 0.14318706697459585
0 0.48515625 0.38799076212471134 0.028125 0.16166281755196305