0 0.60546875 0.39376443418013857 0.040625 0.10392609699769054
0 0.62265625 0.6293302540415704 0.0515625 0.12702078521939955
0 0.615625 0.5034642032332564 0.046875 0.15242494226327943
0 0.595703125 0.5519630484988453 0.03984375 0.13856812933025403
0 0.547265625 0.3394919168591224 0.04609375 0.10623556581986143
0 0.630078125 0.7274826789838337 0.06015625 0.19399538106235567
0 0.526171875 0.27367205542725176 0.06328125 0.17321016166281755
0 0.53515625 0.4387990762124711 0.0640625 0.15242494226327943
0 0.547265625 0.75635103926097 0.06171875 0.13625866050808313
0 0.6421875 0.3683602771362587 0.0421875 0.17782909930715934
0 0.785546875 0.5519630484988453 0.04453125 0.24942263279445728
0 0.66640625 0.6928406466512702 0.040625 0.22632794457274827
1 0.26484375 0.6235565819861432 0.0390625 0.24018475750577367
0 0.818359375 0.4653579676674365 0.03984375 0.20554272517321015
0 0.53203125 0.5173210161662818 0.0640625 0.14318706697459585
0 0.544140625 0.648960739030023 0.05546875 0.14780600461893764
0 0.4125 0.5034642032332564 0.0390625 0.23094688221709006
0 0.544140625 0.8498845265588915 0.06484375 0.19861431870669746
0 0.48359375 0.31986143187066973 0.0359375 0.21939953810623555
0 0.459765625 0.22863741339491916 0.03203125 0.24480369515011546