0 0.935546875 0.7875288683602771 0.05390625 0.21247113163972287
0 0.909375 0.27136258660508084 0.0390625 0.20554272517321015
0 0.770703125 0.23787528868360278 0.06953125 0.19861431870669746
1 0.540234375 0.12471131639722864 0.02890625 0.16166281755196305
0 0.582421875 0.31524249422632794 0.03671875 0.18244803695150116
0 0.7375 0.5023094688221709 0.0359375 0.20092378752886836
0 0.657421875 0.7621247113163973 0.03984375 0.20323325635103925
0 0.503125 0.4295612009237875 0.0375 0.16628175519630484
0 0.332421875 0.4665127020785219 0.03671875 0.16628175519630484
0 0.69765625 0.7806004618937644 0.046875 0.21247113163972287
0 0.5078125 0.6200923787528868 0.04375 0.17321016166281755