0 0.47109375 0.4055299539170507 0.0578125 0.17511520737327188
0 0.57578125 0.5092165898617511 0.0703125 0.2073732718894009
0 0.25390625 0.3456221198156682 0.0484375 0.3870967741935484
0 0.43515625 0.5092165898617511 0.0640625 0.14285714285714285
0 0.446875 0.2511520737327189 0.065625 0.1336405529953917
0 0.55078125 0.391705069124424 0.0640625 0.16589861751152074
0 0.55546875 0.695852534562212 0.0546875 0.30414746543778803
0 0.43984375 0.3317972350230415 0.0609375 0.14746543778801843
0 0.340625 0.5875576036866359 0.04375 0.3087557603686636
0 0.4375 0.6382488479262672 0.06875 0.22580645161290322
0 0.771875 0.47465437788018433 0.053125 0.35023041474654376
0 0.79375 0.2557603686635945 0.0375 0.3087557603686636
0 0.6078125 0.7903225806451613 0.053125 0.3640552995391705
0 0.58828125 0.055299539170506916 0.0296875 0.11059907834101383
0 0.403125 0.03917050691244239 0.05625 0.07834101382488479
0 0.55703125 0.1382488479262673 0.0640625 0.2672811059907834
0 0.453125 0.06451612903225806 0.0625 0.12903225806451613