1 0.3390625 0.5138248847926268 0.028125 0.2073732718894009
0 0.55546875 0.29723502304147464 0.0484375 0.1889400921658986
0 0.4625 0.1889400921658986 0.025 0.17511520737327188
0 0.5109375 0.4976958525345622 0.053125 0.12903225806451613
0 0.66171875 0.47235023041474655 0.0390625 0.21658986175115208
0 0.534375 0.6129032258064516 0.05625 0.17511520737327188
0 0.55234375 0.3640552995391705 0.0515625 0.16589861751152074
0 0.47734375 0.2695852534562212 0.0390625 0.1336405529953917
0 0.64140625 0.4055299539170507 0.0296875 0.20276497695852536
0 0.3359375 0.3640552995391705 0.025 0.17511520737327188
0 0.44296875 0.347926267281106 0.0328125 0.1889400921658986
0 0.18125 0.15207373271889402 0.025 0.1935483870967742
0 0.41640625 0.6935483870967742 0.0671875 0.16129032258064516
0 0.5359375 0.4216589861751152 0.04375 0.15207373271889402
0 0.37265625 0.4147465437788018 0.0296875 0.2119815668202765
0 0.42890625 0.49539170506912444 0.0546875 0.15207373271889402
0 0.6015625 0.1543778801843318 0.04375 0.1889400921658986
0 0.48046875 0.9101382488479263 0.0546875 0.17972350230414746