0 0.51953125 0.5414746543778802 0.0453125 0.271889400921659
0 0.51171875 0.3824884792626728 0.0328125 0.14746543778801843
0 0.46875 0.423963133640553 0.046875 0.22119815668202766
0 0.55859375 0.4815668202764977 0.0390625 0.28110599078341014
0 0.52109375 0.728110599078341 0.0546875 0.10138248847926268
0 0.4234375 0.543778801843318 0.05625 0.2672811059907834
0 0.57890625 0.3225806451612903 0.0421875 0.17511520737327188
0 0.478125 0.5921658986175116 0.053125 0.28110599078341014
0 0.49140625 0.847926267281106 0.0953125 0.16589861751152074
0 0.38984375 0.5391705069124424 0.0546875 0.2488479262672811
0 0.596875 0.5092165898617511 0.05625 0.2534562211981567
0 0.35703125 0.4009216589861751 0.0578125 0.2672811059907834
0 0.89453125 0.6221198156682027 0.0546875 0.23963133640552994
0 0.29375 0.8341013824884793 0.04375 0.31336405529953915
0 0.21796875 0.38940092165898615 0.0421875 0.22580645161290322
0 0.14609375 0.271889400921659 0.0578125 0.2119815668202765