0 0.964453125 0.7586605080831409 0.06171875 0.26558891454965355
0 0.92109375 0.7967667436489607 0.046875 0.30484988452655887
0 0.714453125 0.08314087759815242 0.03984375 0.16628175519630484
0 0.833984375 0.3210161662817552 0.03671875 0.2540415704387991
0 0.675390625 0.11200923787528869 0.04453125 0.20092378752886836
0 0.34140625 0.3187066974595843 0.0640625 0.24480369515011546
0 0.9 0.07274826789838337 0.0578125 0.14549653579676675
0 0.58828125 0.15935334872979215 0.046875 0.22632794457274827
0 0.69765625 0.38683602771362585 0.0484375 0.2979214780600462
0 0.746484375 0.4295612009237875 0.05859375 0.30484988452655887
0 0.76875 0.2528868360277136 0.0421875 0.20554272517321015
0 0.23828125 0.18706697459584296 0.0609375 0.2678983833718245
0 0.578125 0.3856812933025404 0.0484375 0.27713625866050806
0 0.47421875 0.36374133949191684 0.0578125 0.28868360277136257
0 0.671875 0.6200923787528868 0.065625 0.3071593533487298
0 0.186328125 0.18475750577367206 0.06953125 0.2678983833718245