0 0.32734375 0.25806451612903225 0.0296875 0.12903225806451613
0 0.4546875 0.347926267281106 0.028125 0.14285714285714285
0 0.4625 0.16589861751152074 0.0375 0.1382488479262673
1 0.0109375 0.14285714285714285 0.021875 0.18433179723502305
0 0.49921875 0.2903225806451613 0.0484375 0.12903225806451613
0 0.44140625 0.41705069124423966 0.0328125 0.16129032258064516
0 0.49453125 0.2119815668202765 0.0484375 0.11981566820276497
0 0.31875 0.3548387096774194 0.034375 0.17511520737327188
0 0.6125 0.27880184331797236 0.03125 0.16129032258064516
0 0.4375 0.728110599078341 0.059375 0.17511520737327188
0 0.4546875 0.5944700460829493 0.05625 0.15668202764976957
0 0.57734375 0.1382488479262673 0.0265625 0.15668202764976957
0 0.44296875 0.9216589861751152 0.0453125 0.15668202764976957
0 0.50390625 0.4009216589861751 0.0484375 0.17511520737327188
0 0.41953125 0.23732718894009217 0.0390625 0.14285714285714285
0 0.93125 0.15668202764976957 0.028125 0.16589861751152074
0 0.60859375 0.4470046082949309 0.0359375 0.18433179723502305
0 0.64453125 0.923963133640553 0.0390625 0.15207373271889402
0 0.49453125 0.5253456221198156 0.0546875 0.17511520737327188
0 0.4046875 0.4631336405529954 0.05 0.21658986175115208
0 0.8859375 0.6267281105990783 0.040625 0.18433179723502305
0 0.6078125 0.7027649769585254 0.03125 0.19815668202764977