0 0.4109375 0.5069124423963134 0.04375 0.09216589861751152
1 0.9140625 0.4861751152073733 0.028125 0.2350230414746544
0 0.4109375 0.5875576036866359 0.05 0.1336405529953917
0 0.64140625 0.3294930875576037 0.0359375 0.14285714285714285
0 0.48828125 0.46774193548387094 0.0453125 0.15207373271889402
0 0.4328125 0.4792626728110599 0.04375 0.15668202764976957
0 0.5203125 0.5599078341013825 0.05625 0.15207373271889402
0 0.41328125 0.6682027649769585 0.0515625 0.16589861751152074
0 0.48671875 0.3778801843317972 0.0484375 0.1382488479262673
0 0.11796875 0.46774193548387094 0.0421875 0.2073732718894009
0 0.39765625 0.45161290322580644 0.0453125 0.18433179723502305
0 0.35 0.18663594470046083 0.040625 0.21658986175115208
0 0.34453125 0.3548387096774194 0.0359375 0.17511520737327188
0 0.64375 0.4700460829493088 0.034375 0.2488479262672811
0 0.50390625 0.6820276497695853 0.0390625 0.2857142857142857
0 0.8140625 0.15898617511520738 0.034375 0.21658986175115208
0 0.49765625 0.1728110599078341 0.0265625 0.22580645161290322
0 0.6953125 0.6935483870967742 0.0375 0.24423963133640553
0 0.61796875 0.027649769585253458 0.0328125 0.055299539170506916