0 0.4609375 0.29493087557603687 0.05 0.11059907834101383
0 0.46484375 0.22350230414746544 0.0453125 0.0967741935483871
0 0.37578125 0.2857142857142857 0.0265625 0.2672811059907834
0 0.0578125 0.15207373271889402 0.03125 0.23963133640552994
0 0.4578125 0.4055299539170507 0.05 0.20276497695852536
0 0.559375 0.10599078341013825 0.04375 0.2119815668202765
0 0.346875 0.0944700460829493 0.025 0.1889400921658986
0 0.4390625 0.6013824884792627 0.071875 0.17972350230414746
0 0.5578125 0.5230414746543779 0.05625 0.22580645161290322
0 0.83203125 0.35944700460829493 0.0421875 0.2488479262672811
0 0.096875 0.5691244239631337 0.040625 0.2903225806451613
0 0.29375 0.04608294930875576 0.034375 0.09216589861751152
0 0.60703125 0.08294930875576037 0.0546875 0.16589861751152074
0 0.3421875 0.46774193548387094 0.053125 0.2534562211981567
0 0.17890625 0.7903225806451613 0.0421875 0.271889400921659
0 0.6953125 0.24193548387096775 0.034375 0.2626728110599078
0 0.54296875 0.7142857142857143 0.0640625 0.2857142857142857