0 0.59609375 0.195852534562212 0.0453125 0.16129032258064516
0 0.5984375 0.43317972350230416 0.046875 0.17511520737327188
0 0.55625 0.32027649769585254 0.0375 0.17050691244239632
0 0.5828125 0.2465437788018433 0.0375 0.10599078341013825
0 0.49453125 0.2926267281105991 0.0578125 0.1152073732718894
0 0.703125 0.2834101382488479 0.040625 0.2350230414746544
0 0.496875 0.3686635944700461 0.059375 0.1382488479262673
0 0.61640625 0.17511520737327188 0.0390625 0.17511520737327188
0 0.50390625 0.511520737327189 0.0546875 0.2119815668202765
0 0.60234375 0.6221198156682027 0.0609375 0.2119815668202765
0 0.43515625 0.1543778801843318 0.0359375 0.22580645161290322
0 0.2859375 0.6612903225806451 0.0375 0.271889400921659
0 0.259375 0.9124423963133641 0.040625 0.17511520737327188
0 0.62421875 0.8548387096774194 0.0546875 0.24423963133640553
0 0.48125 0.7695852534562212 0.040625 0.2488479262672811
0 0.565625 0.7442396313364056 0.053125 0.2534562211981567
0 0.5078125 0.09907834101382489 0.040625 0.19815668202764977