0 0.4627604166666667 0.23266563944530047 0.044270833333333336 0.13559322033898305
0 0.48359375 0.3659476117103236 0.044270833333333336 0.18952234206471494
0 0.44375 0.47919876733436056 0.04375 0.1694915254237288
0 0.46588541666666666 0.4167950693374422 0.034895833333333334 0.15562403697996918
0 0.48776041666666664 0.21494607087827428 0.030729166666666665 0.13097072419106318
0 0.4361979166666667 0.337442218798151 0.0359375 0.1448382126348228
0 0.5385416666666667 0.5531587057010786 0.07604166666666666 0.19106317411402157
0 0.42916666666666664 0.5446841294298922 0.04583333333333333 0.1617873651771957
0 0.5895833333333333 0.17873651771956856 0.03229166666666667 0.2218798151001541
0 0.5333333333333333 0.4460708782742681 0.06770833333333333 0.15562403697996918
0 0.4046875 0.6224961479198767 0.04583333333333333 0.19106317411402157
0 0.78671875 0.6494607087827426 0.0359375 0.26040061633281975
0 0.725 0.36902927580893685 0.040625 0.20184899845916796
0 0.5638020833333334 0.2280431432973806 0.058854166666666666 0.19106317411402157
0 0.5463541666666667 0.36517719568567025 0.06354166666666666 0.17565485362095531
0 0.7408854166666666 0.023882896764252697 0.0265625 0.04776579352850539
0 0.9807291666666667 0.5323574730354391 0.03854166666666667 0.23882896764252695
0 0.2265625 0.3605546995377504 0.03854166666666667 0.21879815100154082
0 0.965625 0.21263482280431434 0.034375 0.22496147919876733
0 0.5114583333333333 0.6741140215716487 0.04375 0.24807395993836673
0 0.46432291666666664 0.06394453004622497 0.04635416666666667 0.12788906009244994