0 0.44453125 0.2857142857142857 0.0421875 0.14746543778801843
0 0.4640625 0.15898617511520738 0.040625 0.15207373271889402
0 0.025 0.5023041474654378 0.05 0.23963133640552994
0 0.28125 0.14055299539170507 0.03125 0.1889400921658986
0 0.271875 0.0576036866359447 0.03125 0.1152073732718894
0 0.48828125 0.31105990783410137 0.0453125 0.28110599078341014
0 0.45859375 0.06451612903225806 0.0296875 0.12903225806451613
0 0.5890625 0.2534562211981567 0.034375 0.2488479262672811
0 0.41953125 0.49078341013824883 0.0421875 0.271889400921659
0 0.51015625 0.20506912442396313 0.0484375 0.2534562211981567
0 0.47890625 0.6036866359447005 0.0640625 0.2488479262672811
0 0.31328125 0.6036866359447005 0.0484375 0.23963133640552994
0 0.26875 0.3456221198156682 0.04375 0.2488479262672811
0 0.4703125 0.41013824884792627 0.06875 0.23963133640552994
0 0.07578125 0.7880184331797235 0.0609375 0.29493087557603687
0 0.8109375 0.33640552995391704 0.053125 0.20276497695852536
0 0.55703125 0.3248847926267281 0.0421875 0.2073732718894009
0 0.5453125 0.4792626728110599 0.0625 0.2304147465437788
0 0.03046875 0.18433179723502305 0.0421875 0.22119815668202766