0 0.47734375 0.37327188940092165 0.0421875 0.11981566820276497
0 0.56484375 0.2534562211981567 0.0421875 0.09216589861751152
0 0.56875 0.31797235023041476 0.0375 0.11059907834101383
0 0.5359375 0.3617511520737327 0.046875 0.15207373271889402
0 0.4828125 0.2903225806451613 0.046875 0.11981566820276497
0 0.4828125 0.22119815668202766 0.04375 0.11981566820276497
0 0.54921875 0.15207373271889402 0.0359375 0.1935483870967742
0 0.1890625 0.5046082949308756 0.03125 0.24423963133640553
0 0.128125 0.25806451612903225 0.025 0.2119815668202765
0 0.5953125 0.22350230414746544 0.034375 0.16129032258064516
0 0.57265625 0.4447004608294931 0.0390625 0.17972350230414746
0 0.30703125 0.08525345622119816 0.0265625 0.17050691244239632
0 0.40625 0.2834101382488479 0.034375 0.14285714285714285
0 0.478125 0.4930875576036866 0.05 0.15668202764976957
0 0.41875 0.12672811059907835 0.025 0.19815668202764977
0 0.39296875 0.42857142857142855 0.0359375 0.1935483870967742
0 0.7859375 0.34101382488479265 0.0375 0.20276497695852536