0 0.507421875 0.23787528868360278 0.04296875 0.10623556581986143
0 0.535546875 0.4053117782909931 0.04140625 0.14087759815242495
0 0.430078125 0.2113163972286374 0.05390625 0.13163972286374134
0 0.43125 0.29330254041570436 0.046875 0.17551963048498845
0 0.46484375 0.4399538106235566 0.0578125 0.17321016166281755
0 0.519921875 0.32217090069284066 0.05078125 0.14087759815242495
0 0.648046875 0.24133949191685913 0.03671875 0.18244803695150116
0 0.50390625 0.13279445727482678 0.0390625 0.13163972286374134
0 0.67578125 0.30369515011547343 0.0375 0.18706697459584296
0 0.47578125 0.9399538106235565 0.075 0.12009237875288684
0 0.571875 0.4653579676674365 0.0609375 0.19630484988452657
0 0.958984375 0.35450346420323325 0.06484375 0.19168591224018475
0 0.654296875 0.9457274826789839 0.04921875 0.10854503464203233
0 0.19921875 0.30600461893764436 0.0421875 0.20554272517321015
0 0.292578125 0.32678983833718245 0.04921875 0.14549653579676675