0 0.5953125 0.3271889400921659 0.040625 0.17511520737327188
0 0.41484375 0.3617511520737327 0.0296875 0.21658986175115208
0 0.6390625 0.16129032258064516 0.034375 0.12903225806451613
0 0.5328125 0.45622119815668205 0.059375 0.20276497695852536
0 0.62890625 0.42857142857142855 0.0421875 0.1935483870967742
0 0.50390625 0.12672811059907835 0.0265625 0.1336405529953917
0 0.2921875 0.08525345622119816 0.028125 0.17050691244239632
0 0.871875 0.3317972350230415 0.034375 0.20276497695852536
0 0.16484375 0.47465437788018433 0.0328125 0.2304147465437788
0 0.64296875 0.8640552995391705 0.0578125 0.2350230414746544
0 0.46875 0.8824884792626728 0.0375 0.21658986175115208