0 0.27734375 0.08775981524249422 0.0359375 0.17551963048498845
0 0.86640625 0.5715935334872979 0.071875 0.3302540415704388
0 0.747265625 0.5127020785219399 0.06015625 0.3002309468822171
0 0.755859375 0.22979214780600463 0.04921875 0.21939953810623555
0 0.71953125 0.24595842956120093 0.04375 0.22863741339491916
0 0.821875 0.31755196304849886 0.046875 0.2748267898383372
0 0.61484375 0.4468822170900693 0.0453125 0.26558891454965355
0 0.255078125 0.10277136258660508 0.04765625 0.20554272517321015
0 0.692578125 0.5138568129330254 0.05703125 0.3117782909930716
0 0.308203125 0.19861431870669746 0.05078125 0.2540415704387991
0 0.267578125 0.3787528868360277 0.05390625 0.2863741339491917
0 0.7984375 0.558891454965358 0.0734375 0.3094688221709007
0 0.178125 0.7886836027713626 0.0796875 0.26096997690531176
0 0.646875 0.407621247113164 0.0515625 0.279445727482679