0 0.378125 0.1935483870967742 0.034375 0.14746543778801843
0 0.36953125 0.3294930875576037 0.0359375 0.19815668202764977
0 0.409375 0.18433179723502305 0.034375 0.16589861751152074
0 0.67734375 0.8640552995391705 0.0484375 0.271889400921659
0 0.396875 0.391705069124424 0.059375 0.25806451612903225
0 0.35703125 0.4815668202764977 0.0546875 0.271889400921659
0 0.3578125 0.1935483870967742 0.04375 0.22119815668202766
0 0.4421875 0.41013824884792627 0.04375 0.2857142857142857
0 0.2171875 0.29723502304147464 0.0375 0.2534562211981567
0 0.50078125 0.5599078341013825 0.0546875 0.2534562211981567
0 0.6046875 0.07603686635944701 0.046875 0.15207373271889402
0 0.30859375 0.47235023041474655 0.0515625 0.24423963133640553
0 0.86328125 0.5898617511520737 0.0578125 0.25806451612903225
0 0.52734375 0.08755760368663594 0.0609375 0.17511520737327188
0 0.40546875 0.8341013824884793 0.0671875 0.23963133640552994