0 0.52109375 0.2995391705069124 0.0421875 0.12903225806451613
0 0.48125 0.29723502304147464 0.040625 0.15207373271889402
0 0.53046875 0.4032258064516129 0.0453125 0.16129032258064516
0 0.4453125 0.37327188940092165 0.05625 0.16589861751152074
0 0.48515625 0.15668202764976957 0.0453125 0.11981566820276497
0 0.5515625 0.4700460829493088 0.04375 0.1935483870967742
1 0.9703125 0.06451612903225806 0.028125 0.12903225806451613
0 0.27421875 0.2764976958525346 0.0359375 0.22119815668202766
0 0.44375 0.059907834101382486 0.0375 0.11981566820276497
0 0.46015625 0.49078341013824883 0.0546875 0.19815668202764977
0 0.7671875 0.23732718894009217 0.040625 0.19815668202764977
0 0.4 0.14055299539170507 0.053125 0.16129032258064516
0 0.02578125 0.4470046082949309 0.0359375 0.22119815668202766
0 0.64453125 0.49078341013824883 0.0328125 0.24423963133640553
0 0.3265625 0.4032258064516129 0.034375 0.2073732718894009
0 0.428125 0.2903225806451613 0.059375 0.15668202764976957
0 0.1609375 0.04608294930875576 0.03125 0.09216589861751152
0 0.39765625 0.5368663594470046 0.0421875 0.24423963133640553
0 0.24765625 0.18663594470046083 0.0390625 0.19815668202764977
0 0.24453125 0.7188940092165899 0.0359375 0.2488479262672811
0 0.60546875 0.5391705069124424 0.0578125 0.2304147465437788