0 0.509375 0.24249422632794457 0.0546875 0.2540415704387991
0 0.45 0.16166281755196305 0.0484375 0.19861431870669746
0 0.458984375 0.27251732101616627 0.04765625 0.23094688221709006
0 0.576953125 0.4341801385681293 0.04453125 0.22170900692840648
0 0.280859375 0.41454965357967666 0.04765625 0.2517321016166282
0 0.626953125 0.07621247113163972 0.03984375 0.15242494226327943
0 0.308984375 0.34872979214780603 0.06640625 0.24480369515011546
0 0.48515625 0.37528868360277134 0.053125 0.21939953810623555
0 0.363671875 0.1789838337182448 0.05390625 0.26096997690531176
0 0.409765625 0.15011547344110854 0.04921875 0.22632794457274827
0 0.76875 0.5450346420323325 0.0421875 0.2632794457274827
0 0.68984375 0.5115473441108545 0.05625 0.28868360277136257
0 0.584765625 0.23672055427251731 0.05234375 0.21939953810623555
0 0.380859375 0.3071593533487298 0.04140625 0.21247113163972287
0 0.924609375 0.9399538106235565 0.09921875 0.12009237875288684
0 0.640234375 0.312933025404157 0.06953125 0.22401847575057737
0 0.2375 0.2678983833718245 0.053125 0.22632794457274827