0 0.42421875 0.20046082949308755 0.0421875 0.10599078341013825
0 0.57734375 0.06912442396313365 0.0265625 0.1382488479262673
0 0.4703125 0.15668202764976957 0.040625 0.11059907834101383
0 0.4046875 0.15668202764976957 0.034375 0.12903225806451613
0 0.39609375 0.11981566820276497 0.0390625 0.1382488479262673
0 0.496875 0.22811059907834103 0.0375 0.14285714285714285
0 0.69375 0.8456221198156681 0.028125 0.24423963133640553
0 0.58515625 0.18433179723502305 0.0296875 0.15668202764976957
0 0.29921875 0.18202764976958524 0.0265625 0.19815668202764977
0 0.7890625 0.05069124423963134 0.025 0.10138248847926268
0 0.41640625 0.2926267281105991 0.0484375 0.15207373271889402
0 0.49609375 0.3686635944700461 0.0390625 0.17511520737327188
0 0.28046875 0.1359447004608295 0.0296875 0.16129032258064516
0 0.98515625 0.4400921658986175 0.0296875 0.2073732718894009
0 0.39765625 0.029953917050691243 0.0359375 0.059907834101382486
0 0.359375 0.07834101382488479 0.040625 0.15668202764976957
0 0.590625 0.41013824884792627 0.03125 0.18433179723502305
0 0.39453125 0.5253456221198156 0.0546875 0.2119815668202765
0 0.46640625 0.8917050691244239 0.0546875 0.21658986175115208