0 0.5296875 0.2528868360277136 0.0484375 0.18244803695150116
0 0.491796875 0.42494226327944573 0.04296875 0.3094688221709007
0 0.55546875 0.13048498845265588 0.0546875 0.22863741339491916
0 0.69296875 0.4353348729792148 0.0484375 0.29330254041570436
0 0.5875 0.43187066974595845 0.0515625 0.30484988452655887
0 0.751171875 0.42609699769053117 0.05859375 0.3117782909930716
0 0.447265625 0.5646651270207852 0.06796875 0.3579676674364896
0 0.6203125 0.1697459584295612 0.059375 0.3210161662817552
0 0.605859375 0.5277136258660509 0.05859375 0.3533487297921478
0 0.42109375 0.4399538106235566 0.0875 0.34872979214780603
0 0.823828125 0.27136258660508084 0.06640625 0.2517321016166282
0 0.663671875 0.4930715935334873 0.07890625 0.3348729792147806
0 0.7140625 0.15704387990762125 0.059375 0.2956120092378753