0 0.7125 0.23732718894009217 0.040625 0.15207373271889402
0 0.57421875 0.1912442396313364 0.0421875 0.2350230414746544
0 0.4265625 0.619815668202765 0.059375 0.19815668202764977
0 0.7125 0.3640552995391705 0.04375 0.2672811059907834
0 0.4015625 0.30184331797235026 0.04375 0.1336405529953917
0 0.38671875 0.45852534562211983 0.0546875 0.24423963133640553
0 0.796875 0.4308755760368664 0.034375 0.31797235023041476
1 0.05859375 0.9055299539170507 0.0484375 0.1889400921658986
0 0.07578125 0.3709677419354839 0.0515625 0.28110599078341014
0 0.54453125 0.511520737327189 0.0640625 0.2672811059907834
0 0.56875 0.3433179723502304 0.065625 0.1889400921658986
0 0.821875 0.1935483870967742 0.046875 0.2764976958525346
0 0.7171875 0.7511520737327189 0.046875 0.35023041474654376
0 0.65390625 0.511520737327189 0.0421875 0.29493087557603687