0 0.46796875 0.4700460829493088 0.0359375 0.17511520737327188
0 0.634375 0.08294930875576037 0.059375 0.16589861751152074
0 0.4453125 0.03456221198156682 0.034375 0.06912442396313365
0 0.58828125 0.32027649769585254 0.0515625 0.2350230414746544
0 0.590625 0.17511520737327188 0.05 0.12903225806451613
0 0.5421875 0.3087557603686636 0.05625 0.12903225806451613
0 0.60703125 0.12442396313364056 0.0515625 0.1382488479262673
0 0.50625 0.2304147465437788 0.05 0.12903225806451613
0 0.48046875 0.34101382488479265 0.0546875 0.16589861751152074
0 0.44453125 0.14746543778801843 0.0421875 0.22119815668202766
0 0.55234375 0.4838709677419355 0.0546875 0.18433179723502305
0 0.53046875 0.0944700460829493 0.0484375 0.17972350230414746
0 0.409375 0.2511520737327189 0.040625 0.2350230414746544
0 0.85546875 0.34101382488479265 0.0484375 0.2488479262672811
0 0.0796875 0.8732718894009217 0.06875 0.2534562211981567
0 0.47734375 0.8963133640552995 0.0703125 0.2073732718894009
0 0.4359375 0.511520737327189 0.0625 0.2672811059907834