0 0.43359375 0.9792626728110599 0.0609375 0.041474654377880185
0 0.6390625 0.2880184331797235 0.04375 0.271889400921659
0 0.47578125 0.9262672811059908 0.0546875 0.14746543778801843
0 0.53046875 0.880184331797235 0.0703125 0.23963133640552994
0 0.22734375 0.5645161290322581 0.0484375 0.3548387096774194
0 0.6890625 0.3686635944700461 0.075 0.2764976958525346
0 0.18828125 0.5414746543778802 0.0546875 0.33640552995391704
1 0.5765625 0.1359447004608295 0.053125 0.271889400921659
0 0.8421875 0.9423963133640553 0.06875 0.1152073732718894
0 0.35859375 0.868663594470046 0.0765625 0.2626728110599078
0 0.2578125 0.8271889400921659 0.065625 0.3456221198156682