0 0.45703125 0.7327188940092166 0.0609375 0.2672811059907834
0 0.57265625 0.27419354838709675 0.0578125 0.33640552995391704
0 0.39296875 0.3847926267281106 0.0609375 0.14285714285714285
0 0.4890625 0.7995391705069125 0.05625 0.37327188940092165
0 0.55625 0.44930875576036866 0.071875 0.33640552995391704
0 0.43984375 0.5184331797235023 0.0640625 0.22580645161290322
0 0.36015625 0.5967741935483871 0.0609375 0.2534562211981567
0 0.23046875 0.532258064516129 0.0578125 0.3087557603686636
0 0.490625 0.052995391705069124 0.059375 0.10599078341013825
0 0.21015625 0.42857142857142855 0.0703125 0.34101382488479265
0 0.6171875 0.16129032258064516 0.0375 0.31336405529953915
0 0.87578125 0.9377880184331797 0.0671875 0.12442396313364056
0 0.90390625 0.08064516129032258 0.0578125 0.16129032258064516
0 0.5171875 0.5391705069124424 0.075 0.31336405529953915
0 0.43984375 0.14516129032258066 0.0703125 0.2903225806451613
0 0.5078125 0.1336405529953917 0.078125 0.2672811059907834
0 0.30703125 0.8433179723502304 0.0859375 0.31336405529953915