0 0.646875 0.1951501154734411 0.03125 0.16859122401847576
0 0.246484375 0.03002309468822171 0.03203125 0.06004618937644342
0 0.65234375 0.38683602771362585 0.0453125 0.22401847575057737
0 0.6765625 0.2251732101616628 0.0375 0.20554272517321015
0 0.313671875 0.836027713625866 0.06171875 0.24942263279445728
0 0.27421875 0.812933025404157 0.0421875 0.23556581986143188
0 0.2625 0.5069284064665127 0.0546875 0.23787528868360278
0 0.198828125 0.2390300230946882 0.04453125 0.19630484988452657
0 0.615234375 0.40877598152424943 0.04765625 0.23094688221709006
0 0.02890625 0.39838337182448036 0.0453125 0.20554272517321015
0 0.578515625 0.302540415704388 0.05546875 0.20323325635103925
1 0.876171875 0.08429561200923788 0.04140625 0.16859122401847576
0 0.79140625 0.2863741339491917 0.0453125 0.21709006928406466