0 0.58828125 0.3709677419354839 0.0484375 0.19815668202764977
0 0.5609375 0.2880184331797235 0.04375 0.21658986175115208
0 0.41640625 0.0967741935483871 0.0484375 0.1935483870967742
0 0.721875 0.423963133640553 0.046875 0.2857142857142857
0 0.44765625 0.15207373271889402 0.0578125 0.29493087557603687
0 0.3640625 0.3248847926267281 0.05 0.28110599078341014
0 0.578125 0.5138248847926268 0.0625 0.271889400921659
0 0.334375 0.1889400921658986 0.040625 0.2857142857142857
0 0.37421875 0.11059907834101383 0.0546875 0.22119815668202766
0 0.51640625 0.5069124423963134 0.0578125 0.25806451612903225
0 0.4671875 0.6336405529953917 0.059375 0.2903225806451613
0 0.41171875 0.6336405529953917 0.0734375 0.2995391705069124
0 0.68359375 0.14516129032258066 0.0703125 0.2903225806451613
0 0.22890625 0.423963133640553 0.0515625 0.3317972350230415