0 0.546875 0.38018433179723504 0.03125 0.14285714285714285
0 0.6265625 0.41013824884792627 0.05625 0.2119815668202765
0 0.51484375 0.14055299539170507 0.0515625 0.19815668202764977
0 0.46328125 0.3663594470046083 0.0578125 0.22580645161290322
0 0.49921875 0.03686635944700461 0.0609375 0.07373271889400922
0 0.5734375 0.4838709677419355 0.0375 0.1935483870967742
0 0.58203125 0.7258064516129032 0.0734375 0.3087557603686636
0 0.77734375 0.6290322580645161 0.0484375 0.2626728110599078
0 0.22578125 0.4815668202764977 0.0484375 0.24423963133640553
0 0.4703125 0.771889400921659 0.096875 0.271889400921659
0 0.5234375 0.29723502304147464 0.071875 0.21658986175115208
0 0.50078125 0.5184331797235023 0.0703125 0.2534562211981567
0 0.64296875 0.6451612903225806 0.0609375 0.29493087557603687
0 0.25625 0.6658986175115207 0.046875 0.28110599078341014
0 0.5390625 0.6244239631336406 0.075 0.2626728110599078
0 0.11875 0.16359447004608296 0.0375 0.21658986175115208
0 0.1828125 0.052995391705069124 0.0375 0.10599078341013825
0 0.046875 0.8271889400921659 0.065625 0.28110599078341014