0 0.61875 0.46543778801843316 0.040625 0.12903225806451613
0 0.5984375 0.3686635944700461 0.05 0.10138248847926268
0 0.50625 0.5829493087557603 0.0625 0.14285714285714285
0 0.39296875 0.24423963133640553 0.0390625 0.20276497695852536
0 0.6046875 0.6543778801843319 0.05625 0.1935483870967742
0 0.51171875 0.4792626728110599 0.0609375 0.12903225806451613
0 0.5703125 0.5092165898617511 0.046875 0.16129032258064516
0 0.50859375 0.4009216589861751 0.0546875 0.1382488479262673
0 0.6265625 0.08986175115207373 0.05625 0.17972350230414746
0 0.37109375 0.38940092165898615 0.0484375 0.15207373271889402
0 0.50625 0.6912442396313364 0.05625 0.25806451612903225
0 0.6703125 0.5460829493087558 0.0375 0.24423963133640553
0 0.36015625 0.08986175115207373 0.0484375 0.17972350230414746
0 0.28828125 0.716589861751152 0.0390625 0.28110599078341014
0 0.90390625 0.49078341013824883 0.0484375 0.22580645161290322
0 0.36796875 0.5345622119815668 0.0421875 0.2119815668202765