0 0.5890625 0.31105990783410137 0.053125 0.2350230414746544
0 0.5921875 0.16359447004608296 0.05 0.12442396313364056
0 0.609375 0.1175115207373272 0.05 0.1336405529953917
0 0.5046875 0.21889400921658986 0.053125 0.1336405529953917
0 0.4828125 0.33410138248847926 0.053125 0.16129032258064516
0 0.553125 0.4838709677419355 0.05625 0.18433179723502305
0 0.5296875 0.08755760368663594 0.053125 0.17511520737327188
0 0.3125 0.055299539170506916 0.034375 0.11059907834101383
0 0.4328125 0.12442396313364056 0.034375 0.2488479262672811
0 0.35 0.8755760368663594 0.0625 0.2488479262672811
0 0.43828125 0.5023041474654378 0.0609375 0.2672811059907834
0 0.3640625 0.26036866359447003 0.04375 0.2350230414746544
0 0.85859375 0.3387096774193548 0.0484375 0.2626728110599078
0 0.48046875 0.8940092165898618 0.0703125 0.2119815668202765
0 0.1890625 0.4539170506912442 0.04375 0.271889400921659