1 0.0125 0.08064516129032258 0.025 0.16129032258064516
0 0.44921875 0.15207373271889402 0.0453125 0.14746543778801843
0 0.47734375 0.2626728110599078 0.0296875 0.14746543778801843
0 0.4125 0.4539170506912442 0.040625 0.17972350230414746
0 0.52109375 0.3640552995391705 0.0671875 0.12903225806451613
0 0.509375 0.4815668202764977 0.05 0.1889400921658986
0 0.3140625 0.31105990783410137 0.0375 0.1889400921658986
0 0.33203125 0.21658986175115208 0.0265625 0.22119815668202766
0 0.534375 0.1382488479262673 0.046875 0.11981566820276497
0 0.440625 0.35023041474654376 0.040625 0.1382488479262673
0 0.53828125 0.2465437788018433 0.0515625 0.14285714285714285
0 0.60703125 0.16589861751152074 0.0359375 0.16589861751152074
0 0.390625 0.5944700460829493 0.05625 0.2119815668202765
0 0.64609375 0.9423963133640553 0.0421875 0.1152073732718894
0 0.609375 0.3064516129032258 0.046875 0.1889400921658986
0 0.4015625 0.9331797235023042 0.06875 0.1336405529953917
0 0.684375 0.6497695852534562 0.040625 0.1935483870967742