0 0.040625 0.6120092378752887 0.0453125 0.24018475750577367
0 0.36875 0.38683602771362585 0.0359375 0.18706697459584296
0 0.469140625 0.2840646651270208 0.04296875 0.19861431870669746
0 0.29609375 0.33833718244803695 0.0578125 0.20092378752886836
0 0.887109375 0.6720554272517321 0.03984375 0.21247113163972287
0 0.451953125 0.6662817551963048 0.03671875 0.21478060046189376
0 0.154296875 0.41570438799076215 0.04296875 0.21247113163972287
1 0.058203125 0.2575057736720554 0.03203125 0.19630484988452657
0 0.341015625 0.3695150115473441 0.03828125 0.20323325635103925
0 0.1796875 0.45496535796766746 0.053125 0.19399538106235567
0 0.6453125 0.17551963048498845 0.0484375 0.15242494226327943
0 0.417578125 0.7066974595842956 0.04609375 0.24480369515011546
0 0.73046875 0.31524249422632794 0.0390625 0.17321016166281755
0 0.889453125 0.4399538106235566 0.04453125 0.19630484988452657
0 0.434765625 0.26558891454965355 0.04453125 0.18937644341801385
0 0.6125 0.33602771362586603 0.0421875 0.18706697459584296