0 0.580078125 0.09584295612009237 0.03828125 0.19168591224018475
0 0.5234375 0.3406466512702079 0.0421875 0.21478060046189376
0 0.58203125 0.24018475750577367 0.0421875 0.18013856812933027
0 0.551171875 0.407621247113164 0.04140625 0.3210161662817552
0 0.531640625 0.1581986143187067 0.03671875 0.20554272517321015
0 0.613671875 0.42609699769053117 0.06640625 0.25635103926096997
0 0.478515625 0.28983833718244806 0.04609375 0.21016166281755197
0 0.091015625 0.06351039260969978 0.04453125 0.12702078521939955
0 0.62265625 0.15011547344110854 0.0546875 0.27713625866050806
0 0.513671875 0.7944572748267898 0.04609375 0.3510392609699769
0 0.237109375 0.07852193995381063 0.05390625 0.15704387990762125
0 0.455859375 0.19861431870669746 0.06171875 0.21709006928406466
0 0.29453125 0.8314087759815243 0.0484375 0.2863741339491917