0 0.33541666666666664 0.3667180277349769 0.05416666666666667 0.09553158705701079
0 0.33645833333333336 0.28197226502311246 0.05416666666666667 0.12326656394453005
0 0.15442708333333333 0.31432973805855163 0.0515625 0.3235747303543914
0 0.5817708333333333 0.2457627118644068 0.04479166666666667 0.2665639445300462
0 0.4434895833333333 0.35208012326656396 0.05677083333333333 0.13713405238828968
0 0.3729166666666667 0.36517719568567025 0.057291666666666664 0.21879815100154082
0 0.23958333333333334 0.672573189522342 0.04583333333333333 0.35285053929121724
0 0.4596354166666667 0.5546995377503852 0.059895833333333336 0.31741140215716485
0 0.4544270833333333 0.2526964560862866 0.06822916666666666 0.1633281972265023
0 0.34010416666666665 0.1926040061633282 0.05416666666666667 0.11093990755007704
0 0.1484375 0.41910631741140214 0.04791666666666667 0.28659476117103233
0 0.32578125 0.4884437596302003 0.05677083333333333 0.23112480739599384
0 0.9484375 0.2226502311248074 0.03854166666666667 0.300462249614792
0 0.8541666666666666 0.8482280431432974 0.036458333333333336 0.3035439137134052
1 0.7513020833333334 0.33975346687211094 0.0484375 0.24191063174114022
0 0.5190104166666667 0.09399075500770417 0.0328125 0.18798151001540833
0 0.6036458333333333 0.4283513097072419 0.05 0.28043143297380585
0 0.28567708333333336 0.1987673343605547 0.0578125 0.21571648690292758
0 0.35520833333333335 0.06548536209553159 0.05625 0.13097072419106318