0 0.4609375 0.05161787365177196 0.03958333333333333 0.10323574730354391
0 0.478125 0.1802773497688752 0.034375 0.13559322033898305
0 0.6697916666666667 0.11325115562403698 0.03229166666666667 0.11864406779661017
0 0.3229166666666667 0.12172573189522343 0.021875 0.23420647149460708
0 0.53359375 0.35901386748844377 0.06614583333333333 0.14791987673343607
0 0.44296875 0.2696456086286595 0.0453125 0.1694915254237288
0 0.53515625 0.12018489984591679 0.0640625 0.12018489984591679
0 0.67109375 0.23189522342064714 0.03177083333333333 0.2110939907550077
0 0.53359375 0.22573189522342066 0.06302083333333333 0.13405238828967642
0 0.3072916666666667 0.24499229583975346 0.034375 0.19722650231124808
0 0.53359375 0.040832049306625574 0.0609375 0.08166409861325115
0 0.4161458333333333 0.0724191063174114 0.023958333333333335 0.1448382126348228
0 0.66953125 0.4152542372881356 0.034895833333333334 0.22033898305084745
0 0.9231770833333334 0.5423728813559322 0.033854166666666664 0.24036979969183359
0 0.6734375 0.8489984591679507 0.052083333333333336 0.28043143297380585
0 0.46927083333333336 0.49768875192604006 0.053125 0.21263482280431434
0 0.4278645833333333 0.8451463790446841 0.05677083333333333 0.26040061633281975