0 0.4484375 0.1263482280431433 0.041666666666666664 0.09244992295839753
0 0.44296875 0.18952234206471494 0.03697916666666667 0.06471494607087827
0 0.671875 0.10785824345146379 0.03125 0.12326656394453005
0 0.47890625 0.1802773497688752 0.0390625 0.1263482280431433
0 0.46145833333333336 0.05007704160246533 0.03854166666666667 0.10015408320493066
0 0.44479166666666664 0.2711864406779661 0.04375 0.1633281972265023
0 0.5333333333333333 0.3574730354391371 0.06770833333333333 0.1510015408320493
0 0.6705729166666666 0.2295839753466872 0.0296875 0.22496147919876733
0 0.53203125 0.22419106317411402 0.0609375 0.13405238828967642
0 0.53515625 0.03697996918335902 0.058854166666666666 0.07395993836671803
0 0.5348958333333333 0.12018489984591679 0.06145833333333333 0.12018489984591679
0 0.3299479166666667 0.13097072419106318 0.027604166666666666 0.23420647149460708
0 0.3072916666666667 0.24422187981510016 0.035416666666666666 0.2049306625577812
0 0.40338541666666666 0.24499229583975346 0.03802083333333333 0.21571648690292758
0 0.6736979166666667 0.8613251155624037 0.05364583333333333 0.2526964560862866
0 0.6661458333333333 0.44838212634822805 0.03333333333333333 0.2280431432973806
0 0.4278645833333333 0.8451463790446841 0.05677083333333333 0.26040061633281975
0 0.9229166666666667 0.5477657935285054 0.035416666666666666 0.23882896764252695
0 0.4700520833333333 0.5015408320493067 0.05260416666666667 0.1987673343605547