0 0.58984375 0.1543778801843318 0.0390625 0.10599078341013825
0 0.51328125 0.12672811059907835 0.0359375 0.10599078341013825
0 0.5890625 0.27419354838709675 0.0375 0.15207373271889402
0 0.5953125 0.0944700460829493 0.0375 0.12442396313364056
0 0.6125 0.41244239631336405 0.053125 0.1889400921658986
0 0.7015625 0.17511520737327188 0.028125 0.22119815668202766
0 0.509375 0.23271889400921658 0.040625 0.14285714285714285
0 0.53828125 0.06221198156682028 0.0296875 0.12442396313364056
0 0.2 0.923963133640553 0.040625 0.15207373271889402
1 0.28203125 0.20276497695852536 0.0328125 0.18433179723502305
0 0.7375 0.1382488479262673 0.03125 0.1935483870967742
0 0.496875 0.3433179723502304 0.05625 0.14285714285714285
0 0.22109375 0.41013824884792627 0.0296875 0.2119815668202765
0 0.54921875 0.7350230414746544 0.0546875 0.19815668202764977
0 0.41484375 0.17972350230414746 0.0328125 0.16589861751152074
0 0.4390625 0.7350230414746544 0.0375 0.2073732718894009
0 0.121875 0.06682027649769585 0.028125 0.1336405529953917
0 0.56875 0.9423963133640553 0.059375 0.1152073732718894
0 0.3640625 0.3686635944700461 0.0375 0.16589861751152074