0 0.444921875 0.2644341801385681 0.05703125 0.15473441108545036
0 0.20859375 0.25519630484988454 0.0296875 0.279445727482679
0 0.48984375 0.06928406466512702 0.040625 0.13856812933025403
0 0.41328125 0.20785219399538107 0.05 0.15704387990762125
0 0.50859375 0.31524249422632794 0.05625 0.17782909930715934
0 0.503515625 0.18706697459584296 0.05234375 0.13856812933025403
1 0.73828125 0.2471131639722864 0.04375 0.24480369515011546
0 0.175 0.22055427251732102 0.046875 0.24249422632794457
0 0.42890625 0.38683602771362585 0.0546875 0.2517321016166282
0 0.71796875 0.31062355658198615 0.0390625 0.25635103926096997
0 0.187109375 0.37066974595842955 0.04453125 0.26558891454965355
0 0.542578125 0.44226327944572746 0.06171875 0.18706697459584296
0 0.937109375 0.07390300230946882 0.03046875 0.14780600461893764
0 0.737890625 0.5750577367205543 0.04765625 0.3002309468822171
0 0.38125 0.745958429561201 0.040625 0.2909930715935335
0 0.392578125 0.12817551963048499 0.04296875 0.21016166281755197
0 0.871484375 0.8025404157043879 0.04765625 0.3210161662817552
0 0.669140625 0.2090069284064665 0.03984375 0.23787528868360278
0 0.491015625 0.6974595842956121 0.06015625 0.2909930715935335