0 0.50703125 0.09216589861751152 0.0296875 0.18433179723502305
0 0.628125 0.07142857142857142 0.0375 0.14285714285714285
0 0.703125 0.03225806451612903 0.025 0.06451612903225806
0 0.446875 0.052995391705069124 0.03125 0.10599078341013825
0 0.74453125 0.6059907834101382 0.0359375 0.2073732718894009
0 0.71796875 0.27419354838709675 0.0328125 0.17050691244239632
0 0.46953125 0.21428571428571427 0.0453125 0.22580645161290322
0 0.534375 0.0576036866359447 0.034375 0.1152073732718894
0 0.4078125 0.06912442396313365 0.0375 0.1382488479262673
0 0.6453125 0.11981566820276497 0.03125 0.1935483870967742
0 0.75390625 0.9216589861751152 0.0421875 0.15668202764976957
0 0.2859375 0.22350230414746544 0.034375 0.19815668202764977
0 0.89453125 0.9124423963133641 0.0765625 0.17511520737327188
0 0.77421875 0.6658986175115207 0.0515625 0.24423963133640553
0 0.37109375 0.12442396313364056 0.0421875 0.1935483870967742