0 0.6828125 0.22350230414746544 0.040625 0.10599078341013825
0 0.621875 0.29723502304147464 0.0375 0.14285714285714285
0 0.71328125 0.12211981566820276 0.0390625 0.14285714285714285
0 0.70546875 0.18433179723502305 0.0390625 0.14746543778801843
0 0.6 0.34101382488479265 0.040625 0.1935483870967742
0 0.634375 0.20967741935483872 0.046875 0.1336405529953917
0 0.64453125 0.08986175115207373 0.0359375 0.16129032258064516
0 0.56171875 0.0576036866359447 0.0296875 0.1152073732718894
0 0.68125 0.3271889400921659 0.040625 0.1935483870967742
1 0.44140625 0.20967741935483872 0.0359375 0.17972350230414746
0 0.4703125 0.271889400921659 0.034375 0.18433179723502305
0 0.73671875 0.3640552995391705 0.0390625 0.1935483870967742
0 0.8609375 0.20967741935483872 0.028125 0.22580645161290322
0 0.78359375 0.06451612903225806 0.0234375 0.12903225806451613
0 0.3078125 0.059907834101382486 0.028125 0.11981566820276497
0 0.2546875 0.4400921658986175 0.034375 0.19815668202764977
0 0.5171875 0.18202764976958524 0.034375 0.17972350230414746
0 0.6296875 0.8963133640552995 0.0625 0.2073732718894009
0 0.89453125 0.17972350230414746 0.0359375 0.1935483870967742
0 0.53828125 0.9055299539170507 0.0421875 0.1889400921658986