0 0.6546875 0.03456221198156682 0.03125 0.06912442396313365
0 0.6515625 0.08755760368663594 0.040625 0.11059907834101383
0 0.7125 0.1728110599078341 0.05 0.1336405529953917
0 0.68046875 0.06451612903225806 0.0359375 0.11981566820276497
0 0.72890625 0.2672811059907834 0.0421875 0.15668202764976957
0 0.7375 0.12903225806451613 0.040625 0.12903225806451613
0 0.66875 0.17511520737327188 0.040625 0.12903225806451613
0 0.62734375 0.2073732718894009 0.0390625 0.16589861751152074
1 0.4078125 0.14746543778801843 0.028125 0.1935483870967742
0 0.7546875 0.07603686635944701 0.040625 0.15207373271889402
0 0.871875 0.1497695852534562 0.03125 0.2350230414746544
0 0.37890625 0.8456221198156681 0.0328125 0.2350230414746544
0 0.63359375 0.29493087557603687 0.0515625 0.22119815668202766
0 0.4828125 0.5990783410138248 0.034375 0.20276497695852536
0 0.32265625 0.41013824884792627 0.0328125 0.20276497695852536
0 0.709375 0.9262672811059908 0.05 0.14746543778801843
0 0.709375 0.391705069124424 0.046875 0.22119815668202766
0 0.72109375 0.6382488479262672 0.0515625 0.2073732718894009