0 0.4859375 0.569284064665127 0.14375 0.22401847575057737
0 0.5296875 0.5265588914549654 0.0765625 0.3648960739030023
0 0.23046875 0.4942263279445728 0.0609375 0.27251732101616627
0 0.769140625 0.4341801385681293 0.05703125 0.47113163972286376
0 0.195703125 0.7771362586605081 0.09921875 0.4457274826789838
0 0.032421875 0.34757505773672054 0.06484375 0.4503464203233256
0 0.143359375 0.6120092378752887 0.11171875 0.4018475750577367
1 0.41875 0.042725173210161664 0.0609375 0.08545034642032333
0 0.375 0.7274826789838337 0.0875 0.5080831408775982
0 0.2625 0.8198614318706697 0.075 0.36027713625866054
0 0.494140625 0.08660508083140878 0.05859375 0.17321016166281755
0 0.652734375 0.7852193995381063 0.08828125 0.4295612009237875
0 0.784765625 0.6581986143187067 0.09140625 0.5450346420323325