0 0.7125 0.1728110599078341 0.046875 0.1336405529953917
0 0.65390625 0.09216589861751152 0.0359375 0.11059907834101383
0 0.72734375 0.2626728110599078 0.0421875 0.16589861751152074
0 0.68359375 0.059907834101382486 0.0359375 0.11981566820276497
0 0.66875 0.17511520737327188 0.040625 0.12903225806451613
0 0.73828125 0.12442396313364056 0.0390625 0.12903225806451613
0 0.62734375 0.20276497695852536 0.0390625 0.17511520737327188
1 0.409375 0.14746543778801843 0.028125 0.1935483870967742
0 0.46796875 0.027649769585253458 0.0234375 0.055299539170506916
0 0.7546875 0.07603686635944701 0.040625 0.15207373271889402
0 0.3890625 0.8248847926267281 0.034375 0.20276497695852536
0 0.87109375 0.15207373271889402 0.0328125 0.2304147465437788
0 0.4828125 0.5990783410138248 0.034375 0.20276497695852536
0 0.32265625 0.41244239631336405 0.0328125 0.2073732718894009
0 0.709375 0.9262672811059908 0.053125 0.14746543778801843
0 0.6359375 0.3087557603686636 0.05 0.18433179723502305
0 0.709375 0.391705069124424 0.046875 0.22119815668202766
0 0.72109375 0.6405529953917051 0.0515625 0.20276497695852536