0 0.83984375 0.8937644341801386 0.0609375 0.21247113163972287
1 0.647265625 0.9214780600461894 0.05703125 0.15704387990762125
1 0.977734375 0.15473441108545036 0.04453125 0.3094688221709007
0 0.848046875 0.6674364896073903 0.06953125 0.3510392609699769
0 0.775390625 0.3510392609699769 0.09140625 0.3972286374133949
0 0.745703125 0.8394919168591224 0.07109375 0.3210161662817552
0 0.50390625 0.2575057736720554 0.0625 0.28868360277136257
0 0.893359375 0.8521939953810623 0.06796875 0.2956120092378753
0 0.60625 0.24595842956120093 0.0828125 0.3302540415704388
0 0.577734375 0.8706697459584296 0.06171875 0.2586605080831409
0 0.289453125 0.707852193995381 0.06796875 0.4457274826789838
0 0.3640625 0.7875288683602771 0.0640625 0.42494226327944573