0 0.5 0.6362586605080831 0.0390625 0.12240184757505773
1 0.5984375 0.03695150115473441 0.021875 0.07390300230946882
0 0.403515625 0.8406466512702079 0.06171875 0.22632794457274827
0 0.432421875 0.6420323325635104 0.03984375 0.15242494226327943
0 0.401171875 0.7471131639722863 0.06484375 0.22401847575057737
0 0.475 0.5334872979214781 0.046875 0.14780600461893764
0 0.511328125 0.7956120092378753 0.05703125 0.22401847575057737
1 0.916015625 0.8672055427251733 0.02890625 0.26558891454965355
0 0.52109375 0.6235565819861432 0.040625 0.18013856812933027
0 0.249609375 0.7575057736720554 0.03828125 0.21709006928406466
0 0.617578125 0.8175519630484989 0.04453125 0.20323325635103925
0 0.14296875 0.2956120092378753 0.03125 0.20323325635103925
0 0.57890625 0.5034642032332564 0.05625 0.17551963048498845
0 0.6140625 0.1535796766743649 0.0453125 0.15473441108545036
0 0.336328125 0.45842956120092376 0.03359375 0.17782909930715934
0 0.45234375 0.11200923787528869 0.0375 0.17782909930715934
0 0.547265625 0.5715935334872979 0.04609375 0.19630484988452657
0 0.122265625 0.9722863741339491 0.04453125 0.05542725173210162
0 0.219921875 0.6177829099307159 0.03828125 0.22401847575057737
0 0.602734375 0.37759815242494227 0.04921875 0.16859122401847576
0 0.65546875 0.6859122401847575 0.05625 0.22170900692840648
0 0.44296875 0.9376443418013857 0.071875 0.12471131639722864