0 0.33619791666666665 0.28197226502311246 0.05364583333333333 0.12326656394453005
0 0.15494791666666666 0.3120184899845917 0.05260416666666667 0.3220338983050847
0 0.5260416666666666 0.0963020030816641 0.035416666666666666 0.1926040061633282
0 0.37265625 0.3644067796610169 0.0546875 0.2110939907550077
0 0.5815104166666667 0.25038520801232667 0.044270833333333336 0.2696456086286595
0 0.44296875 0.35824345146379044 0.0578125 0.15254237288135594
0 0.32526041666666666 0.48921417565485364 0.05677083333333333 0.23266563944530047
0 0.4552083333333333 0.5585516178736518 0.0625 0.300462249614792
0 0.4546875 0.2526964560862866 0.06979166666666667 0.17565485362095531
0 0.34036458333333336 0.1926040061633282 0.05364583333333333 0.11093990755007704
0 0.9817708333333334 0.2357473035439137 0.036458333333333336 0.28659476117103233
0 0.14869791666666668 0.41833590138674887 0.0484375 0.29121725731895226
0 0.25807291666666665 0.8443759630200308 0.033854166666666664 0.31124807395993837
0 0.8044270833333333 0.8913713405238829 0.04010416666666667 0.2172573189522342
0 0.6033854166666667 0.4283513097072419 0.0515625 0.28043143297380585
1 0.7515625 0.33975346687211094 0.04791666666666667 0.24191063174114022
0 0.28567708333333336 0.19799691833590138 0.0578125 0.2172573189522342
0 0.35572916666666665 0.0662557781201849 0.057291666666666664 0.1325115562403698