0 0.5057291666666667 0.09167950693374423 0.03125 0.18335901386748846
0 0.6283854166666667 0.0662557781201849 0.03697916666666667 0.1325115562403698
0 0.70234375 0.032357473035439135 0.024479166666666666 0.06471494607087827
0 0.4479166666666667 0.05238828967642527 0.03333333333333333 0.10477657935285054
0 0.6450520833333333 0.11864406779661017 0.03177083333333333 0.1941448382126348
0 0.5341145833333333 0.054699537750385205 0.0359375 0.10939907550077041
0 0.4700520833333333 0.21340523882896764 0.04635416666666667 0.22650231124807396
0 0.71796875 0.27195685670261943 0.0328125 0.17103235747303544
0 0.4083333333333333 0.06702619414483821 0.0375 0.13405238828967642
0 0.74375 0.6047765793528506 0.036458333333333336 0.20801232665639446
0 0.7541666666666667 0.9214175654853621 0.041666666666666664 0.15716486902927582
0 0.28619791666666666 0.2218798151001541 0.033854166666666664 0.19722650231124808
0 0.89453125 0.9121725731895224 0.07447916666666667 0.17565485362095531
0 0.7739583333333333 0.6648690292758089 0.052083333333333336 0.24807395993836673
0 0.37109375 0.12172573189522343 0.043229166666666666 0.19722650231124808