0 0.362109375 0.5242494226327945 0.05234375 0.10623556581986143
0 0.3609375 0.3210161662817552 0.05 0.15704387990762125
0 0.45625 0.34526558891454967 0.0484375 0.14549653579676675
0 0.16328125 0.49884526558891457 0.040625 0.2817551963048499
0 0.4046875 0.5254041570438799 0.05 0.18706697459584296
0 0.367578125 0.4214780600461894 0.05078125 0.17321016166281755
0 0.465625 0.5277136258660509 0.05625 0.18706697459584296
0 0.3578125 0.6524249422632794 0.0578125 0.25635103926096997
0 0.301953125 0.34757505773672054 0.05078125 0.21478060046189376
0 0.68828125 0.6027713625866051 0.0515625 0.23556581986143188
0 0.4953125 0.5958429561200924 0.0703125 0.22170900692840648
0 0.4953125 0.3903002309468822 0.0640625 0.23094688221709006
0 0.6203125 0.09353348729792148 0.040625 0.18706697459584296
1 0.730078125 0.47344110854503463 0.04609375 0.23556581986143188
0 0.138671875 0.6397228637413395 0.05390625 0.27251732101616627
0 0.480078125 0.7494226327944573 0.06953125 0.20092378752886836
0 0.908203125 0.18937644341801385 0.03359375 0.2632794457274827
0 0.412890625 0.9041570438799076 0.06953125 0.19168591224018475
0 0.534375 0.9110854503464203 0.0578125 0.17782909930715934
0 0.31015625 0.10969976905311778 0.053125 0.21939953810623555