0 0.5953125 0.29493087557603687 0.04375 0.11059907834101383
0 0.58515625 0.23271889400921658 0.0453125 0.08755760368663594
0 0.41953125 0.19815668202764977 0.0265625 0.1935483870967742
0 0.55078125 0.1728110599078341 0.0421875 0.14285714285714285
0 0.50078125 0.3433179723502304 0.0515625 0.16129032258064516
0 0.521875 0.2511520737327189 0.046875 0.1336405529953917
0 0.58046875 0.37557603686635943 0.0453125 0.19815668202764977
0 0.6171875 0.4769585253456221 0.0375 0.271889400921659
0 0.4890625 0.08294930875576037 0.025 0.16589861751152074
0 0.621875 0.21658986175115208 0.05 0.15668202764976957
0 0.42109375 0.34101382488479265 0.0296875 0.2304147465437788
0 0.6921875 0.1313364055299539 0.04375 0.16129032258064516
0 0.578125 0.08525345622119816 0.034375 0.17050691244239632
0 0.63984375 0.14746543778801843 0.0453125 0.14746543778801843
0 0.74765625 0.2534562211981567 0.0484375 0.23963133640552994
0 0.528125 0.03225806451612903 0.028125 0.06451612903225806
0 0.6515625 0.07834101382488479 0.040625 0.15668202764976957
0 0.353125 0.22580645161290322 0.03125 0.23963133640552994
0 0.8625 0.31105990783410137 0.040625 0.21658986175115208
0 0.41015625 0.8940092165898618 0.0578125 0.2119815668202765
0 0.459375 0.4032258064516129 0.05625 0.24423963133640553
0 0.315625 0.8986175115207373 0.04375 0.20276497695852536