0 0.70078125 0.1175115207373272 0.0296875 0.1889400921658986
0 0.55625 0.18433179723502305 0.04375 0.09216589861751152
0 0.59296875 0.3317972350230415 0.0421875 0.15668202764976957
0 0.7140625 0.18663594470046083 0.028125 0.24423963133640553
0 0.47734375 0.195852534562212 0.0453125 0.16129032258064516
0 0.4828125 0.2511520737327189 0.053125 0.1336405529953917
0 0.48515625 0.6658986175115207 0.0234375 0.2534562211981567
0 0.6265625 0.3986175115207373 0.034375 0.2350230414746544
0 0.33828125 0.9216589861751152 0.0296875 0.15668202764976957
0 0.53203125 0.4377880184331797 0.0296875 0.2488479262672811
0 0.503125 0.3548387096774194 0.059375 0.15668202764976957
0 0.03515625 0.11290322580645161 0.0265625 0.21658986175115208
0 0.5609375 0.11290322580645161 0.040625 0.10599078341013825
0 0.47265625 0.07142857142857142 0.0265625 0.14285714285714285
0 0.63671875 0.6405529953917051 0.0484375 0.2672811059907834
0 0.6671875 0.9009216589861752 0.05625 0.19815668202764977
0 0.3453125 0.2857142857142857 0.028125 0.23963133640552994