0 0.4203125 0.3986175115207373 0.034375 0.16129032258064516
0 0.46875 0.29493087557603687 0.034375 0.15668202764976957
0 0.47578125 0.22350230414746544 0.0484375 0.15207373271889402
0 0.4 0.26036866359447003 0.03125 0.1336405529953917
0 0.83203125 0.08525345622119816 0.0234375 0.14285714285714285
0 0.29453125 0.3433179723502304 0.0265625 0.17972350230414746
0 0.60625 0.42626728110599077 0.028125 0.16129032258064516
0 0.303125 0.46774193548387094 0.028125 0.17050691244239632
0 0.46796875 0.3824884792626728 0.0421875 0.17511520737327188
0 0.61640625 0.27880184331797236 0.0296875 0.15207373271889402
0 0.50625 0.06912442396313365 0.025 0.12903225806451613
0 0.60546875 0.5875576036866359 0.0265625 0.17050691244239632
0 0.37578125 0.46543778801843316 0.0421875 0.16589861751152074
0 0.4046875 0.6105990783410138 0.04375 0.14285714285714285
0 0.44921875 0.5414746543778802 0.0484375 0.16129032258064516
0 0.68828125 0.9147465437788018 0.0484375 0.17050691244239632
0 0.40390625 0.9285714285714286 0.0515625 0.14285714285714285