0 0.47734375 0.027649769585253458 0.0328125 0.055299539170506916
0 0.4359375 0.17511520737327188 0.046875 0.09216589861751152
0 0.415625 0.43548387096774194 0.05625 0.14285714285714285
0 0.51484375 0.4308755760368664 0.0640625 0.14285714285714285
0 0.45078125 0.07142857142857142 0.0515625 0.14285714285714285
0 0.41015625 0.28110599078341014 0.0453125 0.15668202764976957
0 0.45546875 0.3387096774193548 0.0578125 0.1889400921658986
0 0.5140625 0.5806451612903226 0.0625 0.2672811059907834
0 0.52578125 0.31797235023041476 0.0609375 0.16589861751152074
0 0.41015625 0.5576036866359447 0.0546875 0.17511520737327188
0 0.540625 0.10829493087557604 0.05625 0.19815668202764977
0 0.1703125 0.29723502304147464 0.04375 0.24423963133640553
0 0.715625 0.5483870967741935 0.04375 0.25806451612903225
0 0.7640625 0.716589861751152 0.04375 0.2534562211981567
0 0.71640625 0.33410138248847926 0.0421875 0.22580645161290322
0 0.55546875 0.027649769585253458 0.0359375 0.055299539170506916
0 0.72265625 0.07142857142857142 0.0390625 0.14285714285714285
0 0.346875 0.6889400921658986 0.0625 0.2626728110599078
0 0.6625 0.16129032258064516 0.04375 0.22119815668202766