0 0.678125 0.6497695852534562 0.04375 0.25806451612903225
0 0.25078125 0.271889400921659 0.0453125 0.17511520737327188
0 0.66328125 0.6059907834101382 0.0609375 0.2350230414746544
0 0.54765625 0.3087557603686636 0.0296875 0.17511520737327188
0 0.3015625 0.03225806451612903 0.040625 0.06451612903225806
0 0.575 0.3317972350230415 0.040625 0.20276497695852536
0 0.31171875 0.39631336405529954 0.0421875 0.25806451612903225
0 0.27265625 0.0576036866359447 0.0296875 0.1152073732718894
0 0.3484375 0.9032258064516129 0.04375 0.1935483870967742
0 0.534375 0.5691244239631337 0.0375 0.2534562211981567
0 0.28984375 0.8986175115207373 0.0390625 0.20276497695852536
0 0.73359375 0.4400921658986175 0.0453125 0.2626728110599078
0 0.71328125 0.6359447004608295 0.0484375 0.18433179723502305
0 0.41796875 0.8064516129032258 0.0578125 0.2119815668202765
0 0.178125 0.23271889400921658 0.040625 0.17972350230414746