0 0.6171875 0.43317972350230416 0.046875 0.09216589861751152
0 0.63203125 0.5622119815668203 0.0359375 0.17511520737327188
0 0.58125 0.7534562211981567 0.04375 0.16129032258064516
0 0.59921875 0.5138248847926268 0.0421875 0.17972350230414746
0 0.55 0.771889400921659 0.040625 0.24423963133640553
0 0.5234375 0.5299539170506913 0.06875 0.15668202764976957
0 0.5453125 0.5967741935483871 0.05625 0.22580645161290322
0 0.7640625 0.4539170506912442 0.034375 0.2626728110599078
0 0.66171875 0.6221198156682027 0.0609375 0.1935483870967742
0 0.62265625 0.35944700460829493 0.0453125 0.14746543778801843
0 0.5125 0.3870967741935484 0.053125 0.20276497695852536
0 0.784375 0.5645161290322581 0.040625 0.22580645161290322
0 0.515625 0.2903225806451613 0.0625 0.15668202764976957
0 0.4015625 0.1728110599078341 0.021875 0.21658986175115208
0 0.5203125 0.8778801843317973 0.034375 0.24423963133640553
0 0.5703125 0.08294930875576037 0.04375 0.16589861751152074
0 0.60859375 0.18663594470046083 0.0484375 0.19815668202764977
0 0.45703125 0.08294930875576037 0.0296875 0.16589861751152074
0 0.66796875 0.8456221198156681 0.0640625 0.24423963133640553