0 0.44765625 0.47235023041474655 0.0265625 0.14285714285714285
0 0.4546875 0.29493087557603687 0.0375 0.10138248847926268
0 0.540625 0.3824884792626728 0.053125 0.16589861751152074
0 0.3265625 0.3686635944700461 0.040625 0.20276497695852536
0 0.42421875 0.5092165898617511 0.0359375 0.14285714285714285
0 0.46875 0.42626728110599077 0.034375 0.14285714285714285
1 0.0171875 0.1912442396313364 0.028125 0.16129032258064516
0 0.728125 0.06912442396313365 0.021875 0.1382488479262673
0 0.31640625 0.4769585253456221 0.0359375 0.21658986175115208
0 0.534375 0.45161290322580644 0.05 0.18433179723502305
0 0.51484375 0.5276497695852534 0.0546875 0.1336405529953917
0 0.49296875 0.6267281105990783 0.0515625 0.17511520737327188
0 0.5375 0.2534562211981567 0.04375 0.16589861751152074
0 0.48203125 0.06451612903225806 0.0390625 0.12903225806451613
0 0.3921875 0.6566820276497696 0.053125 0.17050691244239632
0 0.73828125 0.2903225806451613 0.0421875 0.17511520737327188
0 0.7515625 0.6566820276497696 0.04375 0.19815668202764977
0 0.70859375 0.9147465437788018 0.0296875 0.17050691244239632
0 0.38671875 0.8433179723502304 0.0546875 0.23963133640552994