0 0.49583333333333335 0.29275808936825887 0.058333333333333334 0.21263482280431434
0 0.571875 0.401386748844376 0.04583333333333333 0.26040061633281975
0 0.5463541666666667 0.30970724191063176 0.04583333333333333 0.17257318952234207
0 0.5791666666666667 0.1926040061633282 0.05 0.16024653312788906
0 0.5390625 0.12557781201849 0.05416666666666667 0.2172573189522342
0 0.44557291666666665 0.34514637904468415 0.06510416666666667 0.26810477657935283
0 0.07005208333333333 0.42295839753466874 0.06197916666666667 0.34668721109399075
0 0.54921875 0.5184899845916795 0.059895833333333336 0.300462249614792
0 0.8223958333333333 0.7395993836671803 0.06458333333333334 0.31124807395993837
0 0.8765625 0.8412942989214176 0.057291666666666664 0.31741140215716485
0 0.6432291666666666 0.3713405238828968 0.08020833333333334 0.29275808936825887