0 0.56484375 0.5691244239631337 0.0390625 0.22580645161290322
0 0.5625 0.4423963133640553 0.03125 0.16589861751152074
0 0.6984375 0.16129032258064516 0.0375 0.16589861751152074
0 0.68671875 0.2764976958525346 0.0421875 0.16589861751152074
1 0.840625 0.5875576036866359 0.021875 0.2073732718894009
0 0.321875 0.6682027649769585 0.053125 0.18433179723502305
0 0.74765625 0.684331797235023 0.0515625 0.1889400921658986
0 0.57578125 0.6682027649769585 0.0515625 0.20276497695852536
1 0.10625 0.3778801843317972 0.028125 0.20276497695852536
0 0.59609375 0.8963133640552995 0.0359375 0.2073732718894009
0 0.71953125 0.9470046082949308 0.0421875 0.10599078341013825
0 0.53671875 0.17972350230414746 0.0421875 0.15668202764976957
0 0.56015625 0.8502304147465438 0.0453125 0.21658986175115208
0 0.53125 0.5253456221198156 0.0375 0.18433179723502305
0 0.74375 0.5161290322580645 0.0375 0.1935483870967742
0 0.43046875 0.6797235023041475 0.0421875 0.1889400921658986