0 0.60234375 0.27880184331797236 0.0484375 0.10599078341013825
0 0.63046875 0.23271889400921658 0.0421875 0.19815668202764977
0 0.56875 0.3778801843317972 0.046875 0.11981566820276497
0 0.49609375 0.41013824884792627 0.0421875 0.1935483870967742
0 0.596875 0.20967741935483872 0.046875 0.0967741935483871
0 0.59140625 0.3617511520737327 0.0484375 0.17050691244239632
0 0.5859375 0.08064516129032258 0.05 0.1336405529953917
0 0.7203125 0.06451612903225806 0.03125 0.12903225806451613
1 0.32421875 0.11059907834101383 0.0328125 0.1935483870967742
0 0.4640625 0.45161290322580644 0.040625 0.2304147465437788
0 0.246875 0.22119815668202766 0.034375 0.20276497695852536
0 0.65078125 0.12211981566820276 0.0453125 0.16129032258064516
0 0.56171875 0.45161290322580644 0.0515625 0.15668202764976957
0 0.6296875 0.45161290322580644 0.0375 0.22119815668202766
0 0.540625 0.17972350230414746 0.05625 0.15668202764976957
0 0.5296875 0.02304147465437788 0.03125 0.04608294930875576
0 0.3671875 0.42857142857142855 0.0375 0.2304147465437788
0 0.52734375 0.8617511520737328 0.0609375 0.2672811059907834
0 0.309375 0.804147465437788 0.04375 0.21658986175115208
0 0.428125 0.18433179723502305 0.034375 0.2119815668202765