0 0.29765625 0.1382488479262673 0.0578125 0.11981566820276497
0 0.29375 0.26036866359447003 0.05625 0.2073732718894009
0 0.40859375 0.3087557603686636 0.0703125 0.17511520737327188
0 0.3 0.06451612903225806 0.059375 0.11981566820276497
0 0.403125 0.11059907834101383 0.053125 0.10138248847926268
0 0.33671875 0.19815668202764977 0.0546875 0.17511520737327188
0 0.1203125 0.15898617511520738 0.053125 0.28110599078341014
0 0.09921875 0.23271889400921658 0.0484375 0.24423963133640553
0 0.43125 0.41013824884792627 0.046875 0.2488479262672811
0 0.31015625 0.33410138248847926 0.0640625 0.19815668202764977
0 0.3921875 0.03225806451612903 0.046875 0.06451612903225806
1 0.7515625 0.1359447004608295 0.04375 0.271889400921659
0 0.54921875 0.11290322580645161 0.0421875 0.22580645161290322
0 0.58984375 0.21889400921658986 0.0515625 0.2626728110599078
0 0.9328125 0.39631336405529954 0.053125 0.2857142857142857
0 0.83671875 0.06912442396313365 0.0421875 0.1382488479262673
0 0.42421875 0.6981566820276498 0.0609375 0.2626728110599078
0 0.26484375 0.6774193548387096 0.0734375 0.31336405529953915