0 0.5484375 0.32027649769585254 0.04375 0.1336405529953917
0 0.51171875 0.5875576036866359 0.0671875 0.21658986175115208
0 0.453125 0.29493087557603687 0.046875 0.1382488479262673
0 0.45546875 0.5737327188940092 0.0703125 0.17050691244239632
0 0.30859375 0.47235023041474655 0.0515625 0.15207373271889402
0 0.5453125 0.423963133640553 0.05 0.20276497695852536
0 0.5046875 0.41705069124423966 0.046875 0.16129032258064516
0 0.82578125 0.4976958525345622 0.0421875 0.2672811059907834
0 0.17734375 0.28110599078341014 0.0328125 0.2857142857142857
0 0.309375 0.9331797235023042 0.053125 0.1336405529953917
0 0.440625 0.42857142857142855 0.0625 0.22119815668202766
0 0.6953125 0.4769585253456221 0.05625 0.2903225806451613
0 0.39453125 0.7211981566820277 0.0890625 0.21658986175115208
0 0.42578125 0.9285714285714286 0.0984375 0.14285714285714285
0 0.49296875 0.14055299539170507 0.0390625 0.21658986175115208
0 0.50390625 0.6705069124423964 0.0578125 0.2350230414746544
0 0.3078125 0.6129032258064516 0.059375 0.2488479262672811
0 0.59296875 0.12903225806451613 0.0546875 0.2488479262672811