0 0.1125 0.5069124423963134 0.040625 0.2119815668202765
0 0.34921875 0.511520737327189 0.0453125 0.31336405529953915
0 0.125 0.6129032258064516 0.05625 0.2764976958525346
0 0.16875 0.5230414746543779 0.05 0.2995391705069124
0 0.1171875 0.3824884792626728 0.04375 0.17511520737327188
0 0.203125 0.5529953917050692 0.0625 0.35023041474654376
0 0.8125 0.5207373271889401 0.053125 0.2672811059907834
0 0.759375 0.543778801843318 0.06875 0.29493087557603687
0 0.50859375 0.4308755760368664 0.0328125 0.2534562211981567
0 0.6578125 0.7557603686635944 0.05 0.29493087557603687
0 0.07109375 0.42626728110599077 0.0671875 0.24423963133640553
0 0.53359375 0.543778801843318 0.0453125 0.2764976958525346
0 0.3125 0.5668202764976958 0.0625 0.30414746543778803
0 0.8453125 0.03917050691244239 0.053125 0.07834101382488479
0 0.9 0.7465437788018433 0.06875 0.29493087557603687
0 0.42421875 0.5253456221198156 0.0671875 0.2857142857142857