0 0.62109375 0.3225806451612903 0.0921875 0.25806451612903225
0 0.46875 0.511520737327189 0.071875 0.3870967741935484
0 0.7109375 0.5460829493087558 0.109375 0.1889400921658986
0 0.43203125 0.26497695852534564 0.0609375 0.2995391705069124
0 0.63515625 0.15668202764976957 0.0734375 0.31336405529953915
0 0.65234375 0.03225806451612903 0.0546875 0.06451612903225806
0 0.4234375 0.5391705069124424 0.0875 0.5161290322580645
0 0.7171875 0.41935483870967744 0.1 0.31336405529953915
0 0.7984375 0.5737327188940092 0.059375 0.5023041474654378
0 0.62265625 0.5391705069124424 0.0984375 0.3686635944700461
0 0.06953125 0.04838709677419355 0.0703125 0.0967741935483871
0 0.75625 0.05069124423963134 0.09375 0.10138248847926268
0 0.9171875 0.08525345622119816 0.08125 0.17050691244239632
0 0.26796875 0.23963133640552994 0.0703125 0.4792626728110599