0 0.66484375 0.2967667436489607 0.0515625 0.13163972286374134
0 0.652734375 0.3371824480369515 0.05234375 0.14318706697459585
0 0.572265625 0.32217090069284066 0.04921875 0.13625866050808313
0 0.553515625 0.3856812933025404 0.05546875 0.12471131639722864
0 0.60703125 0.4618937644341801 0.053125 0.15242494226327943
0 0.65 0.5646651270207852 0.0546875 0.20554272517321015
0 0.54453125 0.4907621247113164 0.0609375 0.16397228637413394
0 0.44921875 0.4226327944572748 0.040625 0.22170900692840648
0 0.1046875 0.2517321016166282 0.0328125 0.2586605080831409
0 0.5375 0.6570438799076213 0.065625 0.16397228637413394
0 0.4765625 0.5427251732101617 0.0421875 0.24018475750577367
0 0.474609375 0.964203233256351 0.04921875 0.07159353348729793
0 0.70078125 0.10739030023094688 0.065625 0.19630484988452657
0 0.620703125 0.9549653579676675 0.06640625 0.09006928406466513
0 0.88125 0.4468822170900693 0.0453125 0.22401847575057737
0 0.415625 0.24249422632794457 0.0375 0.22632794457274827
0 0.46640625 0.09584295612009237 0.040625 0.19168591224018475