0 0.5078125 0.2806004618937644 0.0609375 0.25635103926096997
0 0.475 0.6547344110854504 0.0609375 0.3348729792147806
0 0.649609375 0.4884526558891455 0.07734375 0.37644341801385683
0 0.553125 0.31062355658198615 0.0796875 0.3348729792147806
0 0.66953125 0.3648960739030023 0.046875 0.30484988452655887
0 0.443359375 0.7355658198614319 0.05390625 0.37644341801385683
0 0.71796875 0.8521939953810623 0.06875 0.2956120092378753
0 0.699609375 0.5542725173210161 0.05390625 0.2909930715935335
0 0.357421875 0.43187066974595845 0.07578125 0.3464203233256351
1 0.08203125 0.21709006928406466 0.065625 0.3325635103926097
0 0.750390625 0.6166281755196305 0.07109375 0.3464203233256351