0 0.758984375 0.04387990762124711 0.06953125 0.08775981524249422
0 0.75703125 0.5554272517321016 0.065625 0.5011547344110855
0 0.8796875 0.09122401847575058 0.0609375 0.18244803695150116
0 0.434375 0.5300230946882217 0.075 0.43187066974595845
0 0.719921875 0.09699769053117784 0.09765625 0.19399538106235567
0 0.666015625 0.22863741339491916 0.07421875 0.3741339491916859
0 0.387109375 0.5184757505773672 0.09609375 0.40877598152424943
0 0.378515625 0.2863741339491917 0.06328125 0.3741339491916859
0 0.305859375 0.20207852193995382 0.06796875 0.40415704387990764
0 0.584765625 0.5531177829099307 0.08671875 0.394919168591224
0 0.609375 0.17321016166281755 0.0796875 0.3464203233256351