0 0.55859375 0.3640552995391705 0.0328125 0.18433179723502305
0 0.590625 0.45161290322580644 0.05 0.3225806451612903
0 0.31796875 0.20967741935483872 0.0390625 0.19815668202764977
0 0.50078125 0.2465437788018433 0.0546875 0.2534562211981567
0 0.56953125 0.5345622119815668 0.0890625 0.23963133640552994
0 0.4578125 0.27880184331797236 0.046875 0.28110599078341014
0 0.7125 0.7142857142857143 0.06875 0.2672811059907834
0 0.33828125 0.22350230414746544 0.0484375 0.271889400921659
0 0.40625 0.24193548387096775 0.05 0.2903225806451613
0 0.48984375 0.45161290322580644 0.0671875 0.25806451612903225
0 0.22890625 0.3248847926267281 0.0578125 0.2995391705069124