0 0.4328125 0.4468822170900693 0.0296875 0.15473441108545036
0 0.45390625 0.33602771362586603 0.03125 0.11778290993071594
0 0.49296875 0.4780600461893764 0.0359375 0.20785219399538107
0 0.434375 0.5969976905311778 0.040625 0.21478060046189376
0 0.40625 0.36605080831408776 0.03125 0.13163972286374134
0 0.51640625 0.33833718244803695 0.0359375 0.18244803695150116
0 0.46875 0.48036951501154734 0.04375 0.22632794457274827
0 0.416015625 0.6200923787528868 0.03984375 0.21478060046189376
0 0.383984375 0.5103926096997691 0.04765625 0.22170900692840648
0 0.603515625 0.4722863741339492 0.04140625 0.23787528868360278
0 0.4875 0.24826789838337182 0.046875 0.15935334872979215
0 0.31484375 0.19168591224018475 0.034375 0.15242494226327943
0 0.348828125 0.42494226327944573 0.04609375 0.18475750577367206
1 0.91640625 0.6374133949191686 0.025 0.23556581986143188
0 0.54296875 0.3625866050808314 0.0546875 0.20785219399538107
0 0.309375 0.8787528868360277 0.034375 0.24249422632794457
0 0.225390625 0.5912240184757506 0.03984375 0.21709006928406466