0 0.2984375 0.4168591224018476 0.0375 0.22401847575057737
0 0.419921875 0.6939953810623557 0.05546875 0.3625866050808314
0 0.3140625 0.648960739030023 0.0515625 0.38799076212471134
0 0.340625 0.1789838337182448 0.04375 0.23787528868360278
0 0.02265625 0.21362586605080833 0.0453125 0.3625866050808314
0 0.38046875 0.33602771362586603 0.046875 0.2979214780600462
0 0.335546875 0.34872979214780603 0.04609375 0.22170900692840648
0 0.87578125 0.41916859122401845 0.0421875 0.40877598152424943
0 0.362890625 0.5854503464203233 0.05546875 0.4226327944572748
0 0.189453125 0.6200923787528868 0.06015625 0.40877598152424943
0 0.242578125 0.44110854503464203 0.05859375 0.3787528868360277
1 0.88515625 0.7297921478060047 0.065625 0.3833718244803695
0 0.518359375 0.4976905311778291 0.06015625 0.418013856812933
0 0.61640625 0.46997690531177827 0.05 0.40877598152424943