0 0.52265625 0.2511520737327189 0.0484375 0.10599078341013825
0 0.4984375 0.3847926267281106 0.040625 0.14285714285714285
0 0.471875 0.45161290322580644 0.05 0.1382488479262673
1 0.01171875 0.21428571428571427 0.0234375 0.2534562211981567
0 0.7015625 0.42857142857142855 0.040625 0.2304147465437788
0 0.3234375 0.3248847926267281 0.034375 0.15207373271889402
0 0.54375 0.32027649769585254 0.059375 0.15207373271889402
0 0.4765625 0.5506912442396313 0.05625 0.17050691244239632
0 0.4546875 0.33410138248847926 0.0375 0.16129032258064516
0 0.4390625 0.2903225806451613 0.046875 0.16589861751152074
0 0.3234375 0.4608294930875576 0.046875 0.2119815668202765
0 0.58046875 0.45852534562211983 0.0640625 0.12442396313364056
0 0.68984375 0.2764976958525346 0.0390625 0.15668202764976957
0 0.58203125 0.5460829493087558 0.0671875 0.15207373271889402
0 0.44375 0.14055299539170507 0.046875 0.17972350230414746
0 0.66875 0.020737327188940093 0.028125 0.041474654377880185
0 0.7484375 0.1774193548387097 0.034375 0.19815668202764977
0 0.4 0.2119815668202765 0.053125 0.1935483870967742
0 0.4015625 0.03225806451612903 0.046875 0.06451612903225806
0 0.72734375 0.6797235023041475 0.0421875 0.2350230414746544