0 0.60546875 0.35944700460829493 0.0453125 0.25806451612903225
0 0.48671875 0.4470046082949309 0.0484375 0.23963133640552994
0 0.6453125 0.576036866359447 0.046875 0.25806451612903225
0 0.46640625 0.2834101382488479 0.0515625 0.21658986175115208
0 0.559375 0.5529953917050692 0.046875 0.2764976958525346
0 0.57578125 0.2626728110599078 0.0484375 0.18433179723502305
0 0.3609375 0.07834101382488479 0.040625 0.15668202764976957
0 0.74921875 0.47465437788018433 0.0453125 0.2857142857142857
0 0.78515625 0.49539170506912444 0.0421875 0.24423963133640553
0 0.4171875 0.4861751152073733 0.059375 0.2350230414746544
0 0.59765625 0.6359447004608295 0.0609375 0.31336405529953915
0 0.54375 0.07373271889400922 0.046875 0.14746543778801843