0 0.58046875 0.4470046082949309 0.0296875 0.1382488479262673
0 0.3234375 0.1175115207373272 0.028125 0.17972350230414746
0 0.5375 0.2857142857142857 0.059375 0.14746543778801843
0 0.6171875 0.5414746543778802 0.05 0.17050691244239632
0 0.6046875 0.3617511520737327 0.0375 0.1152073732718894
0 0.62578125 0.3225806451612903 0.0421875 0.15668202764976957
0 0.52265625 0.6359447004608295 0.0671875 0.12903225806451613
0 0.5265625 0.45161290322580644 0.05625 0.1382488479262673
0 0.58984375 0.6566820276497696 0.0515625 0.22580645161290322
0 0.6359375 0.059907834101382486 0.04375 0.11981566820276497
0 0.6140625 0.12442396313364056 0.0375 0.18433179723502305
0 0.459375 0.2903225806451613 0.03125 0.20276497695852536
0 0.60546875 0.9147465437788018 0.0484375 0.17050691244239632
0 0.73984375 0.4055299539170507 0.0390625 0.2304147465437788
0 0.240625 0.6221198156682027 0.03125 0.23963133640552994
0 0.2921875 0.9354838709677419 0.034375 0.12903225806451613