0 0.346875 0.41244239631336405 0.046875 0.15207373271889402
0 0.36015625 0.5898617511520737 0.0421875 0.2672811059907834
0 0.44296875 0.4815668202764977 0.0484375 0.2626728110599078
0 0.5046875 0.38940092165898615 0.0375 0.28110599078341014
0 0.2875 0.4308755760368664 0.046875 0.28110599078341014
0 0.39296875 0.6036866359447005 0.0421875 0.34101382488479265
0 0.3828125 0.2995391705069124 0.0375 0.22119815668202766
0 0.3953125 0.3824884792626728 0.040625 0.16589861751152074
1 0.528125 0.03917050691244239 0.0375 0.07834101382488479
0 0.7296875 0.2926267281105991 0.040625 0.24423963133640553
0 0.6296875 0.31336405529953915 0.040625 0.2764976958525346
0 0.1421875 0.5414746543778802 0.075 0.3087557603686636
0 0.2015625 0.5253456221198156 0.075 0.29493087557603687
0 0.59921875 0.7050691244239631 0.0484375 0.2857142857142857
0 0.26328125 0.8341013824884793 0.0734375 0.3317972350230415