0 0.3578125 0.35253456221198154 0.0375 0.15207373271889402
0 0.403125 0.37557603686635943 0.040625 0.1889400921658986
0 0.35859375 0.5023041474654378 0.0453125 0.1935483870967742
0 0.178125 0.43317972350230416 0.0375 0.25806451612903225
0 0.41015625 0.532258064516129 0.0453125 0.2534562211981567
0 0.45390625 0.8133640552995391 0.0640625 0.24423963133640553
1 0.69921875 0.391705069124424 0.0484375 0.22119815668202766
0 0.71328125 0.1912442396313364 0.0328125 0.19815668202764977
0 0.51796875 0.7672811059907834 0.0359375 0.19815668202764977
0 0.29609375 0.576036866359447 0.0515625 0.25806451612903225
0 0.3546875 0.6428571428571429 0.059375 0.2534562211981567
0 0.321875 0.33640552995391704 0.040625 0.2304147465437788
0 0.22421875 0.6013824884792627 0.0453125 0.21658986175115208
0 0.73515625 0.5092165898617511 0.0421875 0.2350230414746544
0 0.4578125 0.14746543778801843 0.0625 0.22119815668202766
0 0.36875 0.9746543778801844 0.078125 0.05069124423963134