0 0.415234375 0.28868360277136257 0.04609375 0.2586605080831409
0 0.383203125 0.5519630484988453 0.05078125 0.3002309468822171
0 0.122265625 0.23556581986143188 0.03984375 0.27251732101616627
0 0.105859375 0.43648960739030024 0.04765625 0.30484988452655887
0 0.425390625 0.6339491916859122 0.06484375 0.28868360277136257
0 0.28671875 0.5184757505773672 0.059375 0.34872979214780603
0 0.333984375 0.5635103926096998 0.04921875 0.2956120092378753
0 0.447265625 0.32678983833718245 0.05859375 0.3210161662817552
0 0.591796875 0.49653579676674364 0.05390625 0.24018475750577367
0 0.2265625 0.6131639722863741 0.0625 0.34872979214780603
0 0.65390625 0.49653579676674364 0.0578125 0.3233256351039261
0 0.16875 0.2678983833718245 0.0578125 0.30484988452655887
0 0.903515625 0.46997690531177827 0.06015625 0.3394919168591224