0 0.62109375 0.21889400921658986 0.0359375 0.17050691244239632
0 0.60078125 0.3064516129032258 0.0421875 0.24423963133640553
0 0.8453125 0.3640552995391705 0.04375 0.2304147465437788
0 0.6140625 0.41244239631336405 0.0375 0.24423963133640553
0 0.81875 0.5023041474654378 0.046875 0.22119815668202766
0 0.66171875 0.532258064516129 0.0453125 0.21658986175115208
0 0.0625 0.6497695852534562 0.040625 0.2488479262672811
0 0.671875 0.3778801843317972 0.040625 0.20276497695852536
0 0.7921875 0.5483870967741935 0.0625 0.22119815668202766
0 0.5453125 0.43317972350230416 0.040625 0.23963133640552994
0 0.13828125 0.35714285714285715 0.0640625 0.21658986175115208
0 0.3140625 0.20046082949308755 0.034375 0.17972350230414746