0 0.465625 0.4631336405529954 0.065625 0.17050691244239632
0 0.46171875 0.347926267281106 0.0609375 0.17050691244239632
0 0.5890625 0.43317972350230416 0.078125 0.17511520737327188
0 0.5125 0.423963133640553 0.05 0.20276497695852536
0 0.6109375 0.6175115207373272 0.05625 0.2857142857142857
0 0.5921875 0.6751152073732719 0.05 0.33640552995391704
0 0.45859375 0.24423963133640553 0.0578125 0.16589861751152074
0 0.5953125 0.35023041474654376 0.084375 0.1935483870967742
0 0.46171875 0.0944700460829493 0.0421875 0.1889400921658986
0 0.5875 0.16589861751152074 0.040625 0.2304147465437788
0 0.27421875 0.3663594470046083 0.0390625 0.3271889400921659
0 0.13359375 0.39400921658986177 0.0421875 0.2995391705069124
0 0.8359375 0.46543778801843316 0.046875 0.2672811059907834
0 0.36875 0.24423963133640553 0.03125 0.20276497695852536
0 0.9375 0.04838709677419355 0.0375 0.0967741935483871
0 0.92109375 0.8179723502304147 0.0515625 0.2995391705069124
0 0.4203125 0.24193548387096775 0.053125 0.24423963133640553
0 0.6328125 0.09216589861751152 0.040625 0.18433179723502305
0 0.4578125 0.6105990783410138 0.0625 0.22580645161290322