0 0.5609375 0.44930875576036866 0.05 0.16129032258064516
0 0.46796875 0.4470046082949309 0.0546875 0.1382488479262673
0 0.0703125 0.055299539170506916 0.034375 0.11059907834101383
0 0.54296875 0.3456221198156682 0.0484375 0.1382488479262673
0 0.56796875 0.2880184331797235 0.0421875 0.14285714285714285
0 0.4875 0.3456221198156682 0.04375 0.14746543778801843
0 0.46484375 0.5737327188940092 0.0671875 0.22580645161290322
0 0.48671875 0.16820276497695852 0.0453125 0.19815668202764977
0 0.321875 0.3847926267281106 0.040625 0.17972350230414746
0 0.5828125 0.23963133640552994 0.046875 0.16589861751152074
0 0.5578125 0.5691244239631337 0.053125 0.17972350230414746
0 0.259375 0.9032258064516129 0.053125 0.1935483870967742
0 0.35546875 0.02534562211981567 0.0265625 0.05069124423963134
0 0.1875 0.5829493087557603 0.0375 0.24423963133640553
0 0.7359375 0.2534562211981567 0.034375 0.20276497695852536
0 0.69375 0.3317972350230415 0.059375 0.2304147465437788
0 0.3453125 0.2488479262672811 0.034375 0.1935483870967742
0 0.61484375 0.03917050691244239 0.0484375 0.07834101382488479
0 0.57890625 0.9055299539170507 0.0609375 0.1889400921658986