0 0.484375 0.4078341013824885 0.046875 0.14285714285714285
1 0.22890625 0.08294930875576037 0.0296875 0.16589861751152074
0 0.565625 0.31336405529953915 0.046875 0.11981566820276497
0 0.5765625 0.2695852534562212 0.05 0.16129032258064516
0 0.47578125 0.30184331797235026 0.0609375 0.1336405529953917
0 0.57734375 0.5207373271889401 0.0640625 0.20276497695852536
0 0.7125 0.35944700460829493 0.05 0.2488479262672811
0 0.4671875 0.4838709677419355 0.065625 0.2304147465437788
0 0.596875 0.2073732718894009 0.04375 0.1935483870967742
0 0.74609375 0.5069124423963134 0.0421875 0.22119815668202766
0 0.3578125 0.4792626728110599 0.040625 0.2304147465437788
0 0.45546875 0.09216589861751152 0.0359375 0.18433179723502305
0 0.5796875 0.7811059907834101 0.06875 0.24423963133640553
0 0.46796875 0.16589861751152074 0.0546875 0.2119815668202765
0 0.18515625 0.8271889400921659 0.0453125 0.2626728110599078
0 0.47265625 0.6244239631336406 0.0671875 0.2350230414746544
0 0.54140625 0.03456221198156682 0.0484375 0.06912442396313365
0 0.6046875 0.08064516129032258 0.053125 0.16129032258064516