0 0.33828125 0.3271889400921659 0.0421875 0.20276497695852536
0 0.46328125 0.3271889400921659 0.0359375 0.16589861751152074
0 0.3171875 0.5046082949308756 0.034375 0.2350230414746544
0 0.58515625 0.31797235023041476 0.0359375 0.2488479262672811
0 0.2453125 0.3709677419354839 0.0375 0.24423963133640553
0 0.61015625 0.2511520737327189 0.0296875 0.2073732718894009
0 0.671875 0.03686635944700461 0.034375 0.07373271889400922
0 0.85234375 0.052995391705069124 0.0515625 0.10599078341013825
0 0.39375 0.46543778801843316 0.04375 0.2304147465437788
0 0.64296875 0.695852534562212 0.0671875 0.23963133640552994
0 0.7484375 0.7119815668202765 0.06875 0.2534562211981567