0 0.5640625 0.5783410138248848 0.053125 0.19815668202764977
0 0.4734375 0.5852534562211982 0.04375 0.22119815668202766
0 0.4671875 0.43548387096774194 0.04375 0.15207373271889402
0 0.45859375 0.38018433179723504 0.0515625 0.17972350230414746
0 0.33515625 0.4930875576036866 0.0390625 0.22119815668202766
0 0.53046875 0.6405529953917051 0.0671875 0.2119815668202765
0 0.78671875 0.06682027649769585 0.0328125 0.1336405529953917
0 0.83515625 0.29493087557603687 0.0390625 0.18433179723502305
0 0.50234375 0.2626728110599078 0.0453125 0.14746543778801843
0 0.83515625 0.12672811059907835 0.0328125 0.17972350230414746
0 0.4828125 0.1336405529953917 0.0375 0.15668202764976957
0 0.9078125 0.7880184331797235 0.040625 0.23963133640552994
0 0.484375 0.03686635944700461 0.04375 0.07373271889400922
0 0.4796875 0.7258064516129032 0.06875 0.21658986175115208