0 0.61328125 0.4400921658986175 0.0390625 0.14285714285714285
0 0.58359375 0.4861751152073733 0.0265625 0.12442396313364056
0 0.51015625 0.4769585253456221 0.0296875 0.16129032258064516
0 0.2265625 0.43317972350230416 0.03125 0.17511520737327188
0 0.571875 0.6267281105990783 0.03125 0.18433179723502305
0 0.5484375 0.5691244239631337 0.03125 0.14285714285714285
0 0.4953125 0.532258064516129 0.028125 0.14285714285714285
1 0.2421875 0.27419354838709675 0.028125 0.16129032258064516
0 0.81171875 0.30184331797235026 0.0359375 0.14285714285714285
0 0.621875 0.5829493087557603 0.04375 0.1889400921658986
0 0.4640625 0.6152073732718893 0.0375 0.17050691244239632
0 0.59921875 0.6290322580645161 0.0359375 0.1889400921658986
0 0.76953125 0.28110599078341014 0.0484375 0.1382488479262673
0 0.8140625 0.7304147465437788 0.034375 0.17050691244239632
0 0.784375 0.5898617511520737 0.028125 0.18433179723502305
0 0.8109375 0.5 0.028125 0.1889400921658986
0 0.540625 0.6981566820276498 0.046875 0.17050691244239632