0 0.5109375 0.1359447004608295 0.065625 0.15207373271889402
0 0.60703125 0.17972350230414746 0.0390625 0.11059907834101383
0 0.60546875 0.11981566820276497 0.0390625 0.11981566820276497
0 0.128125 0.20967741935483872 0.046875 0.24423963133640553
0 0.22109375 0.059907834101382486 0.0328125 0.11981566820276497
0 0.2359375 0.543778801843318 0.0375 0.2764976958525346
0 0.54296875 0.34101382488479265 0.0640625 0.22119815668202766
1 0.79296875 0.20506912442396313 0.0328125 0.2534562211981567
0 0.75078125 0.8709677419354839 0.0703125 0.25806451612903225
0 0.6546875 0.33640552995391704 0.06875 0.20276497695852536
0 0.51875 0.19815668202764977 0.0625 0.22119815668202766
0 0.5671875 0.42626728110599077 0.065625 0.21658986175115208
0 0.565625 0.0576036866359447 0.046875 0.1152073732718894
0 0.30859375 0.8341013824884793 0.0421875 0.2672811059907834
0 0.715625 0.5299539170506913 0.05625 0.23963133640552994
0 0.72265625 0.16820276497695852 0.0328125 0.21658986175115208