0 0.691015625 0.4607390300230947 0.03203125 0.21478060046189376
0 0.504296875 0.3579676674364896 0.04453125 0.08775981524249422
0 0.706640625 0.5207852193995381 0.04140625 0.23325635103926096
0 0.473046875 0.35912240184757505 0.03671875 0.11778290993071594
0 0.586328125 0.46420323325635104 0.04921875 0.17551963048498845
0 0.594921875 0.33602771362586603 0.04453125 0.10854503464203233
0 0.51640625 0.44803695150115475 0.05 0.15704387990762125
0 0.59296875 0.2251732101616628 0.040625 0.16397228637413394
0 0.724609375 0.40877598152424943 0.03359375 0.2540415704387991
0 0.414453125 0.7979214780600462 0.06484375 0.25635103926096997
1 0.1125 0.13625866050808313 0.028125 0.24018475750577367
0 0.55 0.1581986143187067 0.05 0.21016166281755197
0 0.54765625 0.5669745958429562 0.05 0.2471131639722864
0 0.456640625 0.546189376443418 0.05546875 0.16859122401847576
0 0.22890625 0.3903002309468822 0.0359375 0.20785219399538107
0 0.346875 0.4341801385681293 0.046875 0.15242494226327943
0 0.559375 0.8175519630484989 0.0515625 0.2678983833718245
0 0.400390625 0.48729792147806006 0.04140625 0.23556581986143188
0 0.897265625 0.1651270207852194 0.03515625 0.20092378752886836