0 0.42734375 0.3456221198156682 0.0484375 0.10138248847926268
0 0.4796875 0.22580645161290322 0.034375 0.2764976958525346
0 0.54609375 0.5 0.0359375 0.2995391705069124
0 0.2375 0.3087557603686636 0.034375 0.2857142857142857
1 0.47265625 0.5944700460829493 0.0484375 0.29493087557603687
0 0.2140625 0.38018433179723504 0.034375 0.2903225806451613
0 0.37890625 0.3548387096774194 0.0546875 0.18433179723502305
0 0.678125 0.271889400921659 0.034375 0.2764976958525346
1 0.11328125 0.41244239631336405 0.0328125 0.2903225806451613
0 0.7390625 0.6774193548387096 0.046875 0.30414746543778803
0 0.6046875 0.1313364055299539 0.0375 0.2626728110599078
0 0.365625 0.2557603686635945 0.059375 0.1889400921658986
0 0.45234375 0.14285714285714285 0.0359375 0.2857142857142857
0 0.35390625 0.12442396313364056 0.0578125 0.23963133640552994
0 0.38046875 0.6589861751152074 0.0765625 0.2857142857142857