0 0.046875 0.5483870967741935 0.04375 0.17511520737327188
0 0.65625 0.4470046082949309 0.046875 0.25806451612903225
0 0.7140625 0.02534562211981567 0.025 0.05069124423963134
0 0.634375 0.37557603686635943 0.03125 0.22580645161290322
0 0.6921875 0.018433179723502304 0.028125 0.03686635944700461
0 0.6734375 0.14285714285714285 0.05 0.20276497695852536
0 0.25546875 0.5069124423963134 0.0421875 0.23963133640552994
0 0.11875 0.5829493087557603 0.046875 0.2626728110599078
0 0.02109375 0.7603686635944701 0.0421875 0.2672811059907834
0 0.2875 0.5599078341013825 0.05 0.24423963133640553
0 0.19609375 0.49078341013824883 0.0578125 0.24423963133640553
0 0.58203125 0.6774193548387096 0.0421875 0.2304147465437788
0 0.0875 0.7004608294930875 0.059375 0.22119815668202766
0 0.45703125 0.6290322580645161 0.0546875 0.2350230414746544