0 0.41796875 0.16129032258064516 0.0359375 0.17511520737327188
1 0.20078125 0.33640552995391704 0.0234375 0.23963133640552994
0 0.46875 0.5138248847926268 0.053125 0.17050691244239632
0 0.35 0.31336405529953915 0.04375 0.14746543778801843
0 0.578125 0.02534562211981567 0.028125 0.05069124423963134
0 0.421875 0.5691244239631337 0.0375 0.22580645161290322
0 0.3421875 0.2465437788018433 0.040625 0.14285714285714285
0 0.70625 0.19815668202764977 0.028125 0.20276497695852536
0 0.53671875 0.06912442396313365 0.0296875 0.1382488479262673
0 0.79453125 0.8548387096774194 0.0421875 0.28110599078341014
0 0.39140625 0.7004608294930875 0.0578125 0.25806451612903225
0 0.7234375 0.5599078341013825 0.04375 0.2626728110599078
0 0.31484375 0.05069124423963134 0.0546875 0.10138248847926268
0 0.4265625 0.8824884792626728 0.05625 0.2350230414746544