0 0.328125 0.4447004608294931 0.0375 0.2534562211981567
0 0.2859375 0.543778801843318 0.053125 0.2672811059907834
0 0.425 0.6059907834101382 0.05 0.28110599078341014
0 0.31484375 0.5714285714285714 0.0453125 0.2672811059907834
0 0.3828125 0.5806451612903226 0.053125 0.23963133640552994
0 0.821875 0.1336405529953917 0.04375 0.1935483870967742
0 0.46875 0.5806451612903226 0.0625 0.2488479262672811
0 0.85 0.1543778801843318 0.0375 0.22580645161290322
0 0.25 0.46774193548387094 0.065625 0.24423963133640553
0 0.85859375 0.9285714285714286 0.0484375 0.14285714285714285
0 0.91953125 0.8963133640552995 0.0671875 0.2073732718894009
1 0.05078125 0.23271889400921658 0.0546875 0.2534562211981567