0 0.615625 0.055299539170506916 0.034375 0.11059907834101383
0 0.6515625 0.05069124423963134 0.028125 0.10138248847926268
0 0.590625 0.17050691244239632 0.0375 0.23963133640552994
0 0.6375 0.195852534562212 0.0375 0.24423963133640553
0 0.32890625 0.9262672811059908 0.0359375 0.14746543778801843
0 0.421875 0.8755760368663594 0.0375 0.2488479262672811
0 0.29453125 0.9216589861751152 0.0546875 0.15668202764976957
0 0.5546875 0.16820276497695852 0.04375 0.21658986175115208
0 0.76171875 0.15898617511520738 0.0421875 0.22580645161290322
0 0.678125 0.0576036866359447 0.053125 0.1152073732718894
0 0.303125 0.2926267281105991 0.034375 0.19815668202764977
0 0.3515625 0.1359447004608295 0.04375 0.21658986175115208