0 0.46015625 0.5622119815668203 0.0640625 0.2857142857142857
0 0.53046875 0.28110599078341014 0.0515625 0.18433179723502305
0 0.53515625 0.0967741935483871 0.0578125 0.1935483870967742
0 0.58828125 0.2903225806451613 0.0515625 0.2764976958525346
0 0.471875 0.08755760368663594 0.04375 0.17511520737327188
0 0.47734375 0.6589861751152074 0.0546875 0.34101382488479265
0 0.425 0.33410138248847926 0.071875 0.3087557603686636
0 0.65390625 0.1336405529953917 0.0578125 0.25806451612903225
0 0.25859375 0.30414746543778803 0.0484375 0.2857142857142857
0 0.54375 0.43548387096774194 0.06875 0.28110599078341014
0 0.19765625 0.07603686635944701 0.0484375 0.15207373271889402
0 0.30078125 0.2304147465437788 0.0421875 0.2672811059907834
0 0.8578125 0.32027649769585254 0.06875 0.28110599078341014
0 0.25390625 0.47235023041474655 0.0734375 0.2903225806451613