0 0.53203125 0.03917050691244239 0.0578125 0.07834101382488479
0 0.421875 0.27419354838709675 0.078125 0.17972350230414746
0 0.540625 0.27419354838709675 0.071875 0.17050691244239632
0 0.54453125 0.18663594470046083 0.0578125 0.15207373271889402
1 0.2046875 0.10829493087557604 0.04375 0.21658986175115208
0 0.41640625 0.38018433179723504 0.0703125 0.19815668202764977
0 0.53515625 0.4608294930875576 0.0671875 0.2488479262672811
0 0.49375 0.35023041474654376 0.065625 0.18433179723502305
0 0.5640625 0.1497695852534562 0.053125 0.22580645161290322
0 0.83984375 0.31105990783410137 0.0453125 0.2903225806451613
0 0.44296875 0.08525345622119816 0.0609375 0.17050691244239632
0 0.2328125 0.39631336405529954 0.040625 0.31336405529953915
0 0.3640625 0.6359447004608295 0.04375 0.34101382488479265
0 0.271875 0.28110599078341014 0.046875 0.2672811059907834
0 0.50625 0.6382488479262672 0.0625 0.33640552995391704
0 0.43359375 0.03456221198156682 0.0453125 0.06912442396313365
0 0.5953125 0.728110599078341 0.0625 0.30414746543778803
0 0.41640625 0.543778801843318 0.0734375 0.2764976958525346