0 0.5453125 0.2995391705069124 0.05 0.11059907834101383
0 0.5453125 0.22350230414746544 0.04375 0.12442396313364056
0 0.51640625 0.3778801843317972 0.0453125 0.16589861751152074
0 0.44375 0.29493087557603687 0.053125 0.1382488479262673
0 0.43515625 0.17511520737327188 0.0421875 0.1382488479262673
0 0.7140625 0.31797235023041476 0.04375 0.2764976958525346
0 0.09375 0.17511520737327188 0.025 0.2488479262672811
0 0.41328125 0.09216589861751152 0.0421875 0.18433179723502305
0 0.4015625 0.3663594470046083 0.046875 0.2350230414746544
0 0.446875 0.41705069124423966 0.059375 0.2350230414746544
0 0.74453125 0.41244239631336405 0.0453125 0.22580645161290322
0 0.5 0.08986175115207373 0.0625 0.17972350230414746
0 0.34609375 0.19815668202764977 0.0296875 0.22119815668202766
0 0.57109375 0.44930875576036866 0.0671875 0.22580645161290322
0 0.53984375 0.059907834101382486 0.0515625 0.11981566820276497
0 0.58515625 0.21428571428571427 0.0390625 0.2073732718894009
0 0.4640625 0.5299539170506913 0.071875 0.23963133640552994
0 0.5078125 0.8317972350230415 0.046875 0.2626728110599078
0 0.18203125 0.03456221198156682 0.0328125 0.06912442396313365
0 0.6203125 0.815668202764977 0.06875 0.25806451612903225