0 0.27578125 0.4491916859122402 0.028125 0.14087759815242495
0 0.991796875 0.24364896073903003 0.01640625 0.20092378752886836
0 0.269140625 0.6016166281755196 0.03515625 0.19168591224018475
0 0.36015625 0.46882217090069284 0.0421875 0.22170900692840648
0 0.337109375 0.8452655889145496 0.03515625 0.24480369515011546
0 0.694921875 0.06581986143187067 0.04921875 0.13163972286374134
0 0.551171875 0.14087759815242495 0.04140625 0.21247113163972287
0 0.177734375 0.5046189376443418 0.04765625 0.23325635103926096
0 0.65234375 0.9722863741339491 0.059375 0.05542725173210162
0 0.7296875 0.4064665127020785 0.0421875 0.23556581986143188
0 0.708203125 0.7043879907621247 0.04296875 0.24942263279445728
0 0.73984375 0.06581986143187067 0.040625 0.13163972286374134