0 0.73984375 0.24423963133640553 0.0296875 0.22119815668202766
0 0.5421875 0.3548387096774194 0.04375 0.17511520737327188
0 0.515625 0.16820276497695852 0.04375 0.2073732718894009
0 0.78515625 0.2880184331797235 0.0328125 0.2534562211981567
0 0.61328125 0.20046082949308755 0.0421875 0.12442396313364056
0 0.57265625 0.42626728110599077 0.0578125 0.2073732718894009
0 0.52265625 0.26036866359447003 0.0640625 0.1889400921658986
0 0.6765625 0.41935483870967744 0.0625 0.1935483870967742
0 0.22265625 0.15207373271889402 0.0390625 0.20276497695852536
0 0.584375 0.5276497695852534 0.0625 0.21658986175115208
0 0.56953125 0.08294930875576037 0.0515625 0.16589861751152074
0 0.33359375 0.9009216589861752 0.0421875 0.19815668202764977
0 0.7421875 0.7949308755760369 0.059375 0.2534562211981567
0 0.27421875 0.6359447004608295 0.0390625 0.25806451612903225
0 0.734375 0.6267281105990783 0.05625 0.2304147465437788