0 0.56640625 0.19815668202764977 0.0609375 0.12903225806451613
0 0.5953125 0.47465437788018433 0.06875 0.25806451612903225
0 0.5453125 0.3778801843317972 0.065625 0.20276497695852536
0 0.59375 0.2995391705069124 0.053125 0.17511520737327188
0 0.4765625 0.16589861751152074 0.046875 0.22119815668202766
0 0.58203125 0.12442396313364056 0.0578125 0.15668202764976957
0 0.54296875 0.08986175115207373 0.0390625 0.17972350230414746
0 0.46484375 0.3225806451612903 0.0609375 0.16589861751152074
0 0.4609375 0.08294930875576037 0.04375 0.16589861751152074
0 0.303125 0.2534562211981567 0.05 0.18433179723502305
0 0.59765625 0.5990783410138248 0.0734375 0.2857142857142857
0 0.41484375 0.14746543778801843 0.0359375 0.29493087557603687
0 0.45625 0.47465437788018433 0.078125 0.20276497695852536
0 0.11640625 0.619815668202765 0.0453125 0.31797235023041476
0 0.48359375 0.5576036866359447 0.0734375 0.2764976958525346
0 0.30390625 0.4216589861751152 0.0546875 0.28110599078341014
0 0.665625 0.728110599078341 0.08125 0.2672811059907834
0 0.89765625 0.3294930875576037 0.0515625 0.28110599078341014
0 0.50234375 0.7741935483870968 0.0578125 0.2764976958525346