0 0.32890625 0.391705069124424 0.0546875 0.1382488479262673
0 0.428125 0.6036866359447005 0.059375 0.16589861751152074
0 0.1453125 0.4216589861751152 0.0375 0.2626728110599078
0 0.44296875 0.4838709677419355 0.0609375 0.15668202764976957
0 0.43359375 0.2764976958525346 0.0578125 0.12903225806451613
0 0.42578125 0.3709677419354839 0.0609375 0.17050691244239632
0 0.31484375 0.2557603686635945 0.0484375 0.12442396313364056
0 0.4484375 0.6820276497695853 0.05625 0.2304147465437788
0 0.36796875 0.4608294930875576 0.0515625 0.18433179723502305
0 0.32734375 0.5138248847926268 0.0515625 0.1336405529953917
0 0.12890625 0.5345622119815668 0.0390625 0.2488479262672811
0 0.4296875 0.09907834101382489 0.03125 0.19815668202764977
0 0.5296875 0.21428571428571427 0.0375 0.2350230414746544
0 0.31640625 0.6474654377880185 0.0609375 0.2534562211981567
0 0.60390625 0.4792626728110599 0.0421875 0.2488479262672811
0 0.78984375 0.7096774193548387 0.0421875 0.25806451612903225
0 0.28515625 0.10138248847926268 0.0578125 0.20276497695852536