0 0.515625 0.7188940092165899 0.03125 0.15668202764976957
0 0.43671875 0.5276497695852534 0.0203125 0.1336405529953917
0 0.1765625 0.5714285714285714 0.01875 0.11981566820276497
1 0.8515625 0.41013824884792627 0.01875 0.1382488479262673
0 0.58046875 0.6359447004608295 0.0296875 0.10138248847926268
0 0.696875 0.5921658986175116 0.025 0.17050691244239632
0 0.4453125 0.5852534562211982 0.021875 0.11981566820276497
0 0.58828125 0.45622119815668205 0.0296875 0.11059907834101383
0 0.465625 0.38018433179723504 0.01875 0.12442396313364056
0 0.6109375 0.6935483870967742 0.034375 0.15207373271889402
0 0.33046875 0.8410138248847926 0.0265625 0.17972350230414746
0 0.57734375 0.771889400921659 0.0390625 0.14285714285714285