0 0.484375 0.2695852534562212 0.05 0.1889400921658986
0 0.459375 0.30184331797235026 0.046875 0.1152073732718894
0 0.47109375 0.059907834101382486 0.0453125 0.11981566820276497
0 0.45078125 0.4055299539170507 0.0515625 0.1935483870967742
0 0.4609375 0.18433179723502305 0.046875 0.16589861751152074
0 0.55390625 0.11059907834101383 0.0546875 0.14746543778801843
0 0.55390625 0.35714285714285715 0.0578125 0.17050691244239632
0 0.5484375 0.46543778801843316 0.0625 0.23963133640552994
0 0.396875 0.42857142857142855 0.04375 0.23963133640552994
0 0.5421875 0.195852534562212 0.065625 0.17050691244239632
1 0.8453125 0.2626728110599078 0.04375 0.2119815668202765
0 0.40546875 0.03686635944700461 0.0296875 0.07373271889400922
0 0.67890625 0.1889400921658986 0.0421875 0.20276497695852536
0 0.55703125 0.03456221198156682 0.0421875 0.06912442396313365
0 0.70234375 0.3986175115207373 0.0390625 0.2626728110599078
0 0.80078125 0.07603686635944701 0.0390625 0.15207373271889402
0 0.903125 0.8963133640552995 0.04375 0.2073732718894009
0 0.31328125 0.22811059907834103 0.0421875 0.2534562211981567
0 0.203125 0.23732718894009217 0.0375 0.24423963133640553
0 0.4453125 0.8294930875576036 0.05 0.25806451612903225