0 0.41953125 0.07834101382488479 0.0484375 0.15668202764976957
0 0.1984375 0.06451612903225806 0.03125 0.12903225806451613
0 0.50390625 0.08064516129032258 0.0703125 0.16129032258064516
0 0.35 0.15207373271889402 0.0625 0.1935483870967742
0 0.51171875 0.020737327188940093 0.0640625 0.041474654377880185
0 0.465625 0.21658986175115208 0.065625 0.29493087557603687
0 0.27265625 0.1336405529953917 0.0515625 0.23963133640552994
1 0.8296875 0.0944700460829493 0.0375 0.1889400921658986
0 0.64609375 0.09907834101382489 0.0390625 0.19815668202764977
0 0.690625 0.0576036866359447 0.040625 0.1152073732718894
0 0.6203125 0.47465437788018433 0.05625 0.31336405529953915
0 0.7671875 0.8824884792626728 0.065625 0.2350230414746544
0 0.25390625 0.7995391705069125 0.0859375 0.3640552995391705
0 0.27265625 0.47465437788018433 0.0765625 0.2857142857142857