0 0.571875 0.1774193548387097 0.05625 0.1336405529953917
0 0.5453125 0.35944700460829493 0.065625 0.2119815668202765
0 0.59609375 0.4608294930875576 0.0703125 0.2488479262672811
0 0.47421875 0.14055299539170507 0.0421875 0.24423963133640553
0 0.303125 0.20967741935483872 0.0375 0.22580645161290322
0 0.546875 0.08755760368663594 0.040625 0.17511520737327188
0 0.58359375 0.10829493087557604 0.0578125 0.14285714285714285
0 0.4015625 0.14285714285714285 0.03125 0.2857142857142857
0 0.4578125 0.45622119815668205 0.071875 0.1935483870967742
0 0.46171875 0.055299539170506916 0.0421875 0.11059907834101383
0 0.4671875 0.3087557603686636 0.059375 0.16589861751152074
0 0.30703125 0.38018433179723504 0.0359375 0.3271889400921659
0 0.59765625 0.5829493087557603 0.0796875 0.28110599078341014
0 0.13984375 0.5921658986175116 0.0421875 0.33640552995391704
0 0.47578125 0.5345622119815668 0.0703125 0.29493087557603687
0 0.89765625 0.31105990783410137 0.0515625 0.28110599078341014
0 0.50078125 0.7465437788018433 0.0546875 0.2857142857142857
0 0.6671875 0.7096774193548387 0.078125 0.2672811059907834