0 0.53125 0.35130970724191063 0.06875 0.2033898305084746
0 0.4630208333333333 0.1926040061633282 0.052083333333333336 0.17565485362095531
0 0.46979166666666666 0.06394453004622497 0.03958333333333333 0.12788906009244994
0 0.4125 0.031587057010785825 0.03854166666666667 0.06317411402157165
0 0.5197916666666667 0.45839753466872113 0.03958333333333333 0.23266563944530047
0 0.5377604166666666 0.08243451463790447 0.059895833333333336 0.16486902927580893
0 0.453125 0.4029275808936826 0.04791666666666667 0.1987673343605547
0 0.5533854166666666 0.032357473035439135 0.04635416666666667 0.06471494607087827
0 0.5153645833333333 0.19722650231124808 0.059895833333333336 0.19106317411402157
0 0.39401041666666664 0.4306625577812018 0.04114583333333333 0.24191063174114022
0 0.31692708333333336 0.24499229583975346 0.043229166666666666 0.21571648690292758
0 0.70234375 0.4067796610169492 0.04114583333333333 0.24345146379044685
0 0.678125 0.18952234206471494 0.03958333333333333 0.2033898305084746
0 0.803125 0.07550077041602465 0.036458333333333336 0.1510015408320493
0 0.453125 0.8443759630200308 0.06041666666666667 0.25577812018489987
1 0.84765625 0.2657935285053929 0.0453125 0.22342064714946072
0 0.20885416666666667 0.24961479198767333 0.04791666666666667 0.20955315870570107
0 0.9153645833333334 0.9006163328197226 0.05260416666666667 0.1987673343605547