0 0.31328125 0.24193548387096775 0.0453125 0.12442396313364056
0 0.43359375 0.6036866359447005 0.0609375 0.15668202764976957
0 0.32265625 0.30184331797235026 0.0453125 0.1336405529953917
0 0.4390625 0.27880184331797236 0.065625 0.1336405529953917
0 0.44296875 0.4861751152073733 0.0640625 0.15207373271889402
0 0.14765625 0.41935483870967744 0.0359375 0.25806451612903225
0 0.33046875 0.39631336405529954 0.0546875 0.1382488479262673
0 0.44765625 0.6728110599078341 0.0546875 0.23963133640552994
0 0.43046875 0.37557603686635943 0.0640625 0.17050691244239632
0 0.36875 0.4608294930875576 0.05 0.17511520737327188
0 0.13125 0.5368663594470046 0.0375 0.24423963133640553
0 0.32734375 0.5138248847926268 0.0515625 0.1336405529953917
0 0.28828125 0.10138248847926268 0.0546875 0.20276497695852536
0 0.4703125 0.10368663594470046 0.03125 0.2073732718894009
0 0.55703125 0.2465437788018433 0.0359375 0.2534562211981567
0 0.31875 0.6474654377880185 0.0625 0.24423963133640553
0 0.7671875 0.7027649769585254 0.040625 0.271889400921659
0 0.603125 0.47465437788018433 0.040625 0.2488479262672811