0 0.5375 0.1889400921658986 0.059375 0.25806451612903225
0 0.32734375 0.17972350230414746 0.0390625 0.23963133640552994
0 0.4875 0.3778801843317972 0.040625 0.30414746543778803
0 0.4703125 0.19815668202764977 0.059375 0.2488479262672811
0 0.3078125 0.31336405529953915 0.053125 0.25806451612903225
0 0.53359375 0.30414746543778803 0.0515625 0.2857142857142857
0 0.62890625 0.2857142857142857 0.0453125 0.2488479262672811
0 0.4609375 0.48847926267281105 0.04375 0.3317972350230415
0 0.83359375 0.28110599078341014 0.0546875 0.25806451612903225
0 0.65859375 0.15668202764976957 0.0421875 0.2672811059907834
0 0.43515625 0.8963133640552995 0.0671875 0.2073732718894009
0 0.021875 0.5714285714285714 0.04375 0.25806451612903225
0 0.44296875 0.11981566820276497 0.0609375 0.23963133640552994
0 0.50390625 0.8640552995391705 0.0703125 0.271889400921659
0 0.39140625 0.08294930875576037 0.0578125 0.16589861751152074