0 0.390234375 0.1812933025404157 0.03515625 0.19168591224018475
0 0.201953125 0.09930715935334873 0.03515625 0.19861431870669746
0 0.382421875 0.03810623556581986 0.05078125 0.07621247113163972
0 0.417578125 0.12124711316397228 0.04765625 0.19630484988452657
0 0.494140625 0.07621247113163972 0.05859375 0.15242494226327943
0 0.59921875 0.894919168591224 0.0515625 0.21016166281755197
1 0.84453125 0.13163972286374134 0.0359375 0.2632794457274827
0 0.548046875 0.4214780600461894 0.06171875 0.23325635103926096
0 0.483203125 0.17321016166281755 0.06953125 0.17090069284064666
0 0.355859375 0.21362586605080833 0.06171875 0.22401847575057737
0 0.169921875 0.17551963048498845 0.04296875 0.24018475750577367
0 0.7203125 0.49653579676674364 0.0421875 0.23556581986143188
0 0.558984375 0.08429561200923788 0.03984375 0.16859122401847576
0 0.960546875 0.2748267898383372 0.04921875 0.2586605080831409
0 0.467578125 0.3163972286374134 0.07109375 0.17090069284064666
0 0.641015625 0.1651270207852194 0.03984375 0.23787528868360278
0 0.324609375 0.5969976905311778 0.07265625 0.26558891454965355
0 0.232421875 0.7713625866050808 0.07265625 0.2540415704387991