0 0.4421875 0.052995391705069124 0.059375 0.10599078341013825
0 0.4578125 0.15207373271889402 0.04375 0.2488479262672811
0 0.60390625 0.9170506912442397 0.0734375 0.16589861751152074
0 0.50859375 0.2672811059907834 0.0671875 0.25806451612903225
0 0.39765625 0.1935483870967742 0.0609375 0.2304147465437788
0 0.35234375 0.029953917050691243 0.0671875 0.059907834101382486
0 0.37109375 0.10368663594470046 0.0734375 0.2073732718894009
0 0.69453125 0.24193548387096775 0.0453125 0.271889400921659
0 0.409375 0.2903225806451613 0.06875 0.2764976958525346
0 0.5828125 0.5990783410138248 0.05 0.23963133640552994
0 0.45625 0.9377880184331797 0.046875 0.12442396313364056
0 0.65078125 0.1382488479262673 0.0515625 0.2764976958525346
0 0.29921875 0.5138248847926268 0.0421875 0.3271889400921659
0 0.421875 0.7142857142857143 0.040625 0.31336405529953915
0 0.83046875 0.6290322580645161 0.0390625 0.31797235023041476
0 0.06953125 0.03456221198156682 0.0484375 0.06912442396313365