0 0.4828125 0.7829099307159353 0.021875 0.18937644341801385
0 0.3796875 0.6177829099307159 0.0578125 0.11316397228637413
0 0.467578125 0.1651270207852194 0.02890625 0.24249422632794457
0 0.48359375 0.2390300230946882 0.040625 0.17321016166281755
0 0.62421875 0.5762124711316398 0.0359375 0.325635103926097
0 0.378515625 0.7367205542725174 0.06484375 0.23556581986143188
0 0.507421875 0.7979214780600462 0.06015625 0.21016166281755197
0 0.465625 0.4942263279445728 0.0671875 0.18937644341801385
0 0.4890625 0.6362586605080831 0.078125 0.20092378752886836
0 0.2 0.546189376443418 0.0421875 0.325635103926097
0 0.364453125 0.523094688221709 0.05859375 0.15935334872979215
0 0.460546875 0.36027713625866054 0.06484375 0.21247113163972287
0 0.895703125 0.4387990762124711 0.03828125 0.2863741339491917
0 0.33515625 0.20207852193995382 0.053125 0.2517321016166282
0 0.354296875 0.44226327944572746 0.06015625 0.16859122401847576
0 0.295703125 0.3394919168591224 0.03359375 0.18937644341801385
0 0.619140625 0.06581986143187067 0.02890625 0.13163972286374134
0 0.6640625 0.7771362586605081 0.0421875 0.3441108545034642
0 0.16875 0.6778290993071594 0.0515625 0.2840646651270208
0 0.384765625 0.8314087759815243 0.06796875 0.23556581986143188
0 0.289453125 0.06812933025404157 0.05859375 0.13625866050808313