0 0.371484375 0.08198614318706697 0.04765625 0.16397228637413394
0 0.46015625 0.12240184757505773 0.0859375 0.24480369515011546
0 0.477734375 0.07621247113163972 0.07578125 0.15242494226327943
0 0.45234375 0.21709006928406466 0.071875 0.27713625866050806
0 0.49296875 0.02771362586605081 0.0578125 0.05542725173210162
0 0.19609375 0.06928406466512702 0.040625 0.13856812933025403
0 0.27265625 0.1235565819861432 0.0484375 0.2471131639722864
0 0.33515625 0.13163972286374134 0.0625 0.24942263279445728
1 0.814453125 0.09353348729792148 0.04296875 0.18706697459584296
0 0.273046875 0.48498845265588914 0.08828125 0.2586605080831409
0 0.6671875 0.049653579676674366 0.05 0.09930715935334873
0 0.630859375 0.10854503464203233 0.04921875 0.21709006928406466
0 0.251953125 0.815242494226328 0.09296875 0.3233256351039261
0 0.608203125 0.47344110854503463 0.05859375 0.30484988452655887
0 0.766015625 0.8799076212471132 0.06015625 0.24018475750577367