0 0.45234375 0.18433179723502305 0.0484375 0.09216589861751152
0 0.55390625 0.26036866359447003 0.0640625 0.15207373271889402
0 0.42734375 0.25806451612903225 0.0453125 0.12903225806451613
0 0.553125 0.33640552995391704 0.059375 0.16589861751152074
0 0.54296875 0.41244239631336405 0.0609375 0.16129032258064516
0 0.40859375 0.4769585253456221 0.0546875 0.2073732718894009
0 0.5546875 0.16589861751152074 0.0625 0.15668202764976957
0 0.48359375 0.3294930875576037 0.0515625 0.17972350230414746
0 0.71328125 0.3709677419354839 0.0453125 0.2350230414746544
0 0.546875 0.0576036866359447 0.040625 0.1152073732718894
0 0.83203125 0.684331797235023 0.0390625 0.2995391705069124
0 0.72265625 0.22811059907834103 0.0453125 0.21658986175115208
0 0.1328125 0.30184331797235026 0.04375 0.24423963133640553
0 0.25 0.3617511520737327 0.04375 0.2350230414746544
0 0.54375 0.5345622119815668 0.059375 0.2488479262672811
0 0.4546875 0.5806451612903226 0.065625 0.2857142857142857
0 0.46015625 0.06221198156682028 0.0515625 0.12442396313364056