0 0.10078125 0.30184331797235026 0.0453125 0.14285714285714285
0 0.35078125 0.33410138248847926 0.0515625 0.1336405529953917
0 0.328125 0.22580645161290322 0.046875 0.1382488479262673
0 0.27734375 0.30184331797235026 0.0390625 0.1152073732718894
0 0.37265625 0.5368663594470046 0.0546875 0.2073732718894009
0 0.38125 0.423963133640553 0.05 0.22119815668202766
0 0.10859375 0.41705069124423966 0.0484375 0.2073732718894009
0 0.47265625 0.4930875576036866 0.0578125 0.22119815668202766
0 0.24765625 0.27419354838709675 0.0421875 0.2073732718894009
0 0.4515625 0.2695852534562212 0.0375 0.21658986175115208
0 0.2671875 0.5138248847926268 0.053125 0.24423963133640553
0 0.41171875 0.041474654377880185 0.0296875 0.08294930875576037
0 0.39296875 0.8133640552995391 0.0421875 0.24423963133640553
0 0.26953125 0.12672811059907835 0.0421875 0.17972350230414746
0 0.4671875 0.0967741935483871 0.034375 0.1935483870967742
1 0.66953125 0.37327188940092165 0.0390625 0.2119815668202765
0 0.19140625 0.05069124423963134 0.0546875 0.10138248847926268
0 0.315625 0.804147465437788 0.053125 0.2534562211981567
0 0.965625 0.26036866359447003 0.040625 0.21658986175115208