0 0.37109375 0.2465437788018433 0.0359375 0.1336405529953917
0 0.43515625 0.3225806451612903 0.0515625 0.11981566820276497
0 0.41328125 0.2350230414746544 0.0421875 0.1382488479262673
0 0.34765625 0.3456221198156682 0.0453125 0.16589861751152074
0 0.390625 0.08986175115207373 0.05 0.12442396313364056
0 0.3328125 0.20967741935483872 0.0375 0.12442396313364056
0 0.53828125 0.07373271889400922 0.0265625 0.14746543778801843
0 0.31640625 0.15207373271889402 0.0359375 0.1382488479262673
0 0.83828125 0.37327188940092165 0.0328125 0.20276497695852536
0 0.44609375 0.4423963133640553 0.0546875 0.12903225806451613
0 0.56796875 0.20046082949308755 0.0359375 0.17972350230414746
0 0.55234375 0.3709677419354839 0.0359375 0.1889400921658986
0 0.38046875 0.6451612903225806 0.0546875 0.20276497695852536
0 0.6046875 0.6059907834101382 0.034375 0.1889400921658986
0 0.19140625 0.1912442396313364 0.0328125 0.17972350230414746
0 0.24296875 0.2511520737327189 0.0421875 0.17972350230414746
0 0.365625 0.43548387096774194 0.05625 0.1889400921658986
0 0.434375 0.9216589861751152 0.05625 0.15668202764976957
0 0.79140625 0.9124423963133641 0.0421875 0.17511520737327188