0 0.496875 0.5576036866359447 0.05625 0.39631336405529954
0 0.53671875 0.5829493087557603 0.0734375 0.41013824884792627
0 0.72734375 0.6290322580645161 0.0578125 0.3271889400921659
0 0.90859375 0.4078341013824885 0.0546875 0.28110599078341014
0 0.83046875 0.5414746543778802 0.0765625 0.3824884792626728
0 0.70859375 0.3986175115207373 0.0703125 0.19815668202764977
0 0.77734375 0.4470046082949309 0.0546875 0.2488479262672811
0 0.41484375 0.9032258064516129 0.0703125 0.1935483870967742
0 0.3609375 0.9009216589861752 0.05 0.19815668202764977
0 0.9546875 0.5875576036866359 0.0875 0.3456221198156682
0 0.16484375 0.5184331797235023 0.0578125 0.3548387096774194
0 0.5890625 0.41935483870967744 0.078125 0.29493087557603687
0 0.66484375 0.6405529953917051 0.0921875 0.35944700460829493