0 0.515625 0.6129032258064516 0.053125 0.23963133640552994
0 0.50625 0.39631336405529954 0.0375 0.20276497695852536
0 0.58671875 0.2488479262672811 0.0390625 0.1935483870967742
0 0.571875 0.20506912442396313 0.03125 0.15207373271889402
0 0.47109375 0.4792626728110599 0.0484375 0.2119815668202765
0 0.49453125 0.2857142857142857 0.0390625 0.1935483870967742
0 0.19453125 0.2119815668202765 0.0359375 0.1935483870967742
1 0.98125 0.14285714285714285 0.03125 0.22119815668202766
0 0.296875 0.11981566820276497 0.04375 0.2119815668202765
0 0.53359375 0.3064516129032258 0.0421875 0.2073732718894009
0 0.35078125 0.46543778801843316 0.0484375 0.23963133640552994
0 0.31640625 0.7073732718894009 0.0421875 0.2350230414746544
0 0.14453125 0.6566820276497696 0.0421875 0.2350230414746544
0 0.678125 0.3778801843317972 0.053125 0.20276497695852536