0 0.36328125 0.31797235023041476 0.0359375 0.11059907834101383
0 0.35234375 0.5368663594470046 0.0484375 0.16129032258064516
0 0.3265625 0.4032258064516129 0.0375 0.12442396313364056
0 0.42578125 0.4861751152073733 0.0484375 0.12442396313364056
0 0.946875 0.2672811059907834 0.03125 0.16589861751152074
0 0.2453125 0.07142857142857142 0.034375 0.14285714285714285
0 0.31171875 0.3548387096774194 0.0390625 0.14746543778801843
0 0.4453125 0.6036866359447005 0.059375 0.1382488479262673
0 0.18359375 0.38018433179723504 0.0296875 0.17050691244239632
0 0.440625 0.0576036866359447 0.025 0.1152073732718894
0 0.19921875 0.4447004608294931 0.0421875 0.19815668202764977
0 0.3125 0.5875576036866359 0.040625 0.17050691244239632
0 0.43359375 0.8456221198156681 0.0546875 0.271889400921659
1 0.5640625 0.4216589861751152 0.034375 0.17972350230414746
0 0.49609375 0.18202764976958524 0.0265625 0.1336405529953917
0 0.2484375 0.18663594470046083 0.0375 0.17972350230414746
0 0.4671875 0.47235023041474655 0.046875 0.17972350230414746
0 0.703125 0.8294930875576036 0.04375 0.2119815668202765