0 0.68125 0.0576036866359447 0.028125 0.1152073732718894
0 0.66171875 0.14055299539170507 0.0328125 0.22580645161290322
0 0.42109375 0.2350230414746544 0.0515625 0.22119815668202766
0 0.51015625 0.21428571428571427 0.0453125 0.2534562211981567
0 0.73046875 0.14746543778801843 0.0421875 0.2488479262672811
1 0.94375 0.16589861751152074 0.0375 0.2488479262672811
0 0.07578125 0.41935483870967744 0.0484375 0.22119815668202766
0 0.32578125 0.6105990783410138 0.0609375 0.24423963133640553
0 0.59375 0.5391705069124424 0.040625 0.30414746543778803
0 0.475 0.2534562211981567 0.05 0.2672811059907834
0 0.684375 0.20967741935483872 0.053125 0.2626728110599078
0 0.37109375 0.5253456221198156 0.0546875 0.2304147465437788
0 0.88515625 0.31336405529953915 0.0578125 0.2488479262672811