0 0.709375 0.29723502304147464 0.028125 0.17050691244239632
0 0.5875 0.30184331797235026 0.05625 0.17050691244239632
0 0.4828125 0.3087557603686636 0.046875 0.18433179723502305
0 0.58125 0.17511520737327188 0.034375 0.15668202764976957
0 0.478125 0.4423963133640553 0.046875 0.2119815668202765
0 0.53984375 0.06912442396313365 0.0390625 0.1382488479262673
0 0.68828125 0.41013824884792627 0.0515625 0.2488479262672811
0 0.48359375 0.6013824884792627 0.0609375 0.24423963133640553
0 0.5765625 0.5714285714285714 0.0625 0.2488479262672811
0 0.39609375 0.08986175115207373 0.0390625 0.17972350230414746
0 0.38359375 0.9400921658986175 0.0390625 0.11981566820276497
0 0.484375 0.9539170506912442 0.059375 0.09216589861751152
0 0.26640625 0.4055299539170507 0.0359375 0.22119815668202766
0 0.46171875 0.195852534562212 0.0515625 0.17050691244239632
0 0.24453125 0.1912442396313364 0.0359375 0.22580645161290322
0 0.32734375 0.5299539170506913 0.0453125 0.2488479262672811