0 0.50390625 0.4447004608294931 0.0390625 0.17972350230414746
0 0.50703125 0.5990783410138248 0.0515625 0.2488479262672811
0 0.5375 0.41013824884792627 0.059375 0.25806451612903225
0 0.38046875 0.47465437788018433 0.0296875 0.25806451612903225
0 0.53984375 0.23732718894009217 0.0359375 0.21658986175115208
0 0.50859375 0.23963133640552994 0.0421875 0.1935483870967742
0 0.4546875 0.45161290322580644 0.04375 0.25806451612903225
0 0.31640625 0.4447004608294931 0.0578125 0.2350230414746544
0 0.41171875 0.41013824884792627 0.0484375 0.2488479262672811
0 0.2515625 0.4423963133640553 0.05625 0.23963133640552994
0 0.72265625 0.37327188940092165 0.0421875 0.2304147465437788
0 0.6390625 0.4976958525345622 0.05625 0.2304147465437788