0 0.70078125 0.30184331797235026 0.0421875 0.21658986175115208
0 0.60390625 0.21428571428571427 0.0328125 0.16129032258064516
0 0.46640625 0.3617511520737327 0.0578125 0.2626728110599078
0 0.628125 0.2834101382488479 0.046875 0.24423963133640553
0 0.053125 0.7488479262672811 0.05625 0.28110599078341014
1 0.86171875 0.1774193548387097 0.0390625 0.21658986175115208
0 0.56171875 0.28110599078341014 0.0359375 0.2488479262672811
0 0.66796875 0.32027649769585254 0.0421875 0.28110599078341014
0 0.421875 0.5 0.04375 0.2350230414746544
0 0.49609375 0.3271889400921659 0.0515625 0.2672811059907834
0 0.584375 0.4792626728110599 0.040625 0.23963133640552994