0 0.46328125 0.5875576036866359 0.0609375 0.21658986175115208
0 0.8953125 0.03225806451612903 0.053125 0.06451612903225806
0 0.28671875 0.5668202764976958 0.0390625 0.2304147465437788
0 0.4671875 0.7327188940092166 0.05 0.2304147465437788
0 0.44375 0.3686635944700461 0.03125 0.17511520737327188
1 0.02421875 0.3870967741935484 0.0328125 0.25806451612903225
0 0.5296875 0.7304147465437788 0.065625 0.24423963133640553
0 0.58125 0.0944700460829493 0.034375 0.1889400921658986
0 0.4390625 0.5483870967741935 0.053125 0.23963133640552994
0 0.7 0.9009216589861752 0.053125 0.19815668202764977
0 0.68125 0.12442396313364056 0.03125 0.1935483870967742
0 0.7984375 0.5207373271889401 0.059375 0.23963133640552994
0 0.26953125 0.7235023041474654 0.0421875 0.1935483870967742
0 0.984375 0.23271889400921658 0.03125 0.21658986175115208
0 0.71171875 0.7304147465437788 0.0546875 0.2350230414746544
0 0.59296875 0.3271889400921659 0.0484375 0.1935483870967742
0 0.40078125 0.41013824884792627 0.0609375 0.20276497695852536