0 0.25 0.1889400921658986 0.059375 0.3778801843317972
0 0.159375 0.39631336405529954 0.16875 0.23963133640552994
0 0.384375 0.6359447004608295 0.078125 0.6451612903225806
0 0.87109375 0.17972350230414746 0.0703125 0.35944700460829493
0 0.128125 0.3433179723502304 0.09375 0.631336405529954
0 0.41640625 0.2695852534562212 0.0953125 0.5391705069124424
0 0.8296875 0.8917050691244239 0.0625 0.21658986175115208
0 0.73828125 0.880184331797235 0.0859375 0.23963133640552994
0 0.96328125 0.21889400921658986 0.0703125 0.4377880184331797
0 0.27578125 0.5368663594470046 0.0765625 0.695852534562212
0 0.50703125 0.5460829493087558 0.1296875 0.33640552995391704
0 0.615625 0.1359447004608295 0.1125 0.271889400921659
0 0.4765625 0.1543778801843318 0.084375 0.3087557603686636