0 0.34765625 0.35023041474654376 0.0296875 0.11981566820276497
0 0.20625 0.2511520737327189 0.025 0.22580645161290322
0 0.378125 0.22119815668202766 0.0375 0.11059907834101383
0 0.44921875 0.3617511520737327 0.0515625 0.15207373271889402
0 0.4640625 0.12672811059907835 0.028125 0.19815668202764977
0 0.44140625 0.45852534562211983 0.0390625 0.15207373271889402
0 0.4515625 0.2880184331797235 0.046875 0.1336405529953917
0 0.8453125 0.38940092165898615 0.025 0.22580645161290322
0 0.21953125 0.315668202764977 0.0328125 0.22580645161290322
0 0.34609375 0.4608294930875576 0.0359375 0.1935483870967742
0 0.34609375 0.1912442396313364 0.0234375 0.22580645161290322
0 0.57109375 0.3870967741935484 0.0265625 0.2304147465437788
0 0.5078125 0.9354838709677419 0.034375 0.12903225806451613
0 0.58125 0.22580645161290322 0.034375 0.18433179723502305
0 0.42578125 0.5345622119815668 0.0453125 0.2304147465437788
0 0.6046875 0.6336405529953917 0.028125 0.2534562211981567
0 0.296875 0.9101382488479263 0.053125 0.17972350230414746
0 0.290625 0.6705069124423964 0.05625 0.22580645161290322