0 0.5609375 0.28110599078341014 0.046875 0.10138248847926268
0 0.67890625 0.2465437788018433 0.0453125 0.1336405529953917
0 0.55 0.3986175115207373 0.053125 0.15207373271889402
0 0.66796875 0.2926267281105991 0.0484375 0.15207373271889402
0 0.778125 0.3686635944700461 0.040625 0.2488479262672811
0 0.60390625 0.22119815668202766 0.0421875 0.14746543778801843
0 0.58203125 0.5552995391705069 0.0515625 0.16129032258064516
0 0.525 0.47465437788018433 0.04375 0.14746543778801843
0 0.64453125 0.3317972350230415 0.0453125 0.1382488479262673
0 0.546875 0.14746543778801843 0.034375 0.1935483870967742
0 0.465625 0.6451612903225806 0.0375 0.2488479262672811
0 0.49609375 0.5460829493087558 0.0453125 0.16129032258064516
0 0.6109375 0.4861751152073733 0.04375 0.21658986175115208
0 0.58125 0.6428571428571429 0.059375 0.2534562211981567
0 0.74453125 0.09216589861751152 0.0421875 0.18433179723502305
0 0.40625 0.46543778801843316 0.040625 0.2304147465437788
0 0.64609375 0.08064516129032258 0.0328125 0.16129032258064516
0 0.45546875 0.2488479262672811 0.0359375 0.2119815668202765