0 0.565625 0.41013824884792627 0.0375 0.17511520737327188
0 0.6078125 0.46543778801843316 0.0375 0.25806451612903225
0 0.56953125 0.5299539170506913 0.0421875 0.25806451612903225
0 0.45859375 0.24423963133640553 0.0390625 0.2857142857142857
0 0.7984375 0.3271889400921659 0.05625 0.2119815668202765
0 0.8390625 0.29723502304147464 0.040625 0.21658986175115208
0 0.63984375 0.5 0.0390625 0.2903225806451613
1 0.946875 0.30414746543778803 0.0375 0.25806451612903225
0 0.503125 0.5622119815668203 0.053125 0.20276497695852536
0 0.34453125 0.41244239631336405 0.0515625 0.24423963133640553
0 0.540625 0.3248847926267281 0.059375 0.22580645161290322
0 0.53125 0.6013824884792627 0.06875 0.28110599078341014