0 0.6015625 0.4470046082949309 0.03125 0.15668202764976957
0 0.2265625 0.0967741935483871 0.046875 0.1935483870967742
0 0.63515625 0.45161290322580644 0.0484375 0.2304147465437788
0 0.565625 0.4930875576036866 0.04375 0.2672811059907834
0 0.64453125 0.6105990783410138 0.0609375 0.2534562211981567
0 0.2875 0.10599078341013825 0.028125 0.2119815668202765
0 0.5828125 0.6589861751152074 0.046875 0.2857142857142857
0 0.5546875 0.3248847926267281 0.0375 0.17050691244239632
0 0.2140625 0.1774193548387097 0.04375 0.2073732718894009
0 0.278125 0.5 0.0625 0.24423963133640553
0 0.6265625 0.663594470046083 0.053125 0.2672811059907834
0 0.44765625 0.783410138248848 0.0609375 0.2304147465437788
0 0.46953125 0.5046082949308756 0.0609375 0.2534562211981567
0 0.15625 0.3824884792626728 0.046875 0.23963133640552994
0 0.30390625 0.37327188940092165 0.0515625 0.2304147465437788
0 0.76328125 0.37327188940092165 0.0390625 0.22119815668202766
1 0.184375 0.5576036866359447 0.053125 0.2672811059907834