0 0.76328125 0.6129032258064516 0.1046875 0.1382488479262673
0 0.559375 0.10599078341013825 0.040625 0.2119815668202765
0 0.5421875 0.4423963133640553 0.090625 0.3778801843317972
0 0.825 0.24423963133640553 0.06875 0.3225806451612903
0 0.6515625 0.5207373271889401 0.06875 0.2764976958525346
0 0.52578125 0.30184331797235026 0.0703125 0.31797235023041476
0 0.6703125 0.2626728110599078 0.059375 0.3225806451612903
0 0.575 0.5529953917050692 0.0875 0.4147465437788018
0 0.3578125 0.20046082949308755 0.059375 0.4009216589861751
0 0.73203125 0.12672811059907835 0.0640625 0.2534562211981567
0 0.47578125 0.6774193548387096 0.0828125 0.423963133640553
0 0.7625 0.347926267281106 0.065625 0.4009216589861751
0 0.30703125 0.2834101382488479 0.0734375 0.4009216589861751
0 0.8390625 0.7235023041474654 0.075 0.45161290322580644