0 0.46171875 0.6105990783410138 0.0484375 0.0967741935483871
0 0.5609375 0.6820276497695853 0.065625 0.16589861751152074
0 0.55703125 0.5668202764976958 0.0734375 0.16589861751152074
1 0.0203125 0.41013824884792627 0.0375 0.22119815668202766
0 0.465625 0.5184331797235023 0.046875 0.1336405529953917
0 0.45078125 0.6981566820276498 0.0609375 0.15207373271889402
0 0.48828125 0.29493087557603687 0.0421875 0.2119815668202765
0 0.5515625 0.8341013824884793 0.06875 0.1935483870967742
0 0.68359375 0.9055299539170507 0.0515625 0.1889400921658986
0 0.4453125 0.8179723502304147 0.05625 0.17050691244239632
0 0.6609375 0.15668202764976957 0.040625 0.2119815668202765
0 0.29296875 0.5576036866359447 0.0453125 0.23963133640552994
0 0.446875 0.4470046082949309 0.053125 0.17511520737327188
0 0.6921875 0.7373271889400922 0.046875 0.2488479262672811
0 0.44765625 0.10368663594470046 0.0484375 0.2073732718894009
0 0.771875 0.5184331797235023 0.04375 0.2350230414746544
0 0.55625 0.4423963133640553 0.06875 0.14746543778801843
0 0.25703125 0.7050691244239631 0.0484375 0.23963133640552994