0 0.973828125 0.057736720554272515 0.05234375 0.11547344110854503
0 0.771875 0.15473441108545036 0.06875 0.3094688221709007
0 0.4109375 0.09468822170900693 0.08125 0.18937644341801385
0 0.606640625 0.11316397228637413 0.06484375 0.22632794457274827
0 0.935546875 0.08429561200923788 0.07109375 0.16859122401847576
0 0.684765625 0.5715935334872979 0.10703125 0.3995381062355658
0 0.046484375 0.25519630484988454 0.08046875 0.3394919168591224
0 0.614453125 0.31524249422632794 0.08046875 0.4133949191685912
0 0.89140625 0.2806004618937644 0.0828125 0.46882217090069284
0 0.455078125 0.41916859122401845 0.08671875 0.418013856812933
0 0.760546875 0.3348729792147806 0.11015625 0.4387990762124711