0 0.7046875 0.1935483870967742 0.1 0.35023041474654376
0 0.61015625 0.2695852534562212 0.0765625 0.37327188940092165
0 0.35625 0.6059907834101382 0.06875 0.391705069124424
0 0.8796875 0.20506912442396313 0.075 0.31797235023041476
0 0.90703125 0.5161290322580645 0.0765625 0.4792626728110599
0 0.49609375 0.7027649769585254 0.0796875 0.4838709677419355
0 0.9640625 0.4815668202764977 0.071875 0.47465437788018433
0 0.55546875 0.271889400921659 0.0765625 0.4608294930875576
0 0.83125 0.5529953917050692 0.090625 0.4423963133640553
0 0.5671875 0.7188940092165899 0.1 0.4700460829493088
0 0.62890625 0.5898617511520737 0.0796875 0.48847926267281105
0 0.81953125 0.055299539170506916 0.0609375 0.11059907834101383
0 0.3421875 0.1336405529953917 0.065625 0.2672811059907834
0 0.1640625 0.20506912442396313 0.065625 0.41013824884792627
0 0.23828125 0.6912442396313364 0.1046875 0.4423963133640553