0 0.421875 0.38940092165898615 0.04375 0.1152073732718894
0 0.3921875 0.3317972350230415 0.046875 0.12903225806451613
0 0.4703125 0.23963133640552994 0.0375 0.09216589861751152
0 0.47890625 0.3064516129032258 0.0359375 0.10599078341013825
0 0.4703125 0.39631336405529954 0.0375 0.14746543778801843
0 0.4109375 0.4861751152073733 0.04375 0.17972350230414746
0 0.51796875 0.5161290322580645 0.0421875 0.15668202764976957
0 0.37734375 0.18433179723502305 0.0328125 0.16589861751152074
0 0.60390625 0.3387096774193548 0.0328125 0.19815668202764977
1 0.834375 0.12903225806451613 0.03125 0.1935483870967742
0 0.63046875 0.4078341013824885 0.0296875 0.1889400921658986
1 0.8921875 0.3709677419354839 0.03125 0.17972350230414746
0 0.7 0.9147465437788018 0.05625 0.17050691244239632
0 0.4421875 0.16359447004608296 0.03125 0.16129032258064516
0 0.034375 0.6658986175115207 0.034375 0.22580645161290322
0 0.4546875 0.543778801843318 0.05 0.16589861751152074
0 0.5671875 0.9354838709677419 0.04375 0.12903225806451613
0 0.49375 0.7557603686635944 0.04375 0.20276497695852536
0 0.609375 0.7396313364055299 0.053125 0.21658986175115208