0 0.58046875 0.3064516129032258 0.0421875 0.2073732718894009
0 0.59296875 0.1336405529953917 0.0671875 0.1382488479262673
0 0.6421875 0.3986175115207373 0.06875 0.17050691244239632
0 0.59453125 0.2119815668202765 0.0609375 0.11059907834101383
0 0.3296875 0.28110599078341014 0.053125 0.2488479262672811
0 0.51328125 0.4216589861751152 0.0734375 0.2073732718894009
0 0.78125 0.2350230414746544 0.05 0.30414746543778803
0 0.5375 0.5069124423963134 0.0625 0.2764976958525346
0 0.5171875 0.29493087557603687 0.059375 0.12903225806451613
0 0.4765625 0.22811059907834103 0.0875 0.17972350230414746
0 0.8140625 0.3248847926267281 0.05 0.2995391705069124
0 0.609375 0.0576036866359447 0.046875 0.1152073732718894
0 0.4625 0.10138248847926268 0.075 0.20276497695852536
0 0.4078125 0.6336405529953917 0.040625 0.3456221198156682
0 0.65 0.5230414746543779 0.06875 0.21658986175115208
0 0.0921875 0.055299539170506916 0.04375 0.11059907834101383
0 0.76640625 0.7949308755760369 0.0828125 0.3271889400921659
0 0.10625 0.8894009216589862 0.04375 0.22119815668202766