0 0.34921875 0.3847926267281106 0.0640625 0.2534562211981567
0 0.78984375 0.5230414746543779 0.0546875 0.2626728110599078
0 0.38359375 0.2926267281105991 0.0515625 0.271889400921659
0 0.5046875 0.35944700460829493 0.053125 0.2488479262672811
0 0.4296875 0.3456221198156682 0.05625 0.2764976958525346
0 0.35546875 0.5529953917050692 0.0515625 0.31336405529953915
0 0.4234375 0.5529953917050692 0.06875 0.2857142857142857
0 0.4671875 0.3824884792626728 0.05 0.29493087557603687
0 0.3921875 0.6105990783410138 0.065625 0.3548387096774194
0 0.82578125 0.029953917050691243 0.0515625 0.059907834101382486
0 0.75 0.26036866359447003 0.05 0.2995391705069124
0 0.76171875 0.7050691244239631 0.0953125 0.2857142857142857
0 0.54609375 0.695852534562212 0.0765625 0.23963133640552994
0 0.84375 0.9285714285714286 0.078125 0.14285714285714285
0 0.21484375 0.3870967741935484 0.0640625 0.34101382488479265
0 0.60390625 0.7741935483870968 0.0640625 0.3225806451612903