0 0.296484375 0.021939953810623556 0.03046875 0.04387990762124711
0 0.945703125 0.312933025404157 0.03828125 0.29330254041570436
0 0.483203125 0.42032332563510394 0.03984375 0.20785219399538107
0 0.54609375 0.02771362586605081 0.0375 0.05542725173210162
0 0.758203125 0.47575057736720555 0.04453125 0.3325635103926097
0 0.446484375 0.5300230946882217 0.04765625 0.34872979214780603
0 0.487890625 0.09237875288683603 0.03515625 0.18475750577367206
0 0.788671875 0.394919168591224 0.06328125 0.3233256351039261
0 0.928515625 0.5161662817551963 0.05390625 0.3441108545034642
0 0.602734375 0.7009237875288684 0.05703125 0.3579676674364896
0 0.582421875 0.10854503464203233 0.03828125 0.21709006928406466
0 0.72109375 0.39376443418013857 0.046875 0.26558891454965355
0 0.541796875 0.1535796766743649 0.04453125 0.302540415704388
0 0.560546875 0.5773672055427251 0.04453125 0.3418013856812933
0 0.373828125 0.12240184757505773 0.04140625 0.24480369515011546
0 0.316796875 0.6131639722863741 0.08046875 0.3163972286374134
0 0.2796875 0.17321016166281755 0.059375 0.3371824480369515