0 0.359375 0.35023041474654376 0.05 0.20276497695852536
0 0.1625 0.2511520737327189 0.040625 0.17972350230414746
0 0.7484375 0.2073732718894009 0.05625 0.2488479262672811
0 0.4875 0.39631336405529954 0.06875 0.20276497695852536
0 0.34921875 0.49078341013824883 0.0546875 0.15207373271889402
0 0.3359375 0.6013824884792627 0.059375 0.15207373271889402
0 0.46953125 0.5599078341013825 0.0609375 0.14285714285714285
0 0.39921875 0.4423963133640553 0.0609375 0.17511520737327188
0 0.9828125 0.5829493087557603 0.034375 0.2903225806451613
0 0.465625 0.19815668202764977 0.0625 0.17511520737327188
0 0.16796875 0.3986175115207373 0.0703125 0.2903225806451613
0 0.46640625 0.6935483870967742 0.0765625 0.1889400921658986
0 0.7546875 0.8894009216589862 0.04375 0.22119815668202766
0 0.5234375 0.7304147465437788 0.05 0.28110599078341014
0 0.37890625 0.6935483870967742 0.0609375 0.3087557603686636
0 0.50390625 0.04838709677419355 0.0421875 0.0967741935483871
0 0.37890625 0.04838709677419355 0.0546875 0.0967741935483871
0 0.52265625 0.2534562211981567 0.0421875 0.2857142857142857
0 0.32109375 0.7741935483870968 0.0734375 0.30414746543778803
0 0.34296875 0.30414746543778803 0.0734375 0.2304147465437788