0 0.51640625 0.10277136258660508 0.0375 0.14087759815242495
0 0.59609375 0.25981524249422633 0.0328125 0.17782909930715934
0 0.53046875 0.03117782909930716 0.05 0.06235565819861432
0 0.61015625 0.11085450346420324 0.0265625 0.18013856812933027
0 0.543359375 0.23325635103926096 0.03671875 0.18013856812933027
0 0.322265625 0.5900692840646651 0.03515625 0.22863741339491916
0 0.59375 0.38221709006928406 0.040625 0.20554272517321015
0 0.416015625 0.4445727482678984 0.03515625 0.24249422632794457
0 0.52109375 0.18706697459584296 0.04375 0.18475750577367206
0 0.1390625 0.8983833718244804 0.0609375 0.20323325635103925
1 0.28515625 0.21247113163972287 0.0390625 0.19399538106235567
0 0.6921875 0.21247113163972287 0.0328125 0.21247113163972287
0 0.369140625 0.2090069284064665 0.03671875 0.19168591224018475
0 0.5546875 0.40300230946882215 0.0578125 0.19168591224018475
0 0.449609375 0.8833718244803695 0.04453125 0.23325635103926096
0 0.166015625 0.3210161662817552 0.04765625 0.17551963048498845