0 0.6078125 0.12211981566820276 0.05 0.1336405529953917
1 0.24375 0.1152073732718894 0.025 0.22119815668202766
0 0.61015625 0.2465437788018433 0.0609375 0.2073732718894009
0 0.77265625 0.18663594470046083 0.0421875 0.28110599078341014
0 0.5484375 0.07834101382488479 0.046875 0.12903225806451613
0 0.14140625 0.9331797235023042 0.0484375 0.1336405529953917
0 0.51953125 0.1889400921658986 0.0515625 0.15668202764976957
0 0.2484375 0.2903225806451613 0.040625 0.2672811059907834
0 0.48828125 0.3317972350230415 0.0703125 0.1382488479262673
0 0.6359375 0.10368663594470046 0.0625 0.17972350230414746
0 0.60546875 0.7373271889400922 0.0765625 0.25806451612903225
0 0.51484375 0.9147465437788018 0.0765625 0.17050691244239632
0 0.6375 0.48847926267281105 0.065625 0.23963133640552994
0 0.29765625 0.5599078341013825 0.0390625 0.271889400921659
0 0.6328125 0.02304147465437788 0.053125 0.04608294930875576