0 0.55703125 0.30414746543778803 0.0671875 0.2304147465437788
0 0.5359375 0.2073732718894009 0.065625 0.2672811059907834
0 0.58046875 0.029953917050691243 0.0515625 0.059907834101382486
0 0.40390625 0.956221198156682 0.1046875 0.08755760368663594
0 0.5484375 0.5299539170506913 0.084375 0.23963133640552994
0 0.8 0.1497695852534562 0.0375 0.28110599078341014
0 0.675 0.0944700460829493 0.059375 0.1889400921658986
0 0.5125 0.02534562211981567 0.0375 0.05069124423963134
0 0.76328125 0.2119815668202765 0.0453125 0.2488479262672811
0 0.1234375 0.315668202764977 0.04375 0.2626728110599078
0 0.64765625 0.2557603686635945 0.0546875 0.271889400921659
0 0.51796875 0.7972350230414746 0.0953125 0.2672811059907834
0 0.58984375 0.19815668202764977 0.0609375 0.29493087557603687
1 0.1859375 0.1336405529953917 0.046875 0.2672811059907834
0 0.22734375 0.6336405529953917 0.0578125 0.28110599078341014