0 0.766796875 0.74364896073903 0.03828125 0.16628175519630484
0 0.764453125 0.8337182448036952 0.03984375 0.15242494226327943
0 0.271484375 0.22748267898383373 0.02734375 0.12702078521939955
0 0.34921875 0.37528868360277134 0.0390625 0.16859122401847576
0 0.296875 0.4792147806004619 0.0265625 0.19168591224018475
0 0.744921875 0.4122401847575058 0.02890625 0.15011547344110854
0 0.682421875 0.23556581986143188 0.02578125 0.13856812933025403
0 0.483984375 0.2979214780600462 0.02578125 0.17090069284064666
0 0.295703125 0.24133949191685913 0.03671875 0.17321016166281755
1 0.03203125 0.6397228637413395 0.0265625 0.18475750577367206
1 0.123828125 0.2228637413394919 0.02421875 0.17321016166281755
0 0.6265625 0.2517321016166282 0.0390625 0.16628175519630484
0 0.24765625 0.3418013856812933 0.0359375 0.17551963048498845