1 0.259375 0.12903225806451613 0.028125 0.1935483870967742
0 0.60625 0.2534562211981567 0.0625 0.2119815668202765
0 0.54453125 0.0944700460829493 0.0453125 0.1336405529953917
0 0.7640625 0.1889400921658986 0.040625 0.2764976958525346
0 0.51328125 0.20046082949308755 0.0515625 0.14285714285714285
0 0.60234375 0.7258064516129032 0.0734375 0.2534562211981567
0 0.63125 0.11290322580645161 0.0625 0.17972350230414746
0 0.48828125 0.33640552995391704 0.0671875 0.1382488479262673
0 0.31484375 0.5529953917050692 0.0328125 0.2857142857142857
0 0.15234375 0.9216589861751152 0.0453125 0.15668202764976957
0 0.62890625 0.03225806451612903 0.0546875 0.06451612903225806
0 0.2609375 0.2995391705069124 0.040625 0.2488479262672811
0 0.51484375 0.9078341013824884 0.0734375 0.18433179723502305
0 0.6328125 0.4838709677419355 0.0625 0.2304147465437788