0 0.19453125 0.41244239631336405 0.0328125 0.2073732718894009
0 0.23828125 0.347926267281106 0.0421875 0.17972350230414746
0 0.921875 0.16359447004608296 0.034375 0.16129032258064516
0 0.22109375 0.31105990783410137 0.0296875 0.12442396313364056
0 0.1890625 0.1774193548387097 0.03125 0.15207373271889402
0 0.18203125 0.3617511520737327 0.0328125 0.17972350230414746
0 0.2796875 0.3640552995391705 0.046875 0.2119815668202765
0 0.21796875 0.1774193548387097 0.0296875 0.16129032258064516
0 0.61015625 0.5184331797235023 0.0484375 0.1889400921658986
0 0.89375 0.9124423963133641 0.06875 0.17511520737327188
0 0.34609375 0.22350230414746544 0.0421875 0.15207373271889402
0 0.11328125 0.2880184331797235 0.0453125 0.21658986175115208
0 0.75703125 0.9262672811059908 0.0609375 0.14746543778801843