0 0.5046875 0.38018433179723504 0.03125 0.17972350230414746
0 0.51328125 0.4769585253456221 0.0453125 0.14285714285714285
0 0.45625 0.4631336405529954 0.053125 0.2350230414746544
0 0.3890625 0.03917050691244239 0.04375 0.07834101382488479
0 0.5359375 0.3456221198156682 0.0375 0.14746543778801843
0 0.56015625 0.5069124423963134 0.0359375 0.2304147465437788
0 0.58203125 0.6543778801843319 0.0390625 0.23963133640552994
0 0.44375 0.2880184331797235 0.0375 0.21658986175115208
0 0.61640625 0.5645161290322581 0.0453125 0.22580645161290322
0 0.62421875 0.3847926267281106 0.0515625 0.2350230414746544
0 0.5390625 0.6036866359447005 0.046875 0.2488479262672811
0 0.390625 0.6497695852534562 0.0375 0.18433179723502305
0 0.37421875 0.8341013824884793 0.0578125 0.2119815668202765
0 0.490625 0.7096774193548387 0.04375 0.23963133640552994
0 0.784375 0.41244239631336405 0.046875 0.19815668202764977
0 0.33359375 0.4976958525345622 0.0390625 0.2119815668202765
0 0.30703125 0.35944700460829493 0.0390625 0.2304147465437788
0 0.19765625 0.663594470046083 0.0578125 0.1935483870967742