0 0.46171875 0.2488479262672811 0.0390625 0.1382488479262673
0 0.37265625 0.1543778801843318 0.0421875 0.0967741935483871
0 0.446875 0.3640552995391705 0.05 0.17511520737327188
0 0.35625 0.2557603686635945 0.034375 0.12442396313364056
1 0.91796875 0.3663594470046083 0.0359375 0.2350230414746544
0 0.42109375 0.4009216589861751 0.0359375 0.15668202764976957
0 0.4421875 0.2834101382488479 0.04375 0.08755760368663594
0 0.46171875 0.1382488479262673 0.0328125 0.14746543778801843
0 0.35078125 0.3824884792626728 0.0390625 0.17511520737327188
0 0.4890625 0.06451612903225806 0.021875 0.12903225806451613
1 0.3703125 0.06912442396313365 0.04375 0.1382488479262673
0 0.7140625 0.14055299539170507 0.028125 0.21658986175115208
0 0.5640625 0.3617511520737327 0.0375 0.21658986175115208
0 0.11796875 0.2903225806451613 0.0390625 0.2304147465437788
0 0.5578125 0.2350230414746544 0.0375 0.11059907834101383
0 0.4234375 0.5576036866359447 0.04375 0.2304147465437788
0 0.35625 0.543778801843318 0.05625 0.2304147465437788