0 0.57734375 0.4078341013824885 0.0328125 0.2073732718894009
0 0.55078125 0.4055299539170507 0.0390625 0.1382488479262673
0 0.5953125 0.16820276497695852 0.03125 0.1152073732718894
0 0.59453125 0.2626728110599078 0.0328125 0.14746543778801843
0 0.54296875 0.5161290322580645 0.0421875 0.20276497695852536
0 0.60078125 0.4769585253456221 0.0578125 0.21658986175115208
0 0.63046875 0.22350230414746544 0.0390625 0.19815668202764977
0 0.4640625 0.07603686635944701 0.053125 0.15207373271889402
0 0.67421875 0.5299539170506913 0.0546875 0.18433179723502305
0 0.08984375 0.08755760368663594 0.0265625 0.17511520737327188
0 0.50546875 0.05069124423963134 0.0390625 0.10138248847926268
0 0.71640625 0.055299539170506916 0.0234375 0.11059907834101383
0 0.31640625 0.32027649769585254 0.0359375 0.19815668202764977
0 0.72109375 0.35253456221198154 0.0453125 0.2350230414746544
0 0.38046875 0.055299539170506916 0.0328125 0.11059907834101383
0 0.53359375 0.30414746543778803 0.0515625 0.1935483870967742
0 0.08828125 0.41705069124423966 0.0359375 0.2073732718894009
0 0.42890625 0.5990783410138248 0.0640625 0.2119815668202765
0 0.1921875 0.619815668202765 0.046875 0.19815668202764977
0 0.3328125 0.532258064516129 0.040625 0.19815668202764977