0 0.5421875 0.47235023041474655 0.06875 0.24423963133640553
0 0.67421875 0.38018433179723504 0.0546875 0.19815668202764977
0 0.55625 0.5783410138248848 0.0625 0.28110599078341014
0 0.6734375 0.24193548387096775 0.05 0.17972350230414746
0 0.6515625 0.1382488479262673 0.059375 0.17511520737327188
0 0.61015625 0.6658986175115207 0.0671875 0.24423963133640553
0 0.8125 0.2857142857142857 0.04375 0.2764976958525346
0 0.84921875 0.347926267281106 0.0546875 0.271889400921659
0 0.5765625 0.2695852534562212 0.071875 0.22580645161290322
0 0.12734375 0.4032258064516129 0.0515625 0.33640552995391704
0 0.4859375 0.5576036866359447 0.05625 0.2672811059907834
0 0.7265625 0.21889400921658986 0.05625 0.2995391705069124
0 0.06875 0.6566820276497696 0.0625 0.3271889400921659
0 0.66953125 0.5599078341013825 0.0734375 0.2995391705069124
0 0.3359375 0.5184331797235023 0.05625 0.28110599078341014
0 0.49765625 0.2672811059907834 0.0703125 0.2764976958525346
0 0.73125 0.020737327188940093 0.06875 0.041474654377880185