0 0.5234375 0.08294930875576037 0.0875 0.16589861751152074
0 0.66640625 0.34101382488479265 0.0953125 0.35944700460829493
0 0.8390625 0.11981566820276497 0.065625 0.23963133640552994
0 0.63671875 0.43317972350230416 0.1015625 0.3317972350230415
0 0.59375 0.6152073732718893 0.109375 0.2903225806451613
0 0.45390625 0.4539170506912442 0.1015625 0.3548387096774194
0 0.2625 0.21428571428571427 0.084375 0.41935483870967744
0 0.3484375 0.8824884792626728 0.109375 0.2350230414746544
0 0.7140625 0.1382488479262673 0.1 0.2672811059907834
0 0.61328125 0.05069124423963134 0.0984375 0.10138248847926268
0 0.82890625 0.33640552995391704 0.0703125 0.43317972350230416
0 0.9421875 0.06682027649769585 0.075 0.1336405529953917
0 0.5375 0.9124423963133641 0.084375 0.17511520737327188