1 0.99296875 0.23732718894009217 0.0140625 0.16129032258064516
0 0.51484375 0.3778801843317972 0.0453125 0.17511520737327188
0 0.70390625 0.4700460829493088 0.0328125 0.20276497695852536
0 0.6859375 0.3778801843317972 0.028125 0.14746543778801843
0 0.59765625 0.347926267281106 0.0359375 0.17050691244239632
0 0.515625 0.5414746543778802 0.040625 0.19815668202764977
0 0.475 0.6451612903225806 0.0375 0.1935483870967742
0 0.096875 0.423963133640553 0.03125 0.17511520737327188
0 0.39921875 0.45852534562211983 0.0359375 0.17972350230414746
0 0.4203125 0.31105990783410137 0.03125 0.14285714285714285
0 0.35859375 0.9170506912442397 0.0359375 0.16589861751152074
0 0.55859375 0.9216589861751152 0.0453125 0.15668202764976957
0 0.41875 0.08755760368663594 0.028125 0.14746543778801843
1 0.2703125 0.49539170506912444 0.028125 0.1889400921658986
0 0.59375 0.06682027649769585 0.034375 0.12442396313364056