0 0.5140625 0.46543778801843316 0.040625 0.12903225806451613
0 0.81328125 0.4792626728110599 0.0328125 0.17511520737327188
0 0.515625 0.3709677419354839 0.040625 0.12442396313364056
0 0.5265625 0.26036866359447003 0.028125 0.15207373271889402
0 0.58984375 0.5829493087557603 0.0390625 0.17050691244239632
0 0.7328125 0.4539170506912442 0.028125 0.2073732718894009
0 0.5078125 0.5783410138248848 0.040625 0.1336405529953917
0 0.48828125 0.652073732718894 0.0390625 0.1889400921658986
1 0.28203125 0.4216589861751152 0.0296875 0.17972350230414746
0 0.45546875 0.3986175115207373 0.0359375 0.16129032258064516
0 0.4046875 0.48847926267281105 0.0375 0.20276497695852536
0 0.221875 0.2304147465437788 0.03125 0.16589861751152074
0 0.63984375 0.6244239631336406 0.0359375 0.1889400921658986
0 0.2546875 0.8271889400921659 0.034375 0.21658986175115208
0 0.2421875 0.4631336405529954 0.028125 0.21658986175115208
0 0.571875 0.8571428571428571 0.05 0.2119815668202765