0 0.55234375 0.576036866359447 0.0328125 0.17511520737327188
0 0.47890625 0.42857142857142855 0.0421875 0.14746543778801843
1 0.340625 0.44930875576036866 0.021875 0.16129032258064516
0 0.5125 0.5368663594470046 0.040625 0.14285714285714285
0 0.60078125 0.8271889400921659 0.0265625 0.1889400921658986
0 0.58984375 0.5161290322580645 0.0421875 0.14746543778801843
1 0.8359375 0.12442396313364056 0.01875 0.14746543778801843
0 0.67578125 0.3663594470046083 0.0296875 0.2073732718894009
0 0.8328125 0.43548387096774194 0.03125 0.16129032258064516
0 0.46953125 0.0576036866359447 0.0296875 0.1152073732718894
0 0.2375 0.2488479262672811 0.028125 0.17511520737327188
0 0.590625 0.3663594470046083 0.03125 0.14285714285714285
0 0.26640625 0.029953917050691243 0.0265625 0.059907834101382486
0 0.384375 0.391705069124424 0.028125 0.14746543778801843
0 0.3640625 0.21658986175115208 0.025 0.15668202764976957
0 0.328125 0.5829493087557603 0.025 0.2073732718894009
0 0.69375 0.7995391705069125 0.04375 0.17972350230414746
0 0.4046875 0.020737327188940093 0.03125 0.041474654377880185
0 0.421875 0.5023041474654378 0.028125 0.18433179723502305