0 0.35703125 0.5645161290322581 0.0609375 0.2534562211981567
0 0.6328125 0.5552995391705069 0.04375 0.271889400921659
0 0.07890625 0.5645161290322581 0.0921875 0.21658986175115208
0 0.36484375 0.315668202764977 0.0484375 0.1889400921658986
0 0.6140625 0.5783410138248848 0.059375 0.271889400921659
0 0.3140625 0.3064516129032258 0.05 0.2626728110599078
0 0.49140625 0.6774193548387096 0.0453125 0.3225806451612903
0 0.01484375 0.3087557603686636 0.0296875 0.31336405529953915
0 0.4046875 0.5921658986175116 0.05625 0.31797235023041476
0 0.67265625 0.532258064516129 0.0546875 0.28110599078341014
0 0.2546875 0.42857142857142855 0.065625 0.25806451612903225
0 0.29296875 0.4769585253456221 0.0609375 0.28110599078341014
0 0.4921875 0.41013824884792627 0.053125 0.2672811059907834
0 0.6703125 0.07373271889400922 0.03125 0.14746543778801843
0 0.46796875 0.1313364055299539 0.0484375 0.2626728110599078