0 0.63125 0.49539170506912444 0.0375 0.12442396313364056
0 0.5671875 0.3663594470046083 0.0375 0.15207373271889402
0 0.625 0.728110599078341 0.046875 0.16589861751152074
0 0.4109375 0.02534562211981567 0.028125 0.05069124423963134
0 0.4328125 0.41244239631336405 0.034375 0.12442396313364056
0 0.64296875 0.44930875576036866 0.0359375 0.14285714285714285
1 0.3109375 0.4838709677419355 0.028125 0.17511520737327188
0 0.559375 0.5207373271889401 0.04375 0.12903225806451613
0 0.4375 0.0944700460829493 0.025 0.16129032258064516
0 0.53828125 0.6290322580645161 0.0484375 0.1336405529953917
0 0.77265625 0.5391705069124424 0.0265625 0.22119815668202766
0 0.66328125 0.018433179723502304 0.0359375 0.03686635944700461
0 0.70390625 0.9032258064516129 0.0265625 0.1935483870967742
0 0.25390625 0.22580645161290322 0.0359375 0.15668202764976957
0 0.29609375 0.6428571428571429 0.0359375 0.2073732718894009
0 0.628125 0.20967741935483872 0.034375 0.16129032258064516
0 0.42109375 0.5668202764976958 0.0421875 0.23963133640552994
0 0.3796875 0.9147465437788018 0.025 0.17050691244239632
0 0.67578125 0.1152073732718894 0.0390625 0.14746543778801843
0 0.52890625 0.7672811059907834 0.0609375 0.19815668202764977