0 0.471875 0.2672811059907834 0.040625 0.1382488479262673
0 0.60703125 0.5552995391705069 0.0421875 0.19815668202764977
0 0.8859375 0.30184331797235026 0.034375 0.15207373271889402
0 0.53671875 0.1543778801843318 0.0453125 0.16129032258064516
0 0.60546875 0.3824884792626728 0.0328125 0.16589861751152074
0 0.47890625 0.423963133640553 0.0390625 0.2119815668202765
1 0.1390625 0.052995391705069124 0.025 0.10599078341013825
0 0.5109375 0.33640552995391704 0.05 0.20276497695852536
0 0.2859375 0.2672811059907834 0.05 0.15668202764976957
0 0.646875 0.013824884792626729 0.028125 0.027649769585253458
0 0.32421875 0.22119815668202766 0.0390625 0.18433179723502305
0 0.5234375 0.2534562211981567 0.046875 0.18433179723502305
1 0.75625 0.3387096774193548 0.034375 0.21658986175115208
0 0.35078125 0.9170506912442397 0.0421875 0.16589861751152074
0 0.2609375 0.8917050691244239 0.04375 0.21658986175115208
0 0.42890625 0.39631336405529954 0.0546875 0.16589861751152074
0 0.328125 0.6728110599078341 0.059375 0.1935483870967742
0 0.52890625 0.695852534562212 0.0390625 0.20276497695852536
0 0.61015625 0.20276497695852536 0.0390625 0.17511520737327188