0 0.2140625 0.08986175115207373 0.053125 0.17972350230414746
0 0.42265625 0.28110599078341014 0.1078125 0.5345622119815668
1 0.1234375 0.6382488479262672 0.05625 0.5299539170506913
0 0.25625 0.20967741935483872 0.071875 0.41935483870967744
0 0.20703125 0.5875576036866359 0.0796875 0.5668202764976958
0 0.79921875 0.18663594470046083 0.0734375 0.37327188940092165
0 0.621875 0.1912442396313364 0.065625 0.3824884792626728
0 0.5046875 0.3548387096774194 0.075 0.5529953917050692
0 0.371875 0.5898617511520737 0.071875 0.5622119815668203
0 0.54765625 0.543778801843318 0.0734375 0.5714285714285714
1 0.73671875 0.5092165898617511 0.0734375 0.5391705069124424