0 0.3609375 0.10599078341013825 0.028125 0.1382488479262673
0 0.3625 0.21428571428571427 0.05 0.17050691244239632
0 0.97578125 0.4631336405529954 0.0421875 0.17050691244239632
0 0.40078125 0.3271889400921659 0.0359375 0.22119815668202766
0 0.23515625 0.14285714285714285 0.0328125 0.18433179723502305
0 0.303125 0.055299539170506916 0.03125 0.11059907834101383
0 0.16640625 0.21428571428571427 0.0390625 0.17050691244239632
0 0.265625 0.18433179723502305 0.046875 0.17511520737327188
0 0.78671875 0.08525345622119816 0.0328125 0.17050691244239632
0 0.5296875 0.22580645161290322 0.03125 0.1935483870967742
0 0.4109375 0.21889400921658986 0.04375 0.17972350230414746
0 0.4421875 0.10599078341013825 0.03125 0.17511520737327188
1 0.6359375 0.11981566820276497 0.03125 0.18433179723502305
0 0.36484375 0.3087557603686636 0.0546875 0.2119815668202765
0 0.56875 0.5483870967741935 0.04375 0.17511520737327188
0 0.49296875 0.6013824884792627 0.0765625 0.2073732718894009
0 0.540625 0.018433179723502304 0.03125 0.03686635944700461
0 0.8484375 0.8847926267281107 0.046875 0.1935483870967742
0 0.58203125 0.9285714285714286 0.0796875 0.14285714285714285