0 0.29140625 0.6543778801843319 0.0703125 0.3870967741935484
0 0.76484375 0.21658986175115208 0.0578125 0.3778801843317972
0 0.3953125 0.7235023041474654 0.071875 0.5529953917050692
0 0.4109375 0.3709677419354839 0.05625 0.3824884792626728
0 0.309375 0.783410138248848 0.071875 0.43317972350230416
0 0.45625 0.391705069124424 0.0625 0.4055299539170507
0 0.696875 0.17972350230414746 0.06875 0.35944700460829493
0 0.77734375 0.6451612903225806 0.0734375 0.6267281105990783
0 0.44375 0.7350230414746544 0.065625 0.5299539170506913
0 0.63828125 0.6359447004608295 0.0765625 0.5898617511520737
0 0.50859375 0.17511520737327188 0.0671875 0.35023041474654376
0 0.72265625 0.5046082949308756 0.0765625 0.631336405529954
0 0.27265625 0.3387096774193548 0.0859375 0.5483870967741935
0 0.45234375 0.12442396313364056 0.0734375 0.2488479262672811
0 0.9421875 0.14285714285714285 0.09375 0.2857142857142857
0 0.1859375 0.7004608294930875 0.075 0.5806451612903226