0 0.28828125 0.391705069124424 0.0390625 0.1935483870967742
0 0.51796875 0.6290322580645161 0.0328125 0.22580645161290322
0 0.4171875 0.5714285714285714 0.0375 0.22119815668202766
0 0.51875 0.2672811059907834 0.03125 0.14746543778801843
0 0.60234375 0.3248847926267281 0.0359375 0.2073732718894009
0 0.41015625 0.07834101382488479 0.0234375 0.15668202764976957
0 0.490625 0.5529953917050692 0.034375 0.12903225806451613
0 0.6375 0.47465437788018433 0.028125 0.2304147465437788
0 0.496875 0.38940092165898615 0.0375 0.15207373271889402
0 0.2828125 0.511520737327189 0.034375 0.17511520737327188
0 0.54765625 0.08755760368663594 0.0234375 0.17511520737327188
1 0.128125 0.18202764976958524 0.034375 0.2073732718894009
0 0.4140625 0.9746543778801844 0.05625 0.05069124423963134
1 0.78203125 0.41013824884792627 0.0328125 0.25806451612903225
0 0.63984375 0.029953917050691243 0.0265625 0.059907834101382486