0 0.496875 0.619815668202765 0.040625 0.1889400921658986
0 0.4671875 0.46774193548387094 0.0375 0.1336405529953917
0 0.27890625 0.10138248847926268 0.0265625 0.15668202764976957
0 0.47109375 0.5875576036866359 0.0484375 0.2073732718894009
0 0.5390625 0.5967741935483871 0.0375 0.2073732718894009
0 0.5421875 0.17050691244239632 0.025 0.15668202764976957
1 0.7296875 0.43548387096774194 0.028125 0.2073732718894009
0 0.56953125 0.39631336405529954 0.0265625 0.15668202764976957
0 0.4328125 0.45622119815668205 0.040625 0.20276497695852536
0 0.27734375 0.5230414746543779 0.0484375 0.2073732718894009
0 0.83828125 0.6359447004608295 0.0328125 0.22119815668202766
0 0.57890625 0.5576036866359447 0.0359375 0.1935483870967742
0 0.80234375 0.9262672811059908 0.0515625 0.14746543778801843
0 0.7703125 0.2695852534562212 0.025 0.16129032258064516
0 0.559375 0.8917050691244239 0.065625 0.2073732718894009
0 0.4984375 0.7442396313364056 0.06875 0.2073732718894009