0 0.359375 0.11981566820276497 0.04375 0.1382488479262673
0 0.196875 0.08986175115207373 0.0375 0.17972350230414746
0 0.31484375 0.20967741935483872 0.0515625 0.16129032258064516
0 0.4109375 0.2857142857142857 0.05 0.11981566820276497
1 0.6453125 0.08986175115207373 0.021875 0.17972350230414746
0 0.3125 0.38018433179723504 0.059375 0.21658986175115208
0 0.45546875 0.3617511520737327 0.0296875 0.21658986175115208
0 0.7609375 0.3225806451612903 0.028125 0.23963133640552994
0 0.44375 0.15207373271889402 0.05 0.20276497695852536
0 0.5390625 0.6451612903225806 0.034375 0.2304147465437788
0 0.7421875 0.02534562211981567 0.021875 0.05069124423963134
0 0.23203125 0.9101382488479263 0.0546875 0.17972350230414746
0 0.26328125 0.6059907834101382 0.0640625 0.2073732718894009
0 0.4171875 0.9377880184331797 0.05 0.12442396313364056