0 0.40625 0.04608294930875576 0.03125 0.09216589861751152
0 0.48203125 0.06221198156682028 0.0296875 0.1152073732718894
0 0.3640625 0.46774193548387094 0.03125 0.2073732718894009
0 0.46484375 0.1728110599078341 0.0359375 0.12442396313364056
0 0.55703125 0.21889400921658986 0.0453125 0.1336405529953917
0 0.57734375 0.07834101382488479 0.0265625 0.15668202764976957
0 0.48203125 0.2511520737327189 0.0421875 0.1336405529953917
0 0.43359375 0.10829493087557604 0.0359375 0.1152073732718894
0 0.259375 0.04838709677419355 0.021875 0.0967741935483871
1 0.2609375 0.22119815668202766 0.021875 0.18433179723502305
1 0.91875 0.15668202764976957 0.021875 0.18433179723502305
0 0.6921875 0.5184331797235023 0.0375 0.17972350230414746
0 0.39375 0.1336405529953917 0.034375 0.16589861751152074
0 0.4953125 0.39400921658986177 0.03125 0.1889400921658986
0 0.09375 0.24193548387096775 0.03125 0.19815668202764977
0 0.63671875 0.09216589861751152 0.0265625 0.17511520737327188
0 0.65 0.3387096774193548 0.04375 0.19815668202764977
0 0.42109375 0.31105990783410137 0.0265625 0.1889400921658986
0 0.8328125 0.7465437788018433 0.053125 0.20276497695852536
0 0.48671875 0.8248847926267281 0.0390625 0.2119815668202765