0 0.7171875 0.4815668202764977 0.0625 0.5483870967741935
0 0.52421875 0.5645161290322581 0.0859375 0.5944700460829493
0 0.72421875 0.1336405529953917 0.0546875 0.2672811059907834
0 0.3796875 0.17511520737327188 0.08125 0.35023041474654376
0 0.3984375 0.9815668202764977 0.071875 0.03686635944700461
1 0.74921875 0.6129032258064516 0.0640625 0.5345622119815668
0 0.36171875 0.576036866359447 0.0640625 0.5529953917050692
1 0.2203125 0.8571428571428571 0.090625 0.2857142857142857
0 0.89609375 0.22350230414746544 0.0953125 0.4470046082949309
0 0.76640625 0.1382488479262673 0.0859375 0.2764976958525346
0 0.23828125 0.46543778801843316 0.0703125 0.543778801843318
0 0.31484375 0.4838709677419355 0.0890625 0.4055299539170507