0 0.66171875 0.39631336405529954 0.0453125 0.2672811059907834
0 0.44609375 0.8963133640552995 0.0671875 0.2073732718894009
0 0.4875 0.4308755760368664 0.04375 0.3087557603686636
0 0.5234375 0.39400921658986177 0.053125 0.271889400921659
0 0.41796875 0.5253456221198156 0.0359375 0.2764976958525346
0 0.6421875 0.45161290322580644 0.04375 0.31336405529953915
0 0.23671875 0.22811059907834103 0.0484375 0.24423963133640553
0 0.2015625 0.2488479262672811 0.040625 0.2857142857142857
0 0.45390625 0.6105990783410138 0.0453125 0.3271889400921659
1 0.1515625 0.5668202764976958 0.05 0.3225806451612903
0 0.4546875 0.3778801843317972 0.0625 0.2304147465437788
0 0.51640625 0.6658986175115207 0.0453125 0.3087557603686636
0 0.39609375 0.347926267281106 0.0421875 0.2995391705069124
0 0.3484375 0.4470046082949309 0.053125 0.30414746543778803