0 0.37421875 0.815668202764977 0.0609375 0.2119815668202765
0 0.659375 0.35944700460829493 0.04375 0.25806451612903225
1 0.37265625 0.03686635944700461 0.0453125 0.07373271889400922
0 0.64921875 0.4539170506912442 0.0453125 0.28110599078341014
0 0.3734375 0.9308755760368663 0.05625 0.1382488479262673
0 0.021875 0.5506912442396313 0.04375 0.3456221198156682
0 0.6328125 0.728110599078341 0.05 0.35944700460829493
0 0.70859375 0.8179723502304147 0.0484375 0.3640552995391705
0 0.93828125 0.7949308755760369 0.0578125 0.3640552995391705
0 0.71015625 0.3433179723502304 0.0578125 0.2903225806451613
0 0.59296875 0.8179723502304147 0.0546875 0.3640552995391705