0 0.66875 0.9018475750577367 0.0921875 0.19630484988452657
0 0.973046875 0.5265588914549654 0.05390625 0.5080831408775982
0 0.523046875 0.4110854503464203 0.08828125 0.3833718244803695
0 0.57109375 0.7979214780600462 0.0828125 0.40415704387990764
0 0.596484375 0.6073903002309469 0.09921875 0.4942263279445728
0 0.69296875 0.7678983833718245 0.096875 0.46420323325635104
0 0.94375 0.7009237875288684 0.109375 0.5981524249422633
0 0.859375 0.5727482678983834 0.11875 0.581986143187067
0 0.804296875 0.7124711316397229 0.12265625 0.5750577367205543
0 0.71171875 0.24133949191685913 0.115625 0.48267898383371827
0 0.11796875 0.7482678983833718 0.1078125 0.5034642032332564