0 0.36953125 0.6497695852534562 0.0265625 0.17511520737327188
0 0.50078125 0.22119815668202766 0.0359375 0.1382488479262673
0 0.5703125 0.5391705069124424 0.03125 0.18433179723502305
0 0.275 0.2488479262672811 0.034375 0.17511520737327188
0 0.240625 0.3778801843317972 0.04375 0.1935483870967742
0 0.88671875 0.20967741935483872 0.0390625 0.15207373271889402
0 0.303125 0.41705069124423966 0.034375 0.22580645161290322
0 0.3484375 0.5207373271889401 0.034375 0.20276497695852536
0 0.45234375 0.059907834101382486 0.0328125 0.11981566820276497
0 0.4140625 0.5460829493087558 0.03125 0.19815668202764977
0 0.29765625 0.7580645161290323 0.0421875 0.2350230414746544
0 0.246875 0.06912442396313365 0.034375 0.1382488479262673
0 0.65078125 0.6981566820276498 0.0328125 0.2073732718894009
0 0.63203125 0.24193548387096775 0.0328125 0.1889400921658986
0 0.5546875 0.5990783410138248 0.0375 0.2119815668202765
0 0.39453125 0.6981566820276498 0.0296875 0.2350230414746544
0 0.1875 0.3663594470046083 0.040625 0.1889400921658986
0 0.6125 0.7050691244239631 0.04375 0.18433179723502305