0 0.01796875 0.8847926267281107 0.0359375 0.2304147465437788
0 0.02578125 0.6705069124423964 0.0515625 0.28110599078341014
0 0.01796875 0.4032258064516129 0.0359375 0.3456221198156682
0 0.17421875 0.41705069124423966 0.0515625 0.37327188940092165
0 0.1078125 0.4470046082949309 0.071875 0.4147465437788018
0 0.521875 0.4447004608294931 0.115625 0.42857142857142855
0 0.14453125 0.5668202764976958 0.0890625 0.39631336405529954
0 0.73984375 0.9700460829493087 0.0609375 0.059907834101382486
0 0.5515625 0.9009216589861752 0.075 0.19815668202764977
0 0.53125 0.6866359447004609 0.084375 0.4423963133640553
0 0.28359375 0.17050691244239632 0.0765625 0.3317972350230415
0 0.2828125 0.6820276497695853 0.096875 0.4147465437788018
0 0.46875 0.1889400921658986 0.096875 0.3317972350230415