0 0.58046875 0.26497695852534564 0.0390625 0.15207373271889402
0 0.5265625 0.4861751152073733 0.04375 0.2350230414746544
0 0.6625 0.44930875576036866 0.028125 0.16129032258064516
0 0.48671875 0.315668202764977 0.0328125 0.1889400921658986
0 0.47421875 0.6221198156682027 0.0421875 0.23963133640552994
0 0.57265625 0.42857142857142855 0.0484375 0.2304147465437788
0 0.3625 0.4976958525345622 0.046875 0.2119815668202765
0 0.56796875 0.5391705069124424 0.0453125 0.1935483870967742
0 0.6171875 0.3433179723502304 0.040625 0.1336405529953917
0 0.36640625 0.33640552995391704 0.0328125 0.20276497695852536
0 0.66171875 0.543778801843318 0.0453125 0.17511520737327188
0 0.6234375 0.5138248847926268 0.03125 0.2073732718894009
0 0.0234375 0.2764976958525346 0.034375 0.22119815668202766
0 0.278125 0.5875576036866359 0.0375 0.19815668202764977
0 0.2046875 0.7857142857142857 0.059375 0.21658986175115208