0 0.58515625 0.34101382488479265 0.0765625 0.25806451612903225
0 0.74296875 0.7949308755760369 0.1859375 0.2534562211981567
0 0.965625 0.3433179723502304 0.06875 0.5023041474654378
0 0.3375 0.6566820276497696 0.071875 0.46543778801843316
0 0.48046875 0.7096774193548387 0.0921875 0.5622119815668203
0 0.67421875 0.39400921658986177 0.0859375 0.5207373271889401
0 0.771875 0.07142857142857142 0.065625 0.14285714285714285
0 0.3609375 0.7811059907834101 0.109375 0.4377880184331797
0 0.43671875 0.423963133640553 0.0921875 0.4423963133640553
0 0.35390625 0.25806451612903225 0.0796875 0.4055299539170507
0 0.93984375 0.46543778801843316 0.1171875 0.5069124423963134