0 0.5609375 0.42857142857142855 0.04375 0.12903225806451613
0 0.528125 0.4815668202764977 0.04375 0.10599078341013825
0 0.684375 0.39631336405529954 0.0375 0.1935483870967742
0 0.47421875 0.41935483870967744 0.0515625 0.12903225806451613
0 0.21796875 0.6267281105990783 0.0328125 0.23963133640552994
0 0.46875 0.5138248847926268 0.053125 0.12442396313364056
0 0.32265625 0.4147465437788018 0.0328125 0.15668202764976957
0 0.315625 0.5944700460829493 0.034375 0.2488479262672811
0 0.53359375 0.6566820276497696 0.0484375 0.17050691244239632
0 0.49140625 0.2764976958525346 0.0390625 0.20276497695852536
0 0.1234375 0.35023041474654376 0.028125 0.23963133640552994
0 0.5734375 0.37327188940092165 0.04375 0.14746543778801843
0 0.45546875 0.684331797235023 0.0421875 0.2534562211981567
0 0.67890625 0.5898617511520737 0.0390625 0.2304147465437788
0 0.6234375 0.7972350230414746 0.05625 0.23963133640552994
0 0.21484375 0.8778801843317973 0.0359375 0.22580645161290322