0 0.31640625 0.391705069124424 0.0578125 0.2119815668202765
0 0.32109375 0.2350230414746544 0.0578125 0.2304147465437788
0 0.41953125 0.08064516129032258 0.0390625 0.16129032258064516
0 0.38359375 0.21428571428571427 0.0421875 0.21658986175115208
0 0.44453125 0.0967741935483871 0.0390625 0.1935483870967742
0 0.8984375 0.8294930875576036 0.05 0.25806451612903225
0 0.390625 0.43548387096774194 0.05625 0.22580645161290322
0 0.471875 0.08755760368663594 0.03125 0.17511520737327188
0 0.434375 0.8594470046082949 0.090625 0.2626728110599078
0 0.15625 0.21889400921658986 0.040625 0.2534562211981567
0 0.24375 0.12903225806451613 0.04375 0.2119815668202765
0 0.653125 0.10829493087557604 0.04375 0.19815668202764977
0 0.925 0.5483870967741935 0.05 0.2304147465437788
0 0.46875 0.5645161290322581 0.0625 0.24423963133640553
0 0.4921875 0.31105990783410137 0.040625 0.2073732718894009