0 0.63125 0.26497695852534564 0.03125 0.0967741935483871
0 0.62734375 0.20046082949308755 0.0265625 0.0967741935483871
0 0.1453125 0.663594470046083 0.025 0.20276497695852536
0 0.47109375 0.6612903225806451 0.0296875 0.17972350230414746
0 0.12890625 0.18433179723502305 0.0265625 0.18433179723502305
0 0.7 0.6244239631336406 0.0375 0.17972350230414746
0 0.74296875 0.27880184331797236 0.0296875 0.22580645161290322
0 0.6140625 0.347926267281106 0.034375 0.1336405529953917
0 0.475 0.7903225806451613 0.03125 0.21658986175115208
0 0.38984375 0.26036866359447003 0.0203125 0.17972350230414746
0 0.6609375 0.41013824884792627 0.0375 0.14746543778801843
0 0.55 0.23732718894009217 0.046875 0.16129032258064516
0 0.56875 0.3686635944700461 0.046875 0.11981566820276497
0 0.590625 0.5 0.04375 0.1336405529953917
0 0.321875 0.03917050691244239 0.025 0.07834101382488479
0 0.5765625 0.03456221198156682 0.0375 0.06912442396313365
0 0.67109375 0.6474654377880185 0.0421875 0.1889400921658986
0 0.73203125 0.7235023041474654 0.0390625 0.18433179723502305