0 0.53671875 0.5092165898617511 0.0515625 0.17972350230414746
0 0.56328125 0.4470046082949309 0.0421875 0.15668202764976957
0 0.54921875 0.22811059907834103 0.0390625 0.1889400921658986
0 0.58359375 0.22350230414746544 0.0328125 0.16129032258064516
0 0.39609375 0.30414746543778803 0.0421875 0.16589861751152074
0 0.36796875 0.38018433179723504 0.0421875 0.1889400921658986
0 0.41953125 0.5046082949308756 0.0515625 0.19815668202764977
0 0.46171875 0.5161290322580645 0.0453125 0.2119815668202765
0 0.05546875 0.6267281105990783 0.0265625 0.22119815668202766
0 0.346875 0.3271889400921659 0.040625 0.16589861751152074
0 0.525 0.7050691244239631 0.040625 0.22119815668202766
0 0.20625 0.3847926267281106 0.03125 0.19815668202764977
0 0.80703125 0.2488479262672811 0.0390625 0.20276497695852536