0 0.4375 0.38940092165898615 0.04375 0.17050691244239632
0 0.146875 0.31105990783410137 0.046875 0.16129032258064516
0 0.38984375 0.7027649769585254 0.0546875 0.2626728110599078
0 0.26015625 0.6543778801843319 0.0421875 0.2304147465437788
0 0.471875 0.543778801843318 0.040625 0.2764976958525346
0 0.5359375 0.7557603686635944 0.06875 0.29493087557603687
0 0.44140625 0.6728110599078341 0.0546875 0.2857142857142857
0 0.38671875 0.46543778801843316 0.0671875 0.23963133640552994
0 0.59765625 0.5852534562211982 0.0609375 0.2488479262672811
1 0.8625 0.1313364055299539 0.034375 0.2626728110599078
0 0.246875 0.8225806451612904 0.053125 0.2995391705069124
0 0.6984375 0.4769585253456221 0.04375 0.22580645161290322
0 0.33203125 0.9262672811059908 0.0546875 0.14746543778801843
0 0.68125 0.6267281105990783 0.08125 0.25806451612903225
0 0.37890625 0.8663594470046083 0.0828125 0.2672811059907834
0 0.48046875 0.8179723502304147 0.0703125 0.3087557603686636