0 0.46171875 0.3064516129032258 0.0484375 0.2995391705069124
0 0.31953125 0.7764976958525346 0.0734375 0.2903225806451613
0 0.4828125 0.6036866359447005 0.05 0.3686635944700461
0 0.35859375 0.2465437788018433 0.0703125 0.3271889400921659
0 0.353125 0.6405529953917051 0.053125 0.30414746543778803
0 0.29921875 0.22811059907834103 0.0515625 0.3548387096774194
0 0.625 0.4930875576036866 0.04375 0.2857142857142857
0 0.41171875 0.35253456221198154 0.0609375 0.3087557603686636
0 0.2359375 0.836405529953917 0.09375 0.17972350230414746
0 0.58046875 0.631336405529954 0.0671875 0.3317972350230415
0 0.6203125 0.06221198156682028 0.06875 0.12442396313364056
0 0.52265625 0.08064516129032258 0.0640625 0.16129032258064516
0 0.87265625 0.9447004608294931 0.0515625 0.11059907834101383
0 0.59375 0.8732718894009217 0.08125 0.2534562211981567