0 0.49375 0.059907834101382486 0.046875 0.11981566820276497
0 0.440625 0.12211981566820276 0.04375 0.24423963133640553
0 0.36171875 0.4078341013824885 0.0609375 0.2534562211981567
0 0.4140625 0.5852534562211982 0.06875 0.25806451612903225
0 0.5421875 0.3433179723502304 0.05 0.28110599078341014
0 0.5953125 0.38940092165898615 0.06875 0.271889400921659
0 0.46796875 0.16820276497695852 0.0609375 0.2534562211981567
0 0.5421875 0.12442396313364056 0.0625 0.23963133640552994
1 0.1359375 0.055299539170506916 0.040625 0.11059907834101383
0 0.37265625 0.5483870967741935 0.0671875 0.2764976958525346
0 0.39140625 0.11981566820276497 0.0546875 0.23963133640552994