0 0.39765625 0.3847926267281106 0.0296875 0.14285714285714285
0 0.2890625 0.31797235023041476 0.03125 0.1935483870967742
0 0.453125 0.4147465437788018 0.040625 0.11981566820276497
0 0.4578125 0.5345622119815668 0.05 0.17511520737327188
0 0.40390625 0.22350230414746544 0.0453125 0.1336405529953917
0 0.265625 0.37557603686635943 0.028125 0.21658986175115208
0 0.92734375 0.5944700460829493 0.0390625 0.22119815668202766
0 0.59296875 0.06221198156682028 0.0296875 0.12442396313364056
0 0.3734375 0.4400921658986175 0.05625 0.21658986175115208
0 0.94140625 0.05069124423963134 0.0296875 0.10138248847926268
0 0.421875 0.08064516129032258 0.0375 0.16129032258064516
0 0.496875 0.18202764976958524 0.05 0.14285714285714285
0 0.4890625 0.2926267281105991 0.05 0.16129032258064516
0 0.49921875 0.8064516129032258 0.0359375 0.20276497695852536
0 0.6078125 0.2557603686635945 0.03125 0.17050691244239632
0 0.3578125 0.7764976958525346 0.046875 0.1889400921658986
0 0.584375 0.4032258064516129 0.034375 0.2073732718894009
0 0.47109375 0.04377880184331797 0.0453125 0.08755760368663594