0 0.028125 0.4147465437788018 0.046875 0.2488479262672811
0 0.08046875 0.967741935483871 0.0640625 0.06451612903225806
0 0.31875 0.2119815668202765 0.078125 0.3225806451612903
0 0.40859375 0.24193548387096775 0.0609375 0.3087557603686636
0 0.41171875 0.9032258064516129 0.0546875 0.1935483870967742
0 0.42734375 0.5023041474654378 0.0671875 0.35023041474654376
0 0.0328125 0.7096774193548387 0.05625 0.43317972350230416
0 0.1984375 0.5829493087557603 0.065625 0.3640552995391705
1 0.10078125 0.1359447004608295 0.0765625 0.271889400921659
0 0.58828125 0.47235023041474655 0.0734375 0.37327188940092165
0 0.34453125 0.41935483870967744 0.0671875 0.3686635944700461
0 0.2453125 0.8294930875576036 0.06875 0.34101382488479265