0 0.61875 0.04377880184331797 0.0375 0.08755760368663594
0 0.5828125 0.12903225806451613 0.040625 0.1382488479262673
0 0.67109375 0.027649769585253458 0.0296875 0.055299539170506916
0 0.57890625 0.195852534562212 0.0578125 0.16129032258064516
0 0.6140625 0.020737327188940093 0.0375 0.041474654377880185
0 0.5796875 0.27880184331797236 0.059375 0.14285714285714285
0 0.63203125 0.5207373271889401 0.0484375 0.2304147465437788
0 0.66796875 0.26036866359447003 0.0390625 0.1889400921658986
0 0.80703125 0.16820276497695852 0.0328125 0.21658986175115208
0 0.58046875 0.3640552995391705 0.0609375 0.16589861751152074
0 0.70078125 0.07834101382488479 0.0359375 0.15668202764976957
0 0.64453125 0.17972350230414746 0.0328125 0.15668202764976957
0 0.67890625 0.12903225806451613 0.0359375 0.12903225806451613
0 0.16015625 0.25806451612903225 0.0359375 0.18433179723502305
0 0.18671875 0.8064516129032258 0.0390625 0.2304147465437788
0 0.36484375 0.543778801843318 0.0359375 0.1935483870967742
0 0.59140625 0.9032258064516129 0.0546875 0.1935483870967742