0 0.44453125 0.41705069124423966 0.0890625 0.2534562211981567
0 0.7171875 0.6428571428571429 0.071875 0.3824884792626728
0 0.60625 0.7811059907834101 0.134375 0.2903225806451613
0 0.76875 0.28110599078341014 0.11875 0.543778801843318
0 0.66953125 0.2626728110599078 0.0859375 0.5253456221198156
0 0.846875 0.33410138248847926 0.1 0.6036866359447005
0 0.9203125 0.1912442396313364 0.10625 0.3824884792626728
0 0.51796875 0.619815668202765 0.1015625 0.6589861751152074
0 0.159375 0.3686635944700461 0.103125 0.5622119815668203
0 0.3296875 0.2926267281105991 0.103125 0.5852534562211982
0 0.83046875 0.7027649769585254 0.1390625 0.5668202764976958
0 0.6078125 0.25806451612903225 0.109375 0.5161290322580645
0 0.2609375 0.728110599078341 0.15 0.543778801843318