0 0.58046875 0.44930875576036866 0.0390625 0.10599078341013825
1 0.2015625 0.2557603686635945 0.028125 0.19815668202764977
0 0.3671875 0.3640552995391705 0.025 0.20276497695852536
0 0.5109375 0.5829493087557603 0.0375 0.2350230414746544
0 0.61015625 0.5852534562211982 0.0421875 0.16589861751152074
0 0.5453125 0.2834101382488479 0.03125 0.14285714285714285
0 0.38125 0.4769585253456221 0.034375 0.21658986175115208
0 0.54453125 0.4377880184331797 0.0390625 0.14746543778801843
0 0.60546875 0.33410138248847926 0.0265625 0.19815668202764977
0 0.51796875 0.195852534562212 0.0328125 0.2073732718894009
0 0.49609375 0.4400921658986175 0.0453125 0.1336405529953917
0 0.78515625 0.3640552995391705 0.0359375 0.20276497695852536
0 0.43359375 0.2304147465437788 0.0296875 0.1935483870967742
0 0.46015625 0.3548387096774194 0.0453125 0.15668202764976957
0 0.2953125 0.5967741935483871 0.028125 0.2350230414746544
0 0.34765625 0.14055299539170507 0.0234375 0.19815668202764977
0 0.55078125 0.14516129032258066 0.0390625 0.17972350230414746
0 0.403125 0.6566820276497696 0.03125 0.2350230414746544