0 0.76796875 0.09353348729792148 0.0359375 0.18706697459584296
0 0.619921875 0.07159353348729793 0.03984375 0.10161662817551963
0 0.787890625 0.1581986143187067 0.03046875 0.19168591224018475
0 0.625390625 0.03002309468822171 0.03828125 0.06004618937644342
0 0.42890625 0.06697459584295612 0.025 0.13394919168591224
1 0.275 0.1235565819861432 0.028125 0.19168591224018475
0 0.626953125 0.22748267898383373 0.03984375 0.15935334872979215
0 0.544140625 0.28868360277136257 0.05859375 0.12471131639722864
0 0.254296875 0.03233256351039261 0.03671875 0.06466512702078522
0 0.689453125 0.31986143187066973 0.03359375 0.17782909930715934
0 0.427734375 0.21939953810623555 0.03046875 0.20785219399538107
0 0.34453125 0.7401847575057737 0.040625 0.19630484988452657
0 0.563671875 0.8637413394919169 0.04140625 0.20323325635103925
0 0.550390625 0.10969976905311778 0.04609375 0.11316397228637413
0 0.244921875 0.3556581986143187 0.05390625 0.17551963048498845
0 0.700390625 0.8464203233256351 0.05859375 0.21939953810623555
0 0.549609375 0.026558891454965358 0.05078125 0.053117782909930716
0 0.650390625 0.710161662817552 0.04609375 0.19168591224018475