0 0.580859375 0.29330254041570436 0.04296875 0.18475750577367206
0 0.5921875 0.07505773672055427 0.0359375 0.13163972286374134
0 0.594921875 0.026558891454965358 0.02734375 0.053117782909930716
0 0.7578125 0.08314087759815242 0.0296875 0.16166281755196305
0 0.77109375 0.1720554272517321 0.0359375 0.17321016166281755
0 0.55234375 0.10508083140877598 0.059375 0.17782909930715934
0 0.61640625 0.04734411085450346 0.03125 0.09468822170900693
1 0.273046875 0.14434180138568128 0.02734375 0.19630484988452657
0 0.559765625 0.8822170900692841 0.04140625 0.20323325635103925
0 0.67890625 0.871824480369515 0.040625 0.22401847575057737
0 0.371875 0.5207852193995381 0.0328125 0.19168591224018475
0 0.45859375 0.09237875288683603 0.0328125 0.17551963048498845
0 0.692578125 0.581986143187067 0.03359375 0.22632794457274827
0 0.609765625 0.7401847575057737 0.04609375 0.18706697459584296
0 0.332421875 0.7609699769053118 0.03984375 0.19630484988452657
0 0.430078125 0.35450346420323325 0.03203125 0.19168591224018475
0 0.62109375 0.23441108545034642 0.0453125 0.18706697459584296
0 0.3125 0.04849884526558892 0.040625 0.09699769053117784