0 0.59140625 0.2119815668202765 0.0484375 0.14746543778801843
0 0.53125 0.0967741935483871 0.04375 0.16589861751152074
0 0.61328125 0.30414746543778803 0.0390625 0.2488479262672811
1 0.98828125 0.052995391705069124 0.0234375 0.10599078341013825
0 0.63828125 0.195852534562212 0.0328125 0.2073732718894009
0 0.528125 0.22580645161290322 0.05 0.1382488479262673
0 0.63046875 0.052995391705069124 0.0328125 0.10599078341013825
0 0.25078125 0.7327188940092166 0.0328125 0.25806451612903225
1 0.33984375 0.16589861751152074 0.0328125 0.18433179723502305
0 0.4953125 0.3824884792626728 0.0375 0.14746543778801843
0 0.4234375 0.21889400921658986 0.028125 0.21658986175115208
0 0.42109375 0.44930875576036866 0.0296875 0.21658986175115208
0 0.61640625 0.5552995391705069 0.0484375 0.2073732718894009
0 0.59765625 0.8433179723502304 0.0578125 0.20276497695852536
0 0.06015625 0.1912442396313364 0.0421875 0.22580645161290322
0 0.79609375 0.315668202764977 0.0359375 0.19815668202764977