0 0.4703125 0.532258064516129 0.046875 0.2350230414746544
0 0.446875 0.5829493087557603 0.0375 0.2350230414746544
0 0.47109375 0.4216589861751152 0.0484375 0.19815668202764977
0 0.43359375 0.2119815668202765 0.0390625 0.16589861751152074
0 0.41484375 0.4930875576036866 0.0453125 0.2488479262672811
0 0.34609375 0.3433179723502304 0.0390625 0.17050691244239632
1 0.87578125 0.10138248847926268 0.0234375 0.20276497695852536
0 0.4828125 0.33410138248847926 0.053125 0.19815668202764977
0 0.3171875 0.7373271889400922 0.0375 0.23963133640552994
0 0.01796875 0.4838709677419355 0.0359375 0.2488479262672811
0 0.21875 0.04608294930875576 0.03125 0.09216589861751152
0 0.58203125 0.41935483870967744 0.0390625 0.22119815668202766
0 0.36875 0.04608294930875576 0.046875 0.09216589861751152
0 0.6625 0.43317972350230416 0.053125 0.23963133640552994