0 0.228125 0.31797235023041476 0.034375 0.10138248847926268
0 0.6640625 0.08755760368663594 0.03125 0.11059907834101383
0 0.64140625 0.029953917050691243 0.0359375 0.059907834101382486
0 0.18984375 0.07834101382488479 0.0328125 0.11981566820276497
0 0.8171875 0.8847926267281107 0.040625 0.16589861751152074
0 0.72890625 0.41244239631336405 0.0265625 0.1336405529953917
0 0.75 0.5092165898617511 0.028125 0.15207373271889402
0 0.7484375 0.17972350230414746 0.021875 0.15668202764976957
0 0.7765625 0.631336405529954 0.028125 0.14746543778801843
0 0.22265625 0.5645161290322581 0.0390625 0.17972350230414746
0 0.7984375 0.7511520737327189 0.0375 0.15668202764976957
0 0.68203125 0.20276497695852536 0.0359375 0.10138248847926268
0 0.26796875 0.8317972350230415 0.0359375 0.17972350230414746