0 0.36640625 0.14746543778801843 0.0546875 0.2764976958525346
0 0.465625 0.5368663594470046 0.05 0.2903225806451613
0 0.53984375 0.11290322580645161 0.0515625 0.22580645161290322
0 0.55703125 0.49539170506912444 0.0484375 0.24423963133640553
0 0.490625 0.1152073732718894 0.0375 0.2304147465437788
0 0.5078125 0.5967741935483871 0.0625 0.3087557603686636
0 0.45546875 0.1497695852534562 0.0609375 0.2995391705069124
0 0.3953125 0.1336405529953917 0.053125 0.2672811059907834
0 0.58515625 0.1382488479262673 0.0671875 0.2764976958525346
0 0.321875 0.11059907834101383 0.059375 0.22119815668202766
0 0.68671875 0.18433179723502305 0.0453125 0.3317972350230415
1 0.9203125 0.14516129032258066 0.04375 0.2903225806451613