0 0.43828125 0.1382488479262673 0.0390625 0.10138248847926268
0 0.38359375 0.04377880184331797 0.0328125 0.08755760368663594
0 0.39609375 0.1382488479262673 0.0328125 0.12903225806451613
0 0.45078125 0.08294930875576037 0.0453125 0.11981566820276497
0 0.37109375 0.20276497695852536 0.0296875 0.15668202764976957
0 0.5421875 0.07834101382488479 0.028125 0.15668202764976957
0 0.2390625 0.1497695852534562 0.034375 0.17050691244239632
0 0.553125 0.1935483870967742 0.028125 0.2119815668202765
0 0.34453125 0.24193548387096775 0.0359375 0.15207373271889402
0 0.44375 0.24423963133640553 0.040625 0.14746543778801843
0 0.33828125 0.4930875576036866 0.0359375 0.17511520737327188
1 0.63203125 0.1152073732718894 0.0265625 0.16589861751152074
0 0.7109375 0.2926267281105991 0.021875 0.19815668202764977
0 0.6828125 0.027649769585253458 0.028125 0.055299539170506916
0 0.6421875 0.9101382488479263 0.034375 0.17972350230414746
0 0.55390625 0.45852534562211983 0.0328125 0.1889400921658986
0 0.3484375 0.9147465437788018 0.05625 0.17050691244239632