1 0.05 0.43317972350230416 0.0375 0.3225806451612903
0 0.44296875 0.7465437788018433 0.0515625 0.18433179723502305
0 0.3671875 0.631336405529954 0.04375 0.2672811059907834
0 0.3609375 0.8640552995391705 0.05 0.2534562211981567
0 0.44140625 0.8870967741935484 0.0796875 0.22580645161290322
0 0.4546875 0.5921658986175116 0.046875 0.2626728110599078
0 0.4046875 0.6036866359447005 0.040625 0.2672811059907834
0 0.83359375 0.33640552995391704 0.0453125 0.3225806451612903
0 0.41953125 0.14285714285714285 0.0421875 0.2857142857142857
0 0.57890625 0.3433179723502304 0.0546875 0.3456221198156682
0 0.10234375 0.5990783410138248 0.0546875 0.3225806451612903
0 0.584375 0.9032258064516129 0.040625 0.1935483870967742
0 0.22421875 0.4861751152073733 0.0421875 0.33640552995391704
0 0.31796875 0.1543778801843318 0.0390625 0.2903225806451613