0 0.646875 0.5207373271889401 0.0625 0.35023041474654376
0 0.64140625 0.38018433179723504 0.0796875 0.2534562211981567
0 0.1734375 0.652073732718894 0.046875 0.33640552995391704
0 0.4890625 0.6728110599078341 0.053125 0.34101382488479265
0 0.59765625 0.511520737327189 0.0546875 0.2857142857142857
0 0.73359375 0.8986175115207373 0.0421875 0.15668202764976957
1 0.334375 0.8202764976958525 0.046875 0.35944700460829493
0 0.5234375 0.3686635944700461 0.053125 0.29493087557603687
0 0.5796875 0.804147465437788 0.075 0.391705069124424
0 0.77578125 0.619815668202765 0.0484375 0.3271889400921659
0 0.1171875 0.8179723502304147 0.05625 0.33640552995391704
0 0.22109375 0.26036866359447003 0.0546875 0.271889400921659
0 0.121875 0.2995391705069124 0.065625 0.29493087557603687
0 0.27578125 0.9285714285714286 0.0484375 0.14285714285714285