0 0.66953125 0.3064516129032258 0.0421875 0.14285714285714285
0 0.64765625 0.3317972350230415 0.0421875 0.09216589861751152
0 0.6765625 0.2695852534562212 0.05 0.14285714285714285
0 0.6 0.31797235023041476 0.05 0.14746543778801843
0 0.6109375 0.22811059907834103 0.046875 0.1152073732718894
0 0.4953125 0.2465437788018433 0.034375 0.12442396313364056
0 0.66015625 0.6543778801843319 0.0484375 0.16589861751152074
0 0.47734375 0.3617511520737327 0.0359375 0.16129032258064516
0 0.65703125 0.45622119815668205 0.0484375 0.2119815668202765
1 0.37265625 0.31797235023041476 0.0328125 0.18433179723502305
0 0.63515625 0.8110599078341014 0.0640625 0.20276497695852536
0 0.2515625 0.08755760368663594 0.03125 0.17511520737327188
0 0.81171875 0.35714285714285715 0.0390625 0.2350230414746544
0 0.9125 0.3709677419354839 0.034375 0.22580645161290322
0 0.575 0.48847926267281105 0.04375 0.1935483870967742
0 0.734375 0.4838709677419355 0.04375 0.18433179723502305
0 0.70234375 0.016129032258064516 0.0484375 0.03225806451612903
0 0.36875 0.016129032258064516 0.034375 0.03225806451612903
0 0.2546875 0.5806451612903226 0.0375 0.2119815668202765
0 0.2796875 0.783410138248848 0.0375 0.2119815668202765
0 0.45625 0.5414746543778802 0.0375 0.21658986175115208