0 0.653125 0.30414746543778803 0.040625 0.09216589861751152
0 0.62734375 0.4377880184331797 0.0421875 0.14746543778801843
0 0.81328125 0.4009216589861751 0.0296875 0.23963133640552994
0 0.659375 0.8179723502304147 0.065625 0.22580645161290322
0 0.5703125 0.3686635944700461 0.05 0.11981566820276497
0 0.6578125 0.5253456221198156 0.040625 0.20276497695852536
0 0.834375 0.3663594470046083 0.03125 0.2073732718894009
0 0.56796875 0.4700460829493088 0.0484375 0.12903225806451613
1 0.340625 0.4009216589861751 0.028125 0.22119815668202766
0 0.56640625 0.5852534562211982 0.0609375 0.14746543778801843
0 0.70625 0.663594470046083 0.05625 0.1935483870967742
0 0.46328125 0.22811059907834103 0.0328125 0.22580645161290322
0 0.3734375 0.08525345622119816 0.028125 0.17050691244239632
0 0.70859375 0.08064516129032258 0.0453125 0.16129032258064516
0 0.4015625 0.619815668202765 0.040625 0.21658986175115208
0 0.2078125 0.5368663594470046 0.034375 0.2073732718894009
0 0.453125 0.4838709677419355 0.034375 0.20276497695852536
0 0.334375 0.8548387096774194 0.04375 0.21658986175115208