0 0.5734375 0.4400921658986175 0.04375 0.17972350230414746
1 0.99296875 0.03686635944700461 0.0140625 0.07373271889400922
0 0.5421875 0.29493087557603687 0.0375 0.11981566820276497
0 0.50390625 0.33410138248847926 0.0421875 0.19815668202764977
0 0.4859375 0.5276497695852534 0.040625 0.2073732718894009
0 0.71015625 0.37557603686635943 0.0484375 0.22580645161290322
1 0.2625 0.4400921658986175 0.03125 0.2073732718894009
0 0.25859375 0.18663594470046083 0.0359375 0.17050691244239632
0 0.44453125 0.29723502304147464 0.0421875 0.2073732718894009
0 0.303125 0.6267281105990783 0.040625 0.1935483870967742
0 0.40703125 0.8755760368663594 0.0609375 0.2119815668202765
0 0.159375 0.8986175115207373 0.046875 0.20276497695852536