0 0.59921875 0.41013824884792627 0.0453125 0.1935483870967742
0 0.61484375 0.31336405529953915 0.0421875 0.09216589861751152
0 0.43046875 0.26036866359447003 0.0328125 0.17050691244239632
0 0.63671875 0.46543778801843316 0.0453125 0.20276497695852536
0 0.61171875 0.2488479262672811 0.0421875 0.08294930875576037
0 0.52421875 0.25806451612903225 0.0546875 0.12903225806451613
0 0.54921875 0.5391705069124424 0.0484375 0.20276497695852536
0 0.54921875 0.4400921658986175 0.0546875 0.12442396313364056
0 0.54296875 0.34101382488479265 0.0515625 0.1382488479262673
1 0.303125 0.35253456221198154 0.03125 0.21658986175115208
0 0.778125 0.33410138248847926 0.03125 0.2350230414746544
0 0.434375 0.4009216589861751 0.03125 0.1935483870967742
0 0.68203125 0.2695852534562212 0.0390625 0.17050691244239632
0 0.6484375 0.7580645161290323 0.059375 0.24423963133640553
0 0.4109375 0.09216589861751152 0.028125 0.18433179723502305
0 0.1765625 0.1382488479262673 0.034375 0.18433179723502305
0 0.228125 0.5161290322580645 0.0375 0.2119815668202765
0 0.86171875 0.4147465437788018 0.0390625 0.2119815668202765
0 0.709375 0.07834101382488479 0.05 0.15668202764976957
0 0.2828125 0.771889400921659 0.0375 0.21658986175115208