0 0.50703125 0.41013824884792627 0.0765625 0.14746543778801843
0 0.4765625 0.5391705069124424 0.04375 0.20276497695852536
0 0.61484375 0.4308755760368664 0.0640625 0.19815668202764977
0 0.4125 0.5783410138248848 0.05625 0.2534562211981567
0 0.58828125 0.34101382488479265 0.0421875 0.20276497695852536
0 0.8140625 0.3271889400921659 0.053125 0.2304147465437788
1 0.0640625 0.30414746543778803 0.046875 0.2488479262672811
0 0.821875 0.8179723502304147 0.05625 0.3087557603686636
0 0.4 0.21658986175115208 0.053125 0.2672811059907834
0 0.44296875 0.6497695852534562 0.0578125 0.30414746543778803
0 0.56640625 0.19815668202764977 0.0453125 0.2119815668202765
0 0.4984375 0.7511520737327189 0.05 0.2764976958525346
0 0.328125 0.4216589861751152 0.034375 0.19815668202764977
0 0.190625 0.5529953917050692 0.059375 0.2304147465437788
0 0.65546875 0.20276497695852536 0.0453125 0.2119815668202765