0 0.3953125 0.46774193548387094 0.046875 0.15207373271889402
0 0.4203125 0.31336405529953915 0.040625 0.11059907834101383
0 0.44140625 0.20506912442396313 0.0421875 0.1336405529953917
0 0.3859375 0.3617511520737327 0.0375 0.1336405529953917
0 0.43046875 0.4078341013824885 0.0421875 0.16129032258064516
0 0.47734375 0.5276497695852534 0.0578125 0.16129032258064516
0 0.9125 0.3870967741935484 0.0375 0.2488479262672811
0 0.57578125 0.17050691244239632 0.0359375 0.17511520737327188
0 0.490625 0.41244239631336405 0.046875 0.15207373271889402
0 0.46796875 0.6175115207373272 0.0671875 0.16589861751152074
0 0.38359375 0.5368663594470046 0.0515625 0.17050691244239632
0 0.5578125 0.7926267281105991 0.040625 0.2672811059907834
0 0.575 0.3709677419354839 0.034375 0.2534562211981567
0 0.50390625 0.2903225806451613 0.0484375 0.15668202764976957
0 0.16953125 0.3456221198156682 0.0390625 0.2119815668202765
0 0.52265625 0.17511520737327188 0.0609375 0.12903225806451613
0 0.6328125 0.2557603686635945 0.040625 0.22580645161290322
0 0.54921875 0.05069124423963134 0.0359375 0.10138248847926268
0 0.4421875 0.03917050691244239 0.046875 0.07834101382488479
0 0.33984375 0.7119815668202765 0.0640625 0.2350230414746544
0 0.29375 0.2350230414746544 0.040625 0.1935483870967742