0 0.83046875 0.27041602465331277 0.09427083333333333 0.5038520801232665
0 0.8770833333333333 0.4083204930662558 0.10833333333333334 0.5115562403697997
0 0.9705729166666667 0.24422187981510016 0.0578125 0.4884437596302003
0 0.73046875 0.15254237288135594 0.11822916666666666 0.3050847457627119
0 0.33255208333333336 0.3682588597842835 0.0984375 0.43759630200308164
0 0.48098958333333336 0.23112480739599384 0.12447916666666667 0.4036979969183359
0 0.6916666666666667 0.6533127889060092 0.1375 0.4252696456086287
0 0.5875 0.401386748844376 0.10416666666666667 0.49768875192604006
0 0.6708333333333333 0.8728813559322034 0.0875 0.2542372881355932
0 0.44114583333333335 0.35285053929121724 0.11041666666666666 0.41910631741140214
0 0.7315104166666667 0.48921417565485364 0.1296875 0.5346687211093991