0 0.75 0.2880184331797235 0.03125 0.1336405529953917
0 0.77109375 0.2626728110599078 0.0328125 0.12903225806451613
0 0.76328125 0.4792626728110599 0.0296875 0.16589861751152074
0 0.7015625 0.4930875576036866 0.0375 0.17511520737327188
0 0.56171875 0.684331797235023 0.0328125 0.16129032258064516
0 0.80078125 0.8940092165898618 0.0328125 0.18433179723502305
0 0.7484375 0.7258064516129032 0.0375 0.14285714285714285
0 0.7140625 0.631336405529954 0.034375 0.14746543778801843
0 0.23984375 0.2764976958525346 0.0234375 0.15668202764976957
0 0.84375 0.35944700460829493 0.03125 0.17511520737327188
0 0.71875 0.10368663594470046 0.03125 0.14285714285714285
0 0.5703125 0.12442396313364056 0.025 0.14746543778801843
0 0.35625 0.41935483870967744 0.025 0.17511520737327188
0 0.49921875 0.9009216589861752 0.0328125 0.17972350230414746