0 0.5140625 0.41013824884792627 0.04375 0.12903225806451613
0 0.45078125 0.3317972350230415 0.0453125 0.20276497695852536
0 0.52890625 0.3317972350230415 0.0421875 0.2119815668202765
0 0.5328125 0.5483870967741935 0.065625 0.2488479262672811
0 0.64921875 0.1359447004608295 0.0359375 0.22580645161290322
0 0.9859375 0.1382488479262673 0.028125 0.2488479262672811
0 0.34296875 0.37557603686635943 0.0453125 0.1889400921658986
0 0.43203125 0.018433179723502304 0.0546875 0.03686635944700461
0 0.4921875 0.2350230414746544 0.040625 0.18433179723502305
0 0.4421875 0.5276497695852534 0.046875 0.2350230414746544
0 0.403125 0.3087557603686636 0.0625 0.23963133640552994
0 0.496875 0.08986175115207373 0.0375 0.17972350230414746
0 0.55625 0.018433179723502304 0.03125 0.03686635944700461
0 0.309375 0.41935483870967744 0.040625 0.25806451612903225
0 0.903125 0.8986175115207373 0.05 0.20276497695852536
0 0.56015625 0.7004608294930875 0.0703125 0.23963133640552994
0 0.82265625 0.6175115207373272 0.0484375 0.23963133640552994
0 0.71015625 0.347926267281106 0.0359375 0.24423963133640553
0 0.53671875 0.8986175115207373 0.0796875 0.20276497695852536