0 0.3671875 0.2926267281105991 0.0375 0.1336405529953917
0 0.42265625 0.06221198156682028 0.0390625 0.12442396313364056
0 0.62265625 0.27880184331797236 0.0453125 0.1889400921658986
0 0.5484375 0.059907834101382486 0.03125 0.11981566820276497
0 0.45078125 0.029953917050691243 0.0359375 0.059907834101382486
0 0.53515625 0.18433179723502305 0.0296875 0.16589861751152074
0 0.759375 0.21889400921658986 0.034375 0.17050691244239632
0 0.5015625 0.5576036866359447 0.034375 0.22119815668202766
0 0.3671875 0.41935483870967744 0.0375 0.18433179723502305
0 0.26484375 0.4032258064516129 0.0390625 0.1889400921658986
0 0.40625 0.42626728110599077 0.0375 0.17050691244239632
1 0.09296875 0.0967741935483871 0.0359375 0.1935483870967742
1 0.0578125 0.7880184331797235 0.034375 0.2488479262672811
0 0.49609375 0.1336405529953917 0.0296875 0.18433179723502305
0 0.66875 0.08755760368663594 0.034375 0.17511520737327188
0 0.184375 0.5276497695852534 0.040625 0.21658986175115208
0 0.87265625 0.6082949308755761 0.0421875 0.1935483870967742