0 0.47109375 0.315668202764977 0.0390625 0.14285714285714285
0 0.6828125 0.2534562211981567 0.0375 0.18433179723502305
0 0.109375 0.029953917050691243 0.0375 0.059907834101382486
0 0.4328125 0.41935483870967744 0.040625 0.2488479262672811
0 0.09140625 0.6152073732718893 0.0421875 0.271889400921659
0 0.06015625 0.29493087557603687 0.0359375 0.25806451612903225
1 0.95390625 0.06221198156682028 0.0328125 0.12442396313364056
0 0.4875 0.5783410138248848 0.0625 0.22580645161290322
0 0.52421875 0.3225806451612903 0.0515625 0.2672811059907834
0 0.5171875 0.5138248847926268 0.059375 0.2626728110599078
0 0.634375 0.26036866359447003 0.05625 0.19815668202764977
0 0.24296875 0.45852534562211983 0.0390625 0.271889400921659
0 0.80625 0.42857142857142855 0.059375 0.2304147465437788