0 0.48203125 0.055299539170506916 0.0421875 0.11059907834101383
0 0.52890625 0.18433179723502305 0.0421875 0.22119815668202766
0 0.41875 0.14516129032258066 0.0375 0.2903225806451613
0 0.56328125 0.12903225806451613 0.0515625 0.2304147465437788
0 0.334375 0.029953917050691243 0.028125 0.059907834101382486
0 0.5546875 0.195852534562212 0.040625 0.2626728110599078
0 0.4953125 0.23271889400921658 0.053125 0.28110599078341014
0 0.2234375 0.1382488479262673 0.040625 0.2764976958525346
1 0.68359375 0.0944700460829493 0.0390625 0.1889400921658986
0 0.39609375 0.2626728110599078 0.0421875 0.35023041474654376
0 0.48125 0.2903225806451613 0.053125 0.2857142857142857
1 0.82421875 0.2304147465437788 0.0546875 0.31336405529953915
0 0.90625 0.14055299539170507 0.034375 0.28110599078341014
0 0.33125 0.20276497695852536 0.034375 0.3317972350230415