0 0.01015625 0.35714285714285715 0.0203125 0.2350230414746544
0 0.4515625 0.41013824884792627 0.034375 0.2304147465437788
0 0.5671875 0.2672811059907834 0.046875 0.12903225806451613
0 0.69765625 0.12211981566820276 0.0328125 0.24423963133640553
0 0.46171875 0.2557603686635945 0.0421875 0.12442396313364056
0 0.53984375 0.2304147465437788 0.0359375 0.14746543778801843
0 0.50703125 0.20046082949308755 0.0390625 0.17972350230414746
0 0.43515625 0.2119815668202765 0.0609375 0.14746543778801843
0 0.57734375 0.38018433179723504 0.0578125 0.21658986175115208
0 0.34765625 0.20046082949308755 0.0265625 0.24423963133640553
0 0.47734375 0.6244239631336406 0.0296875 0.2534562211981567
0 0.56328125 0.8894009216589862 0.0296875 0.22119815668202766
0 0.3078125 0.1175115207373272 0.03125 0.22580645161290322
0 0.39140625 0.07373271889400922 0.0421875 0.14746543778801843
0 0.76640625 0.8917050691244239 0.0671875 0.21658986175115208
0 0.66015625 0.5875576036866359 0.0609375 0.2350230414746544