0 0.5625 0.2857142857142857 0.046875 0.18433179723502305
0 0.62109375 0.195852534562212 0.0453125 0.16129032258064516
0 0.5203125 0.1497695852534562 0.04375 0.0967741935483871
0 0.515625 0.2350230414746544 0.04375 0.16589861751152074
0 0.5875 0.38940092165898615 0.05625 0.21658986175115208
0 0.62265625 0.06682027649769585 0.0359375 0.1336405529953917
0 0.36171875 0.07142857142857142 0.0234375 0.14285714285714285
0 0.48828125 0.6382488479262672 0.0515625 0.2534562211981567
0 0.12734375 0.42857142857142855 0.0265625 0.23963133640552994
0 0.64140625 0.15898617511520738 0.0484375 0.22580645161290322
0 0.125 0.6912442396313364 0.04375 0.31336405529953915
0 0.48828125 0.2995391705069124 0.0421875 0.2119815668202765
0 0.4546875 0.43317972350230416 0.053125 0.22119815668202766
0 0.3234375 0.6359447004608295 0.034375 0.2857142857142857
0 0.353125 0.2695852534562212 0.03125 0.2626728110599078
0 0.42890625 0.11059907834101383 0.0265625 0.22119815668202766
0 0.5265625 0.7096774193548387 0.059375 0.2672811059907834
0 0.21796875 0.14746543778801843 0.0265625 0.2304147465437788
0 0.8609375 0.29493087557603687 0.040625 0.23963133640552994