0 0.4578125 0.26036866359447003 0.05625 0.1336405529953917
0 0.43046875 0.22350230414746544 0.0578125 0.17050691244239632
0 0.51484375 0.21428571428571427 0.0578125 0.17050691244239632
0 0.4984375 0.08986175115207373 0.046875 0.1336405529953917
0 0.66328125 0.34101382488479265 0.0484375 0.22119815668202766
0 0.43359375 0.46543778801843316 0.0546875 0.2764976958525346
0 0.640625 0.18663594470046083 0.040625 0.2350230414746544
0 0.78828125 0.7396313364055299 0.0484375 0.31797235023041476
0 0.2515625 0.271889400921659 0.028125 0.31336405529953915
0 0.40859375 0.1728110599078341 0.0546875 0.16129032258064516
0 0.34609375 0.28110599078341014 0.0453125 0.29493087557603687
0 0.56484375 0.08064516129032258 0.0390625 0.16129032258064516
0 0.53046875 0.33640552995391704 0.0671875 0.1935483870967742
0 0.65859375 0.511520737327189 0.0453125 0.2764976958525346
0 0.56640625 0.4608294930875576 0.0703125 0.1935483870967742
0 0.496875 0.7511520737327189 0.059375 0.30414746543778803
0 0.19453125 0.2350230414746544 0.0453125 0.2488479262672811
0 0.37890625 0.027649769585253458 0.0578125 0.055299539170506916