0 0.5890625 0.22580645161290322 0.025 0.17511520737327188
1 0.3171875 0.26036866359447003 0.034375 0.16129032258064516
0 0.5390625 0.30414746543778803 0.034375 0.17511520737327188
0 0.625 0.4976958525345622 0.040625 0.15668202764976957
0 0.67578125 0.16820276497695852 0.0203125 0.15207373271889402
1 0.903125 0.018433179723502304 0.021875 0.03686635944700461
0 0.5171875 0.12442396313364056 0.034375 0.1382488479262673
0 0.69375 0.23963133640552994 0.025 0.16589861751152074
0 0.4609375 0.4377880184331797 0.025 0.17511520737327188
0 0.265625 0.5230414746543779 0.028125 0.15207373271889402
0 0.62109375 0.2557603686635945 0.0234375 0.17050691244239632
0 0.43984375 0.19815668202764977 0.0390625 0.14746543778801843
0 0.65390625 0.8755760368663594 0.0484375 0.17511520737327188
0 0.56875 0.8986175115207373 0.05 0.18433179723502305