0 0.671875 0.3778801843317972 0.05 0.20276497695852536
0 0.24765625 0.4377880184331797 0.0328125 0.2119815668202765
0 0.1015625 0.8709677419354839 0.0375 0.2304147465437788
0 0.08046875 0.6474654377880185 0.0390625 0.2073732718894009
0 0.17734375 0.04838709677419355 0.0328125 0.0967741935483871
0 0.02734375 0.12903225806451613 0.0421875 0.20276497695852536
0 0.26328125 0.14055299539170507 0.0359375 0.19815668202764977
0 0.23828125 0.20967741935483872 0.0421875 0.2350230414746544
0 0.2421875 0.8940092165898618 0.053125 0.2119815668202765
0 0.06796875 0.2534562211981567 0.0390625 0.20276497695852536
0 0.01796875 0.5852534562211982 0.0359375 0.22119815668202766
1 0.7609375 0.08064516129032258 0.0375 0.16129032258064516
0 0.353125 0.5207373271889401 0.075 0.16589861751152074
1 0.91796875 0.7995391705069125 0.0578125 0.2626728110599078
0 0.55390625 0.3778801843317972 0.0515625 0.2119815668202765
0 0.5015625 0.3847926267281106 0.04375 0.21658986175115208
0 0.16875 0.836405529953917 0.071875 0.2903225806451613
0 0.16796875 0.4470046082949309 0.0578125 0.22119815668202766
0 0.75546875 0.3847926267281106 0.0484375 0.19815668202764977
0 0.42890625 0.46774193548387094 0.0484375 0.1889400921658986