0 0.38046875 0.38940092165898615 0.0359375 0.14285714285714285
0 0.36015625 0.3847926267281106 0.0578125 0.22580645161290322
0 0.21640625 0.5230414746543779 0.0359375 0.2626728110599078
0 0.44609375 0.5483870967741935 0.0546875 0.2304147465437788
0 0.7203125 0.3778801843317972 0.0375 0.14746543778801843
0 0.35859375 0.5806451612903226 0.0703125 0.23963133640552994
0 0.35859375 0.1889400921658986 0.0421875 0.15668202764976957
0 0.446875 0.4055299539170507 0.05625 0.22119815668202766
0 0.9609375 0.08064516129032258 0.03125 0.16129032258064516
0 0.6734375 0.04838709677419355 0.025 0.0967741935483871
0 0.884375 0.8940092165898618 0.040625 0.2119815668202765
1 0.76875 0.5069124423963134 0.0375 0.23963133640552994
0 0.37109375 0.06221198156682028 0.0515625 0.12442396313364056
0 0.44453125 0.6451612903225806 0.0640625 0.23963133640552994
0 0.71640625 0.5460829493087558 0.0390625 0.24423963133640553
0 0.73359375 0.20276497695852536 0.0328125 0.18433179723502305
0 0.4703125 0.9009216589861752 0.06875 0.19815668202764977