0 0.3984375 0.08755760368663594 0.034375 0.14746543778801843
0 0.4328125 0.0967741935483871 0.034375 0.18433179723502305
0 0.38828125 0.2834101382488479 0.0484375 0.22580645161290322
0 0.49140625 0.31105990783410137 0.0640625 0.24423963133640553
1 0.8453125 0.31105990783410137 0.034375 0.2903225806451613
0 0.46875 0.08064516129032258 0.04375 0.16129032258064516
0 0.86015625 0.4539170506912442 0.0421875 0.271889400921659
0 0.41640625 0.24423963133640553 0.0734375 0.23963133640552994
0 0.88125 0.9078341013824884 0.0375 0.18433179723502305
0 0.45703125 0.5276497695852534 0.0484375 0.271889400921659
0 0.42890625 0.4700460829493088 0.0421875 0.2764976958525346
0 0.64609375 0.3294930875576037 0.0421875 0.271889400921659
0 0.55234375 0.16359447004608296 0.0640625 0.2350230414746544
0 0.33125 0.2926267281105991 0.05 0.2626728110599078
0 0.76640625 0.8548387096774194 0.0453125 0.2903225806451613