0 0.029947916666666668 0.9360554699537751 0.059895833333333336 0.12788906009244994
0 0.5552083333333333 0.39445300462249616 0.03958333333333333 0.3204930662557781
0 0.1421875 0.8628659476117103 0.057291666666666664 0.27426810477657937
0 0.7130208333333333 0.9106317411402157 0.04791666666666667 0.17873651771956856
0 0.17395833333333333 0.6833590138674884 0.06458333333333334 0.3559322033898305
1 0.5015625 0.08320493066255778 0.053125 0.16640986132511557
0 0.7473958333333334 0.7704160246533128 0.04479166666666667 0.3389830508474576
0 0.5752604166666667 0.4676425269645609 0.06927083333333334 0.18952234206471494
0 0.6830729166666667 0.1517719568567026 0.058854166666666666 0.23266563944530047
0 0.22213541666666667 0.9229583975346687 0.0546875 0.15408320493066255
0 0.6765625 0.8952234206471494 0.04895833333333333 0.20955315870570107
0 0.840625 0.7611710323574731 0.05520833333333333 0.3235747303543914
0 0.7294270833333333 0.23035439137134053 0.0734375 0.26040061633281975