0 0.5065104166666666 0.4637904468412943 0.07864583333333333 0.18489984591679506
0 0.63828125 0.6902927580893683 0.049479166666666664 0.16640986132511557
0 0.5505208333333333 0.4768875192604006 0.078125 0.22650231124807396
0 0.81015625 0.5755007704160247 0.03697916666666667 0.2110939907550077
0 0.30885416666666665 0.5169491525423728 0.06041666666666667 0.1864406779661017
0 0.7903645833333334 0.7526964560862865 0.05677083333333333 0.24191063174114022
0 0.6341145833333334 0.25654853620955315 0.05572916666666667 0.2172573189522342
0 0.6625 0.8297380585516179 0.059375 0.23882896764252695
0 0.7911458333333333 0.32280431432973805 0.06770833333333333 0.20184899845916796
0 0.7481770833333333 0.29738058551617874 0.04010416666666667 0.21571648690292758
0 0.7364583333333333 0.6055469953775039 0.04479166666666667 0.21263482280431434
0 0.9682291666666667 0.23959938366718028 0.03958333333333333 0.22650231124807396
0 0.8973958333333333 0.6579352850539292 0.046875 0.2588597842835131
0 0.8421875 0.5338983050847458 0.04791666666666667 0.22650231124807396
0 0.44765625 0.5292758089368259 0.0484375 0.2295839753466872
0 0.68046875 0.6371340523882897 0.0453125 0.2172573189522342