0 0.34921875 0.20801232665639446 0.0359375 0.19106317411402157
0 0.45 0.2727272727272727 0.030208333333333334 0.21263482280431434
0 0.33098958333333334 0.2172573189522342 0.033854166666666664 0.1510015408320493
0 0.42526041666666664 0.24499229583975346 0.04010416666666667 0.21263482280431434
0 0.42630208333333336 0.09476117103235747 0.04010416666666667 0.18952234206471494
0 0.28671875 0.31432973805855163 0.0390625 0.17565485362095531
0 0.32890625 0.3366718027734977 0.0234375 0.18335901386748846
0 0.6052083333333333 0.33281972265023113 0.04583333333333333 0.20030816640986132
0 0.7955729166666666 0.5924499229583975 0.050520833333333334 0.2295839753466872
0 0.86171875 0.6363636363636364 0.0515625 0.2280431432973806
0 0.49322916666666666 0.17411402157164868 0.036458333333333336 0.1694915254237288
0 0.646875 0.1448382126348228 0.026041666666666668 0.19106317411402157