0 0.853515625 0.08198614318706697 0.04296875 0.16397228637413394
0 0.382421875 0.4722863741339492 0.05546875 0.23325635103926096
0 0.5828125 0.31755196304849886 0.0421875 0.21939953810623555
0 0.566796875 0.5623556581986143 0.05078125 0.19630484988452657
0 0.67421875 0.3625866050808314 0.0390625 0.2586605080831409
0 0.458984375 0.3510392609699769 0.03671875 0.23094688221709006
0 0.644921875 0.33602771362586603 0.04140625 0.21478060046189376
0 0.63515625 0.5739030023094688 0.0390625 0.21478060046189376
0 0.877734375 0.3140877598152425 0.04296875 0.24942263279445728
0 0.948046875 0.7136258660508084 0.05234375 0.23094688221709006
0 0.603515625 0.9041570438799076 0.05234375 0.19168591224018475
0 0.7796875 0.48036951501154734 0.0421875 0.20785219399538107
0 0.564453125 0.9018475750577367 0.05078125 0.19630484988452657
0 0.89375 0.8071593533487298 0.059375 0.24249422632794457
1 0.15234375 0.22748267898383373 0.0359375 0.2471131639722864
0 0.808203125 0.11893764434180139 0.05390625 0.18706697459584296
0 0.72734375 0.5300230946882217 0.05625 0.26096997690531176