1 0.7515625 0.05703125 0.03046875 0.1140625
0 0.5078125 0.321875 0.065625 0.1375
0 0.8640625 0.5265625 0.03671875 0.1609375
0 0.159375 0.409375 0.0671875 0.12890625
0 0.68515625 0.871875 0.0546875 0.1875
1 0.1796875 0.259375 0.03125 0.1359375
0 0.62421875 0.40390625 0.053125 0.146875
0 0.253125 0.37890625 0.03671875 0.1359375
0 0.6703125 0.41875 0.05078125 0.134375
0 0.82890625 0.51484375 0.046875 0.1484375
0 0.35234375 0.42109375 0.0390625 0.13359375
0 0.73671875 0.8578125 0.05625 0.18203125
0 0.35703125 0.7484375 0.0484375 0.15859375
0 0.5671875 0.41171875 0.0578125 0.14609375
0 0.465625 0.42265625 0.0609375 0.1265625