0 0.42578125 0.21428571428571427 0.0390625 0.17972350230414746
0 0.47890625 0.2534562211981567 0.0484375 0.11059907834101383
0 0.37578125 0.12903225806451613 0.0578125 0.1935483870967742
0 0.478125 0.07603686635944701 0.040625 0.15207373271889402
0 0.66328125 0.23732718894009217 0.0359375 0.28110599078341014
0 0.396875 0.30184331797235026 0.05625 0.1889400921658986
0 0.4953125 0.195852534562212 0.0625 0.15207373271889402
0 0.65703125 0.03917050691244239 0.0265625 0.07834101382488479
0 0.49765625 0.3456221198156682 0.0609375 0.18433179723502305
0 0.63515625 0.15207373271889402 0.0359375 0.25806451612903225
0 0.4140625 0.05069124423963134 0.0375 0.10138248847926268
0 0.31640625 0.15668202764976957 0.0390625 0.2857142857142857
0 0.640625 0.43317972350230416 0.0375 0.30414746543778803
0 0.91953125 0.08294930875576037 0.0328125 0.16589861751152074
0 0.2328125 0.16359447004608296 0.04375 0.2995391705069124
0 0.74140625 0.8732718894009217 0.0484375 0.2534562211981567
0 0.409375 0.5138248847926268 0.065625 0.2903225806451613
0 0.3578125 0.8594470046082949 0.078125 0.28110599078341014