0 0.40546875 0.33359375 0.0453125 0.09453125
0 0.37265625 0.3640625 0.0515625 0.071875
0 0.48984375 0.403125 0.0734375 0.14453125
0 0.446875 0.315625 0.059375 0.09140625
0 0.40625 0.1375 0.0375 0.096875
0 0.53515625 0.25546875 0.0578125 0.121875
1 0.6875 0.30390625 0.046875 0.1359375
0 0.2125 0.321875 0.046875 0.15546875
0 0.34453125 0.46796875 0.0765625 0.15859375
0 0.3453125 0.26953125 0.05 0.1109375
0 0.44921875 0.5265625 0.0703125 0.1859375
0 0.83515625 0.15703125 0.0296875 0.1359375
0 0.42734375 0.22890625 0.0546875 0.11953125
0 0.309375 0.125 0.05 0.128125
0 0.4640625 0.71953125 0.075 0.19453125
0 0.78984375 0.559375 0.0515625 0.175
0 0.19296875 0.27890625 0.0421875 0.1359375
0 0.67265625 0.4234375 0.0484375 0.15859375
0 0.38984375 0.315625 0.0609375 0.04140625
0 0.36171875 0.2859375 0.0640625 0.06640625