0 0.5171875 0.30414746543778803 0.05 0.2488479262672811
0 0.61640625 0.271889400921659 0.0359375 0.2672811059907834
0 0.75859375 0.18663594470046083 0.0484375 0.16129032258064516
0 0.43359375 0.2465437788018433 0.0421875 0.2350230414746544
0 0.39609375 0.2672811059907834 0.0609375 0.2764976958525346
0 0.5 0.195852534562212 0.0375 0.1889400921658986
0 0.6578125 0.09216589861751152 0.05625 0.18433179723502305
0 0.48046875 0.532258064516129 0.0421875 0.3271889400921659
0 0.56953125 0.3686635944700461 0.0546875 0.30414746543778803
0 0.23828125 0.27419354838709675 0.0703125 0.271889400921659
0 0.96640625 0.1774193548387097 0.0671875 0.2626728110599078
0 0.465625 0.8709677419354839 0.0875 0.25806451612903225
0 0.79765625 0.4032258064516129 0.0734375 0.2903225806451613
0 0.89609375 0.923963133640553 0.0609375 0.15207373271889402