0 0.8010416666666667 0.6517719568567026 0.07291666666666667 0.41910631741140214
0 0.79296875 0.37596302003081666 0.043229166666666666 0.2588597842835131
0 0.6403645833333333 0.6864406779661016 0.0640625 0.39907550077041604
0 0.43255208333333334 0.38058551617873654 0.0609375 0.29275808936825887
0 0.89375 0.39060092449922956 0.059375 0.3066255778120185
0 0.9723958333333333 0.9468412942989214 0.05520833333333333 0.10631741140215717
0 0.6557291666666667 0.32973805855161786 0.059375 0.32973805855161786
0 0.6921875 0.6194144838212635 0.06041666666666667 0.3728813559322034
0 0.6065104166666667 0.6479198767334361 0.0765625 0.39907550077041604
0 0.9458333333333333 0.3258859784283513 0.06041666666666667 0.41448382126348227
0 0.5934895833333333 0.32434514637904466 0.06510416666666667 0.337442218798151
0 0.7588541666666667 0.450693374422188 0.06041666666666667 0.38366718027734975
0 0.8674479166666667 0.5523882896764253 0.059895833333333336 0.40215716486902925
0 0.5265625 0.349768875192604 0.07291666666666667 0.3882896764252696
0 0.51796875 0.8898305084745762 0.0734375 0.22033898305084745
0 0.4828125 0.8428351309707242 0.07291666666666667 0.31432973805855163
0 0.39010416666666664 0.3736517719568567 0.071875 0.35901386748844377
0 0.92734375 0.7403697996918336 0.08072916666666667 0.41448382126348227
0 0.31614583333333335 0.450693374422188 0.08333333333333333 0.35285053929121724
0 0.6669270833333333 0.8505392912172574 0.09010416666666667 0.29892141756548535
0 0.46458333333333335 0.49075500770416025 0.07916666666666666 0.36517719568567025