0 0.24140625 0.41796875 0.03515625 0.1109375
0 0.98515625 0.690625 0.02890625 0.128125
0 0.09609375 0.4125 0.06875 0.14375
0 0.740625 0.521875 0.03828125 0.140625
0 0.71953125 0.50625 0.03984375 0.11640625
0 0.175 0.36484375 0.0515625 0.1296875
0 0.2515625 0.45859375 0.0453125 0.13984375
1 0.37734375 0.09140625 0.0265625 0.10625
0 0.3171875 0.40859375 0.04453125 0.11875
0 0.72734375 0.26171875 0.03828125 0.11953125
0 0.22578125 0.37890625 0.04296875 0.109375
0 0.6265625 0.39375 0.0515625 0.12578125
0 0.765625 0.57109375 0.04921875 0.12109375
0 0.2859375 0.46796875 0.04375 0.13671875
0 0.4546875 0.58125 0.04765625 0.1265625
0 0.3734375 0.353125 0.03203125 0.11875
0 0.90078125 0.68046875 0.040625 0.14140625
0 0.8203125 0.2765625 0.04609375 0.1015625