0 0.46328125 0.5778120184899846 0.0515625 0.20030816640986132
0 0.5450520833333333 0.3859784283513097 0.024479166666666666 0.14637904468412943
0 0.4596354166666667 0.27889060092449924 0.033854166666666664 0.16640986132511557
0 0.5111979166666667 0.21340523882896764 0.0328125 0.14946070878274267
0 0.5598958333333334 0.45685670261941447 0.0375 0.1926040061633282
0 0.59921875 0.423728813559322 0.0453125 0.20030816640986132
0 0.4348958333333333 0.5808936825885979 0.03125 0.19722650231124808
0 0.5190104166666667 0.4083204930662558 0.03802083333333333 0.1941448382126348
0 0.5927083333333333 0.2526964560862866 0.026041666666666668 0.17565485362095531
0 0.14140625 0.0847457627118644 0.03697916666666667 0.15716486902927582
0 0.4752604166666667 0.33821263482280434 0.0484375 0.18952234206471494
1 0.81796875 0.13097072419106318 0.022395833333333334 0.19106317411402157
0 0.5216145833333333 0.6117103235747303 0.04635416666666667 0.20030816640986132
0 0.31015625 0.061633281972265024 0.04635416666666667 0.12326656394453005
0 0.28020833333333334 0.6687211093990755 0.03854166666666667 0.2033898305084746
0 0.32760416666666664 0.27889060092449924 0.03229166666666667 0.17565485362095531
0 0.6388020833333333 0.3073959938366718 0.0359375 0.18952234206471494
0 0.43307291666666664 0.21571648690292758 0.04739583333333333 0.15716486902927582