0 0.41796875 0.42857142857142855 0.0359375 0.2119815668202765
0 0.46640625 0.27419354838709675 0.0515625 0.10599078341013825
0 0.4875 0.46543778801843316 0.071875 0.18433179723502305
0 0.38046875 0.35714285714285715 0.0484375 0.12442396313364056
0 0.85078125 0.576036866359447 0.0359375 0.3225806451612903
0 0.3484375 0.5990783410138248 0.046875 0.25806451612903225
0 0.521875 0.20046082949308755 0.03125 0.28110599078341014
0 0.49765625 0.6175115207373272 0.0671875 0.30414746543778803
0 0.21796875 0.4631336405529954 0.0484375 0.2626728110599078
0 0.7375 0.8732718894009217 0.05 0.2534562211981567
0 0.1859375 0.3870967741935484 0.046875 0.30414746543778803
0 0.659375 0.02304147465437788 0.03125 0.04608294930875576
0 0.353125 0.22119815668202766 0.0625 0.25806451612903225
0 0.6765625 0.347926267281106 0.04375 0.28110599078341014
0 0.3578125 0.3271889400921659 0.065625 0.20276497695852536
0 0.6125 0.4815668202764977 0.04375 0.2903225806451613
0 0.4078125 0.8778801843317973 0.075 0.24423963133640553