0 0.3265625 0.41448382126348227 0.028125 0.18798151001540833
0 0.6494791666666667 0.1325115562403698 0.030208333333333334 0.1633281972265023
0 0.3645833333333333 0.4098613251155624 0.034375 0.20647149460708783
0 0.29765625 0.4714946070878274 0.05677083333333333 0.2218798151001541
0 0.3927083333333333 0.4083204930662558 0.04895833333333333 0.20030816640986132
0 0.6752604166666667 0.49691833590138673 0.034895833333333334 0.21417565485362094
0 0.27005208333333336 0.24884437596302003 0.0296875 0.15870570107858242
0 0.33489583333333334 0.20261941448382126 0.04895833333333333 0.16486902927580893
0 0.4786458333333333 0.7288135593220338 0.06145833333333333 0.20030816640986132
0 0.54140625 0.1933744221879815 0.033854166666666664 0.17411402157164868
0 0.42473958333333334 0.28736517719568566 0.0453125 0.17719568567026195
0 0.4765625 0.6186440677966102 0.06354166666666666 0.22033898305084745
0 0.759375 0.7257318952234206 0.036458333333333336 0.18798151001540833
0 0.23697916666666666 0.5161787365177196 0.04479166666666667 0.18489984591679506
0 0.16067708333333333 0.35978428351309705 0.0296875 0.2110939907550077
0 0.6401041666666667 0.5631741140215717 0.040625 0.1987673343605547
0 0.41640625 0.13636363636363635 0.05572916666666667 0.15870570107858242