0 0.48984375 0.30414746543778803 0.0578125 0.2488479262672811
0 0.4734375 0.5783410138248848 0.065625 0.3456221198156682
0 0.2703125 0.4976958525345622 0.05 0.2857142857142857
0 0.4265625 0.20046082949308755 0.040625 0.24423963133640553
0 0.496875 0.45852534562211983 0.071875 0.271889400921659
0 0.43046875 0.31797235023041476 0.0546875 0.2672811059907834
0 0.325 0.33410138248847926 0.065625 0.2626728110599078
0 0.52265625 0.1935483870967742 0.0484375 0.2672811059907834
0 0.6921875 0.32027649769585254 0.05 0.1889400921658986
0 0.59296875 0.7073732718894009 0.0515625 0.3456221198156682
0 0.88671875 0.4838709677419355 0.0640625 0.2764976958525346
0 0.75390625 0.6059907834101382 0.0546875 0.2534562211981567
0 0.23515625 0.33410138248847926 0.0484375 0.28110599078341014
0 0.66953125 0.5368663594470046 0.0921875 0.271889400921659
0 0.41953125 0.5898617511520737 0.0703125 0.3225806451612903
0 0.62109375 0.12211981566820276 0.0609375 0.24423963133640553