0 0.5703125 0.36953125 0.05078125 0.12578125
0 0.4671875 0.5125 0.04921875 0.16015625
0 0.2390625 0.52265625 0.0453125 0.1546875
0 0.5171875 0.59609375 0.05390625 0.159375
0 0.5375 0.165625 0.04765625 0.13828125
0 0.615625 0.4734375 0.04296875 0.146875
0 0.75859375 0.38125 0.053125 0.16328125
0 0.2375 0.28046875 0.03671875 0.1390625
0 0.43828125 0.60234375 0.05859375 0.1640625
0 0.615625 0.296875 0.05234375 0.1515625
0 0.43828125 0.18203125 0.0421875 0.1234375
0 0.68515625 0.43203125 0.05078125 0.1265625
0 0.56171875 0.48515625 0.05546875 0.15390625
0 0.521875 0.3796875 0.053125 0.14296875
0 0.4609375 0.40625 0.078125 0.13359375
0 0.37421875 0.38203125 0.06953125 0.13515625
0 0.43359375 0.2671875 0.0671875 0.13046875