0 0.4078125 0.07603686635944701 0.034375 0.15207373271889402
0 0.609375 0.31336405529953915 0.040625 0.2672811059907834
0 0.53359375 0.2511520737327189 0.0515625 0.22580645161290322
0 0.3703125 0.05069124423963134 0.03125 0.10138248847926268
0 0.615625 0.12211981566820276 0.0375 0.24423963133640553
0 0.49140625 0.22811059907834103 0.0515625 0.22580645161290322
0 0.3078125 0.06912442396313365 0.046875 0.1382488479262673
0 0.73671875 0.21658986175115208 0.0296875 0.23963133640552994
0 0.02265625 0.4838709677419355 0.0453125 0.2672811059907834
0 0.221875 0.4792626728110599 0.05 0.2488479262672811
0 0.17734375 0.16589861751152074 0.0328125 0.2488479262672811
0 0.23203125 0.836405529953917 0.0734375 0.3271889400921659
0 0.14765625 0.8640552995391705 0.0890625 0.271889400921659
0 0.43515625 0.20046082949308755 0.0421875 0.2350230414746544
0 0.58125 0.35944700460829493 0.0625 0.23963133640552994
0 0.36796875 0.4930875576036866 0.0578125 0.25806451612903225
0 0.29921875 0.5253456221198156 0.0453125 0.2488479262672811