0 0.3640625 0.29140625 0.034375 0.121875
0 0.41171875 0.259375 0.0328125 0.09140625
1 0.01015625 0.2609375 0.0203125 0.1890625
0 0.43984375 0.29453125 0.0296875 0.0890625
0 0.44140625 0.4140625 0.0484375 0.14453125
0 0.5546875 0.6109375 0.05 0.178125
0 0.40546875 0.3640625 0.0421875 0.13359375
0 0.340625 0.3125 0.0375 0.146875
0 0.19140625 0.37109375 0.0421875 0.0859375
0 0.51953125 0.6390625 0.0484375 0.178125
1 0.534375 0.0734375 0.034375 0.125
0 0.15546875 0.3375 0.0390625 0.15859375
0 0.59765625 0.3875 0.0453125 0.146875
0 0.0703125 0.43359375 0.071875 0.14453125
0 0.2296875 0.40703125 0.0625 0.1640625