0 0.6203125 0.5381062355658198 0.0609375 0.22632794457274827
0 0.669140625 0.3810623556581986 0.05234375 0.16166281755196305
0 0.478515625 0.6547344110854504 0.07421875 0.3117782909930716
0 0.529296875 0.5415704387990762 0.05546875 0.17321016166281755
0 0.291796875 0.44803695150115475 0.05078125 0.23556581986143188
0 0.74453125 0.4665127020785219 0.0703125 0.12471131639722864
0 0.5828125 0.5854503464203233 0.0765625 0.21939953810623555
0 0.442578125 0.12124711316397228 0.04453125 0.24249422632794457
0 0.64296875 0.2748267898383372 0.0390625 0.20323325635103925
0 0.353125 0.4745958429561201 0.059375 0.26096997690531176
0 0.48828125 0.12009237875288684 0.0359375 0.24018475750577367
0 0.93359375 0.4226327944572748 0.0578125 0.30484988452655887
0 0.7359375 0.2921478060046189 0.0640625 0.2748267898383372
0 0.809375 0.4341801385681293 0.0625 0.2632794457274827
0 0.205078125 0.6327944572748267 0.04609375 0.2678983833718245