0 0.471875 0.10829493087557604 0.03125 0.12442396313364056
0 0.42109375 0.21428571428571427 0.0421875 0.15207373271889402
1 0.99140625 0.03686635944700461 0.0171875 0.07373271889400922
0 0.49375 0.2465437788018433 0.0375 0.2073732718894009
0 0.41015625 0.08064516129032258 0.0328125 0.12442396313364056
0 0.43828125 0.39400921658986177 0.0546875 0.24423963133640553
0 0.58984375 0.30184331797235026 0.0515625 0.19815668202764977
0 0.38046875 0.23271889400921658 0.0484375 0.2073732718894009
0 0.559375 0.26036866359447003 0.053125 0.24423963133640553
0 0.3828125 0.33640552995391704 0.05625 0.2304147465437788
0 0.71015625 0.2834101382488479 0.0546875 0.22580645161290322
0 0.021875 0.10138248847926268 0.0375 0.20276497695852536
0 0.39375 0.43548387096774194 0.059375 0.2626728110599078
0 0.31875 0.8433179723502304 0.06875 0.31336405529953915
0 0.3703125 0.10368663594470046 0.040625 0.2073732718894009
0 0.27421875 0.33640552995391704 0.0515625 0.2304147465437788
0 0.4625 0.8317972350230415 0.0875 0.2995391705069124
0 0.22265625 0.20046082949308755 0.0484375 0.19815668202764977