0 0.46901041666666665 0.2172573189522342 0.0265625 0.11710323574730354
1 0.9848958333333333 0.5308166409861325 0.030208333333333334 0.300462249614792
0 0.4244791666666667 0.25038520801232667 0.03958333333333333 0.18952234206471494
0 0.5005208333333333 0.463020030816641 0.05520833333333333 0.25115562403698
0 0.24401041666666667 0.7272727272727273 0.0421875 0.17565485362095531
0 0.53515625 0.42989214175654855 0.04739583333333333 0.21571648690292758
0 0.14036458333333332 0.7935285053929122 0.04635416666666667 0.2650231124807396
0 0.17994791666666668 0.7565485362095532 0.0546875 0.24036979969183359
1 0.7684895833333333 0.18335901386748846 0.028645833333333332 0.23728813559322035
0 0.05911458333333333 0.7465331278890601 0.05364583333333333 0.23266563944530047
0 0.45286458333333335 0.44144838212634824 0.06302083333333333 0.24191063174114022
0 0.65 0.5192604006163328 0.040625 0.2465331278890601
0 0.21458333333333332 0.26348228043143296 0.04375 0.20955315870570107
0 0.6036458333333333 0.48921417565485364 0.051041666666666666 0.24191063174114022