0 0.46796875 0.4308755760368664 0.0515625 0.16129032258064516
0 0.47421875 0.195852534562212 0.0546875 0.1889400921658986
0 0.36640625 0.19815668202764977 0.0453125 0.16589861751152074
0 0.3828125 0.3294930875576037 0.04375 0.1336405529953917
0 0.79765625 0.1543778801843318 0.0328125 0.2534562211981567
0 0.4953125 0.6290322580645161 0.059375 0.3087557603686636
0 0.35078125 0.31105990783410137 0.0640625 0.1889400921658986
0 0.34609375 0.6082949308755761 0.0640625 0.25806451612903225
0 0.196875 0.4078341013824885 0.065625 0.28110599078341014
0 0.6578125 0.02534562211981567 0.03125 0.05069124423963134
0 0.8546875 0.8847926267281107 0.05625 0.2304147465437788
0 0.69609375 0.3387096774193548 0.0390625 0.271889400921659
0 0.67109375 0.4608294930875576 0.0453125 0.29493087557603687
0 0.37734375 0.018433179723502304 0.0515625 0.03686635944700461
0 0.415625 0.8986175115207373 0.08125 0.20276497695852536
0 0.30625 0.2073732718894009 0.059375 0.23963133640552994