0 0.6036458333333333 0.20878274268104777 0.04791666666666667 0.19568567026194145
0 0.49140625 0.3667180277349769 0.0390625 0.22496147919876733
1 0.9885416666666667 0.16409861325115563 0.022916666666666665 0.2696456086286595
0 0.5205729166666667 0.2457627118644068 0.03802083333333333 0.22033898305084745
0 0.45364583333333336 0.4476117103235747 0.053125 0.2696456086286595
0 0.50625 0.4514637904468413 0.036458333333333336 0.25577812018489987
0 0.6153645833333333 0.5647149460708782 0.05364583333333333 0.2696456086286595
0 0.05364583333333333 0.47303543913713403 0.052083333333333336 0.23112480739599384
0 0.17630208333333333 0.6633281972265023 0.05260416666666667 0.2172573189522342
0 0.15546875 0.4437596302003082 0.04739583333333333 0.25577812018489987
0 0.57578125 0.5261941448382126 0.05260416666666667 0.24191063174114022
0 0.5682291666666667 0.20030816640986132 0.057291666666666664 0.23112480739599384
0 0.42578125 0.3882896764252696 0.06822916666666666 0.2650231124807396
0 0.11640625 0.674884437596302 0.06197916666666667 0.2711864406779661
0 0.6971354166666667 0.3628659476117103 0.05677083333333333 0.26040061633281975