0 0.1359375 0.35390625 0.040625 0.10859375
0 0.34375 0.271875 0.0375 0.128125
0 0.5796875 0.275 0.028125 0.071875
0 0.24140625 0.3140625 0.0453125 0.1
0 0.12421875 0.3109375 0.0296875 0.13359375
0 0.29140625 0.37890625 0.0390625 0.096875
0 0.3484375 0.4640625 0.05625 0.1
0 0.5859375 0.365625 0.03125 0.14140625
1 0.26796875 0.053125 0.0359375 0.10546875
0 0.13984375 0.41953125 0.0421875 0.128125
0 0.3546875 0.41796875 0.05625 0.08046875
0 0.26328125 0.42109375 0.0484375 0.125
0 0.56796875 0.421875 0.0265625 0.1390625
0 0.571875 0.653125 0.040625 0.15
0 0.33359375 0.33359375 0.0609375 0.08359375
0 0.30390625 0.48046875 0.0546875 0.15
0 0.30546875 0.6625 0.0484375 0.16953125
0 0.65390625 0.5 0.0296875 0.14453125
0 0.74765625 0.240625 0.0265625 0.13046875
0 0.30625 0.1609375 0.040625 0.10546875
0 0.246875 0.1609375 0.04375 0.11640625