0 0.60390625 0.3271889400921659 0.0515625 0.10138248847926268
0 0.50703125 0.41705069124423966 0.0484375 0.14285714285714285
0 0.57734375 0.4147465437788018 0.0515625 0.11981566820276497
0 0.61640625 0.423963133640553 0.0515625 0.2119815668202765
0 0.51796875 0.29723502304147464 0.0578125 0.16129032258064516
0 0.578125 0.6705069124423964 0.059375 0.22580645161290322
0 0.459375 0.728110599078341 0.05 0.2488479262672811
1 0.159375 0.39631336405529954 0.03125 0.25806451612903225
0 0.8015625 0.4423963133640553 0.059375 0.17511520737327188
0 0.58203125 0.20046082949308755 0.0484375 0.17050691244239632
0 0.49296875 0.6152073732718893 0.0546875 0.17972350230414746
0 0.4546875 0.4700460829493088 0.05625 0.22119815668202766
0 0.65078125 0.6013824884792627 0.0515625 0.2626728110599078
0 0.1375 0.7603686635944701 0.05 0.2764976958525346
0 0.684375 0.28110599078341014 0.046875 0.18433179723502305
0 0.2875 0.2557603686635945 0.040625 0.2350230414746544
0 0.2546875 0.5990783410138248 0.05 0.2488479262672811
0 0.259375 0.14285714285714285 0.0375 0.2119815668202765
0 0.4765625 0.1912442396313364 0.04375 0.22580645161290322
0 0.38046875 0.35714285714285715 0.0484375 0.21658986175115208