0 0.39296875 0.5691244239631337 0.0390625 0.2350230414746544
0 0.47109375 0.5 0.0578125 0.16129032258064516
0 0.50078125 0.868663594470046 0.0671875 0.21658986175115208
0 0.34453125 0.6774193548387096 0.0421875 0.30414746543778803
0 0.4734375 0.631336405529954 0.05625 0.22119815668202766
0 0.571875 0.46543778801843316 0.028125 0.31336405529953915
0 0.91484375 0.15898617511520738 0.0328125 0.2995391705069124
0 0.45390625 0.3433179723502304 0.0515625 0.2350230414746544
0 0.64140625 0.5783410138248848 0.0265625 0.3087557603686636
0 0.3046875 0.8110599078341014 0.059375 0.2488479262672811
0 0.55625 0.8778801843317973 0.034375 0.24423963133640553
0 0.3046875 0.4032258064516129 0.05625 0.19815668202764977
1 0.7109375 0.5460829493087558 0.046875 0.2534562211981567
0 0.9578125 0.7557603686635944 0.0375 0.31336405529953915
0 0.18125 0.5552995391705069 0.0625 0.271889400921659
0 0.32578125 0.029953917050691243 0.0515625 0.059907834101382486