0 0.31484375 0.43548387096774194 0.0359375 0.1336405529953917
0 0.30546875 0.3087557603686636 0.0359375 0.08294930875576037
0 0.303125 0.3640552995391705 0.034375 0.08294930875576037
1 0.515625 0.3870967741935484 0.025 0.17511520737327188
0 0.37890625 0.4861751152073733 0.0515625 0.14285714285714285
0 0.2765625 0.5207373271889401 0.0375 0.14746543778801843
0 0.17578125 0.4055299539170507 0.0265625 0.17511520737327188
0 0.4484375 0.7304147465437788 0.03125 0.17972350230414746
0 0.38046875 0.31336405529953915 0.0515625 0.11059907834101383
0 0.59609375 0.09216589861751152 0.0265625 0.14746543778801843
0 0.47109375 0.39631336405529954 0.0265625 0.17511520737327188
0 0.3421875 0.5783410138248848 0.053125 0.14285714285714285
0 0.3171875 0.923963133640553 0.0375 0.15207373271889402
0 0.7359375 0.4055299539170507 0.028125 0.17511520737327188
0 0.29453125 0.12442396313364056 0.0390625 0.14746543778801843
0 0.26796875 0.7142857142857143 0.0515625 0.1935483870967742
0 0.19609375 0.9078341013824884 0.0453125 0.18433179723502305