0 0.35442708333333334 0.5562403697996918 0.03177083333333333 0.15408320493066255
0 0.35598958333333336 0.4214175654853621 0.0390625 0.12172573189522343
0 0.37578125 0.4946070878274268 0.04739583333333333 0.1448382126348228
0 0.33177083333333335 0.5924499229583975 0.040625 0.13713405238828968
0 0.36354166666666665 0.3366718027734977 0.036458333333333336 0.10631741140215717
0 0.43463541666666666 0.4661016949152542 0.04739583333333333 0.13713405238828968
0 0.43385416666666665 0.5939907550077042 0.057291666666666664 0.14637904468412943
0 0.21640625 0.450693374422188 0.025520833333333333 0.23882896764252695
0 0.44557291666666665 0.35208012326656396 0.0546875 0.12788906009244994
0 0.19505208333333332 0.5631741140215717 0.0390625 0.18952234206471494
1 0.6666666666666666 0.4761171032357473 0.03854166666666667 0.17873651771956856
0 0.3640625 0.06702619414483821 0.0375 0.13405238828967642
0 0.8083333333333333 0.09553158705701079 0.03229166666666667 0.16640986132511557
0 0.6666666666666666 0.9391371340523883 0.034375 0.12172573189522343
0 0.296875 0.7519260400616333 0.046875 0.22496147919876733
0 0.415625 0.6617873651771957 0.052083333333333336 0.1926040061633282
0 0.5729166666666666 0.12865947611710324 0.03125 0.17719568567026195
0 0.7716145833333333 0.699537750385208 0.034895833333333334 0.21263482280431434
0 0.32083333333333336 0.8998459167950693 0.053125 0.20030816640986132
0 0.5169270833333334 0.7187981510015409 0.0390625 0.21417565485362094
0 0.5963541666666666 0.5107858243451464 0.035416666666666666 0.20801232665639446