1 0.0109375 0.35859375 0.021875 0.14296875
0 0.42421875 0.675 0.04296875 0.16875
0 0.3609375 0.70625 0.05234375 0.1734375
0 0.40390625 0.62109375 0.03671875 0.1453125
1 0.89921875 0.65078125 0.03046875 0.17578125
0 0.321875 0.6796875 0.04375 0.1609375
0 0.42265625 0.1859375 0.034375 0.1296875
0 0.1515625 0.68046875 0.0546875 0.171875
0 0.74453125 0.215625 0.02578125 0.1296875
0 0.478125 0.653125 0.04609375 0.165625
0 0.2046875 0.72109375 0.06640625 0.1765625
0 0.8375 0.578125 0.05546875 0.15
0 0.784375 0.690625 0.05234375 0.15703125
0 0.93203125 0.43203125 0.05 0.1234375
0 0.20546875 0.52421875 0.04140625 0.1609375
0 0.36953125 0.584375 0.03515625 0.071875