0 0.5875 0.3986175115207373 0.04375 0.0967741935483871
0 0.59140625 0.5345622119815668 0.0453125 0.16589861751152074
0 0.62734375 0.29493087557603687 0.0359375 0.14746543778801843
0 0.61953125 0.3778801843317972 0.0390625 0.14746543778801843
0 0.5578125 0.2857142857142857 0.046875 0.14746543778801843
0 0.53828125 0.41244239631336405 0.0484375 0.14285714285714285
0 0.5203125 0.5023041474654378 0.04375 0.14746543778801843
0 0.08203125 0.4861751152073733 0.0328125 0.19815668202764977
0 0.5015625 0.5898617511520737 0.053125 0.18433179723502305
0 0.7484375 0.4032258064516129 0.03125 0.22580645161290322
1 0.340625 0.4055299539170507 0.0375 0.18433179723502305
0 0.66484375 0.2764976958525346 0.0390625 0.17511520737327188
0 0.52109375 0.1336405529953917 0.0390625 0.16589861751152074
0 0.4640625 0.2695852534562212 0.03125 0.1889400921658986
0 0.41328125 0.4539170506912442 0.0328125 0.1889400921658986
0 0.7015625 0.059907834101382486 0.040625 0.11981566820276497
0 0.79296875 0.35944700460829493 0.0390625 0.2119815668202765
0 0.415625 0.041474654377880185 0.028125 0.08294930875576037
0 0.43203125 0.9032258064516129 0.0421875 0.1935483870967742
0 0.5546875 0.8870967741935484 0.05625 0.22580645161290322