0 0.35442708333333334 0.5562403697996918 0.0328125 0.15408320493066255
0 0.37578125 0.4946070878274268 0.04739583333333333 0.1448382126348228
0 0.35625 0.4221879815100154 0.03854166666666667 0.12326656394453005
0 0.36354166666666665 0.3366718027734977 0.036458333333333336 0.10631741140215717
0 0.33203125 0.5924499229583975 0.04114583333333333 0.13713405238828968
0 0.4348958333333333 0.46533127889060094 0.04791666666666667 0.1386748844375963
0 0.19375 0.5600924499229584 0.03333333333333333 0.2110939907550077
0 0.21432291666666667 0.44992295839753466 0.030729166666666665 0.23420647149460708
0 0.43385416666666665 0.5939907550077042 0.057291666666666664 0.14637904468412943
1 0.6666666666666666 0.4768875192604006 0.03854166666666667 0.1802773497688752
0 0.4453125 0.35208012326656396 0.05416666666666667 0.12788906009244994
0 0.8083333333333333 0.09553158705701079 0.03229166666666667 0.1694915254237288
0 0.36432291666666666 0.06702619414483821 0.03802083333333333 0.13405238828967642
0 0.6666666666666666 0.9391371340523883 0.035416666666666666 0.12172573189522343
0 0.415625 0.662557781201849 0.052083333333333336 0.1941448382126348
0 0.29661458333333335 0.7519260400616333 0.04635416666666667 0.22496147919876733
0 0.77421875 0.6979969183359014 0.0328125 0.21879815100154082
0 0.5729166666666666 0.12865947611710324 0.030208333333333334 0.17719568567026195
0 0.32083333333333336 0.8998459167950693 0.053125 0.20030816640986132
0 0.5169270833333334 0.7180277349768875 0.0390625 0.21263482280431434
0 0.59609375 0.5107858243451464 0.0359375 0.2049306625577812