0 0.621875 0.39838337182448036 0.0296875 0.17782909930715934
0 0.55234375 0.418013856812933 0.040625 0.23556581986143188
0 0.562109375 0.8371824480369515 0.04609375 0.23325635103926096
0 0.49765625 0.8314087759815243 0.05 0.22170900692840648
0 0.621484375 0.5323325635103926 0.05859375 0.2517321016166282
0 0.733203125 0.3741339491916859 0.04140625 0.22632794457274827
0 0.77265625 0.2967667436489607 0.0421875 0.21939953810623555
0 0.573828125 0.5323325635103926 0.04765625 0.23325635103926096
0 0.35234375 0.3648960739030023 0.0484375 0.24018475750577367
1 0.341796875 0.023094688221709007 0.03828125 0.046189376443418015
0 0.394140625 0.312933025404157 0.04140625 0.22401847575057737
0 0.128125 0.24595842956120093 0.046875 0.17782909930715934
0 0.309765625 0.43648960739030024 0.03984375 0.23094688221709006
0 0.468359375 0.569284064665127 0.06171875 0.25635103926096997