0 0.504296875 0.24480369515011546 0.03984375 0.20323325635103925
0 0.425 0.1651270207852194 0.0640625 0.21939953810623555
0 0.470703125 0.11893764434180139 0.03828125 0.12702078521939955
0 0.92265625 0.4976905311778291 0.0515625 0.29330254041570436
0 0.497265625 0.3741339491916859 0.06171875 0.2586605080831409
0 0.921484375 0.02771362586605081 0.04921875 0.05542725173210162
0 0.19453125 0.21247113163972287 0.0390625 0.2863741339491917
0 0.423828125 0.302540415704388 0.06640625 0.2817551963048499
0 0.216015625 0.4884526558891455 0.04296875 0.2748267898383372
0 0.712890625 0.22632794457274827 0.03828125 0.27713625866050806
0 0.923828125 0.9364896073903002 0.04140625 0.12702078521939955
1 0.136328125 0.04849884526558892 0.04296875 0.09699769053117784