0 0.6453125 0.5944700460829493 0.075 0.16589861751152074
0 0.715625 0.48847926267281105 0.0625 0.18433179723502305
0 0.80390625 0.37557603686635943 0.0390625 0.2534562211981567
0 0.97734375 0.6705069124423964 0.0421875 0.3271889400921659
0 0.78125 0.4815668202764977 0.05625 0.22580645161290322
0 0.796875 0.663594470046083 0.046875 0.2857142857142857
0 0.76015625 0.8341013824884793 0.0921875 0.2857142857142857
0 0.9234375 0.6152073732718893 0.059375 0.2903225806451613
0 0.64296875 0.41935483870967744 0.0578125 0.2672811059907834
0 0.64609375 0.8824884792626728 0.0578125 0.2350230414746544
0 0.58671875 0.4631336405529954 0.0546875 0.271889400921659
0 0.12578125 0.8433179723502304 0.0546875 0.31336405529953915
0 0.61875 0.7580645161290323 0.06875 0.271889400921659
0 0.27578125 0.25806451612903225 0.0546875 0.2857142857142857
1 0.2875 0.5852534562211982 0.053125 0.30414746543778803
0 0.40546875 0.5944700460829493 0.0765625 0.2764976958525346
0 0.4515625 0.7419354838709677 0.059375 0.31336405529953915