0 0.453125 0.1912442396313364 0.0375 0.14285714285714285
0 0.503125 0.1728110599078341 0.034375 0.1152073732718894
0 0.3484375 0.14516129032258066 0.0375 0.17972350230414746
0 0.33203125 0.08294930875576037 0.0234375 0.15668202764976957
0 0.53046875 0.10368663594470046 0.0515625 0.17050691244239632
0 0.55546875 0.020737327188940093 0.0328125 0.041474654377880185
0 0.6328125 0.08525345622119816 0.028125 0.17050691244239632
0 0.9734375 0.1774193548387097 0.034375 0.1889400921658986
0 0.35546875 0.7557603686635944 0.0515625 0.17511520737327188
0 0.62421875 0.18202764976958524 0.0328125 0.17972350230414746
0 0.40703125 0.49078341013824883 0.0453125 0.16129032258064516
0 0.52109375 0.3087557603686636 0.0359375 0.20276497695852536
0 0.5109375 0.5253456221198156 0.034375 0.18433179723502305
0 0.446875 0.3433179723502304 0.05625 0.1889400921658986
0 0.415625 0.2350230414746544 0.05625 0.18433179723502305
0 0.4640625 0.7788018433179723 0.0375 0.18433179723502305
0 0.62578125 0.3663594470046083 0.0359375 0.2073732718894009