0 0.41796875 0.37557603686635943 0.0546875 0.24423963133640553
0 0.37890625 0.2764976958525346 0.0421875 0.25806451612903225
0 0.51953125 0.33640552995391704 0.0453125 0.2119815668202765
0 0.5359375 0.5161290322580645 0.053125 0.14746543778801843
0 0.38515625 0.347926267281106 0.0578125 0.271889400921659
0 0.496875 0.5253456221198156 0.053125 0.30414746543778803
0 0.44453125 0.4078341013824885 0.0609375 0.3087557603686636
0 0.44765625 0.14055299539170507 0.0421875 0.2073732718894009
0 0.18359375 0.31105990783410137 0.0390625 0.2534562211981567
0 0.63828125 0.8917050691244239 0.0546875 0.21658986175115208
0 0.9421875 0.8248847926267281 0.084375 0.30414746543778803