0 0.53046875 0.3824884792626728 0.0390625 0.20276497695852536
0 0.41953125 0.5276497695852534 0.0546875 0.2995391705069124
0 0.6015625 0.43317972350230416 0.059375 0.2764976958525346
0 0.496875 0.46543778801843316 0.0625 0.25806451612903225
0 0.5875 0.23963133640552994 0.04375 0.17511520737327188
0 0.55859375 0.49539170506912444 0.0640625 0.2073732718894009
0 0.584375 0.7857142857142857 0.0625 0.271889400921659
0 0.503125 0.26497695852534564 0.046875 0.2073732718894009
0 0.6671875 0.5783410138248848 0.075 0.2626728110599078
1 0.05625 0.21428571428571427 0.0375 0.271889400921659
0 0.77265625 0.1152073732718894 0.0671875 0.2304147465437788
0 0.74375 0.6290322580645161 0.046875 0.28110599078341014
0 0.3453125 0.3847926267281106 0.05 0.271889400921659
0 0.4578125 0.6105990783410138 0.0875 0.31797235023041476
0 0.7828125 0.3064516129032258 0.0625 0.271889400921659
0 0.63515625 0.3663594470046083 0.0453125 0.271889400921659