0 0.45625 0.0576036866359447 0.034375 0.1152073732718894
0 0.4875 0.2672811059907834 0.0375 0.1382488479262673
0 0.40078125 0.2304147465437788 0.0421875 0.11981566820276497
1 0.8703125 0.06451612903225806 0.01875 0.12903225806451613
0 0.44921875 0.21428571428571427 0.0296875 0.10599078341013825
0 0.29375 0.22119815668202766 0.025 0.14746543778801843
0 0.4015625 0.1382488479262673 0.04375 0.09216589861751152
1 0.90390625 0.29493087557603687 0.0234375 0.1935483870967742
0 0.565625 0.16589861751152074 0.03125 0.18433179723502305
0 0.41015625 0.3387096774193548 0.0484375 0.1336405529953917
0 0.06796875 0.06912442396313365 0.0265625 0.1382488479262673
0 0.503125 0.42626728110599077 0.046875 0.16129032258064516
0 0.41875 0.8133640552995391 0.034375 0.2073732718894009
0 0.3078125 0.4308755760368664 0.028125 0.17972350230414746
0 0.5296875 0.7926267281105991 0.05625 0.1935483870967742