0 0.5984375 0.3294930875576037 0.04375 0.0967741935483871
0 0.62734375 0.4792626728110599 0.0390625 0.1935483870967742
0 0.78515625 0.27880184331797236 0.0265625 0.24423963133640553
0 0.5140625 0.41244239631336405 0.0625 0.15207373271889402
0 0.35 0.5069124423963134 0.04375 0.2304147465437788
0 0.52265625 0.49078341013824883 0.0640625 0.1336405529953917
0 0.60546875 0.23271889400921658 0.0390625 0.1336405529953917
0 0.4875 0.32027649769585254 0.0625 0.15207373271889402
0 0.578125 0.423963133640553 0.040625 0.17511520737327188
0 0.35078125 0.347926267281106 0.0421875 0.14285714285714285
0 0.80546875 0.3640552995391705 0.0453125 0.25806451612903225
0 0.37890625 0.271889400921659 0.0421875 0.22119815668202766
0 0.6578125 0.5414746543778802 0.046875 0.2350230414746544
0 0.52109375 0.5875576036866359 0.0703125 0.17050691244239632
0 0.5578125 0.9009216589861752 0.046875 0.19815668202764977
0 0.08671875 0.22350230414746544 0.0390625 0.21658986175115208
0 0.0609375 0.6682027649769585 0.04375 0.25806451612903225
0 0.67890625 0.8778801843317973 0.0765625 0.24423963133640553