0 0.47734375 0.48847926267281105 0.0265625 0.18433179723502305
0 0.3640625 0.46543778801843316 0.028125 0.16589861751152074
0 0.38828125 0.4976958525345622 0.0296875 0.20276497695852536
0 0.2984375 0.4377880184331797 0.040625 0.17511520737327188
0 0.34375 0.5069124423963134 0.03125 0.1935483870967742
0 0.628125 0.2511520737327189 0.025 0.17050691244239632
0 0.7859375 0.22811059907834103 0.028125 0.17972350230414746
0 0.67734375 0.6589861751152074 0.0328125 0.20276497695852536
0 0.88984375 0.5138248847926268 0.0296875 0.17972350230414746
0 0.67109375 0.22580645161290322 0.0296875 0.15668202764976957
0 0.85625 0.9700460829493087 0.046875 0.059907834101382486
0 0.7453125 0.6912442396313364 0.04375 0.2119815668202765