0 0.59921875 0.20276497695852536 0.0546875 0.16589861751152074
0 0.49296875 0.5391705069124424 0.0703125 0.2672811059907834
0 0.55859375 0.20046082949308755 0.0484375 0.10599078341013825
0 0.53125 0.0944700460829493 0.053125 0.12442396313364056
0 0.509375 0.20276497695852536 0.05625 0.15668202764976957
0 0.43359375 0.42857142857142855 0.0828125 0.17511520737327188
0 0.484375 0.2764976958525346 0.059375 0.16589861751152074
0 0.62578125 0.14516129032258066 0.0671875 0.22580645161290322
0 0.13125 0.7695852534562212 0.05 0.2857142857142857
0 0.0296875 0.2764976958525346 0.04375 0.2764976958525346
0 0.33671875 0.24193548387096775 0.0421875 0.21658986175115208
0 0.7484375 0.23732718894009217 0.065625 0.271889400921659
0 0.590625 0.4400921658986175 0.075 0.2995391705069124
0 0.40234375 0.07834101382488479 0.0390625 0.15668202764976957
0 0.509375 0.6705069124423964 0.075 0.28110599078341014
0 0.26640625 0.33410138248847926 0.0359375 0.2903225806451613
0 0.77890625 0.15898617511520738 0.0453125 0.24423963133640553
0 0.3171875 0.5599078341013825 0.05 0.271889400921659
0 0.640625 0.07142857142857142 0.059375 0.14285714285714285
0 0.371875 0.04838709677419355 0.0375 0.0967741935483871