0 0.44375 0.15898617511520738 0.0375 0.15207373271889402
0 0.41796875 0.31105990783410137 0.0328125 0.19815668202764977
0 0.48828125 0.2695852534562212 0.0390625 0.21658986175115208
0 0.52109375 0.347926267281106 0.0421875 0.2534562211981567
0 0.4515625 0.41935483870967744 0.03125 0.23963133640552994
0 0.53828125 0.20046082949308755 0.0421875 0.21658986175115208
0 0.55390625 0.12672811059907835 0.0328125 0.2073732718894009
0 0.6828125 0.2995391705069124 0.046875 0.2119815668202765
0 0.3984375 0.22811059907834103 0.04375 0.16129032258064516
0 0.28984375 0.8410138248847926 0.0421875 0.271889400921659
0 0.61796875 0.29723502304147464 0.0703125 0.19815668202764977
0 0.37421875 0.3709677419354839 0.0390625 0.2073732718894009