0 0.56640625 0.35253456221198154 0.0359375 0.1336405529953917
0 0.471875 0.23271889400921658 0.0625 0.1336405529953917
0 0.55390625 0.4861751152073733 0.0515625 0.22580645161290322
0 0.05625 0.1359447004608295 0.034375 0.22580645161290322
0 0.62421875 0.06682027649769585 0.0296875 0.1336405529953917
0 0.46484375 0.3433179723502304 0.0578125 0.16129032258064516
0 0.4390625 0.4308755760368664 0.065625 0.14285714285714285
0 0.36875 0.059907834101382486 0.03125 0.11981566820276497
0 0.4328125 0.5622119815668203 0.071875 0.16589861751152074
0 0.271875 0.7235023041474654 0.053125 0.2304147465437788
0 0.2828125 0.35944700460829493 0.040625 0.23963133640552994
0 0.04296875 0.9631336405529954 0.0578125 0.07373271889400922
0 0.825 0.38940092165898615 0.040625 0.2350230414746544
0 0.459375 0.9723502304147466 0.05625 0.055299539170506916
0 0.32265625 0.25806451612903225 0.0390625 0.2119815668202765
0 0.534375 0.7972350230414746 0.0625 0.2764976958525346