0 0.52421875 0.5783410138248848 0.0515625 0.271889400921659
0 0.46953125 0.5852534562211982 0.0609375 0.2857142857142857
0 0.37578125 0.1912442396313364 0.0484375 0.17972350230414746
0 0.4328125 0.3640552995391705 0.040625 0.22119815668202766
0 0.471875 0.3847926267281106 0.046875 0.2350230414746544
0 0.9671875 0.0967741935483871 0.046875 0.1935483870967742
0 0.3171875 0.2534562211981567 0.05 0.22119815668202766
0 0.496875 0.684331797235023 0.059375 0.271889400921659
0 0.375 0.4400921658986175 0.065625 0.2995391705069124
0 0.5515625 0.4861751152073733 0.04375 0.2995391705069124
0 0.42890625 0.5645161290322581 0.0515625 0.2995391705069124