0 0.50390625 0.3064516129032258 0.0359375 0.16129032258064516
0 0.4234375 0.5069124423963134 0.05 0.2672811059907834
0 0.5484375 0.5691244239631337 0.05 0.22580645161290322
0 0.2515625 0.03686635944700461 0.046875 0.07373271889400922
0 0.5375 0.35944700460829493 0.05625 0.2119815668202765
0 0.4578125 0.4769585253456221 0.040625 0.2073732718894009
0 0.50546875 0.47235023041474655 0.0640625 0.24423963133640553
0 0.37109375 0.7672811059907834 0.0859375 0.2626728110599078
0 0.3921875 0.3709677419354839 0.0375 0.24423963133640553
0 0.2859375 0.42857142857142855 0.0375 0.23963133640552994
0 0.4671875 0.23732718894009217 0.046875 0.19815668202764977
0 0.61953125 0.21658986175115208 0.0484375 0.1935483870967742
0 0.50078125 0.059907834101382486 0.0484375 0.11981566820276497
0 0.5984375 0.6105990783410138 0.065625 0.3087557603686636
0 0.66953125 0.39400921658986177 0.0640625 0.2534562211981567
0 0.78359375 0.47465437788018433 0.0484375 0.2119815668202765
0 0.31953125 0.23732718894009217 0.0390625 0.19815668202764977
0 0.21953125 0.716589861751152 0.0515625 0.28110599078341014