0 0.453125 0.29493087557603687 0.0375 0.15668202764976957
0 0.5328125 0.2626728110599078 0.046875 0.11981566820276497
0 0.53125 0.2119815668202765 0.04375 0.11059907834101383
0 0.49453125 0.35253456221198154 0.0453125 0.1889400921658986
0 0.41484375 0.3709677419354839 0.0578125 0.24423963133640553
0 0.540625 0.07373271889400922 0.040625 0.14746543778801843
0 0.546875 0.423963133640553 0.0625 0.1935483870967742
0 0.57734375 0.32027649769585254 0.0390625 0.2073732718894009
0 0.4390625 0.5069124423963134 0.078125 0.2488479262672811
0 0.20703125 0.271889400921659 0.0359375 0.2672811059907834
0 0.5828125 0.1543778801843318 0.065625 0.22580645161290322
0 0.68125 0.31797235023041476 0.04375 0.25806451612903225
0 0.3921875 0.8986175115207373 0.05625 0.20276497695852536
0 0.55859375 0.8870967741935484 0.0828125 0.22580645161290322