0 0.4515625 0.4539170506912442 0.0375 0.15207373271889402
0 0.55234375 0.5668202764976958 0.0453125 0.11981566820276497
0 0.54296875 0.3456221198156682 0.0546875 0.1382488479262673
0 0.45859375 0.347926267281106 0.0390625 0.1152073732718894
0 0.9484375 0.1359447004608295 0.021875 0.2350230414746544
0 0.571875 0.7695852534562212 0.0375 0.2764976958525346
0 0.465625 0.6059907834101382 0.05 0.19815668202764977
0 0.54375 0.4631336405529954 0.05 0.1336405529953917
0 0.23203125 0.4838709677419355 0.0234375 0.23963133640552994
0 0.69921875 0.5529953917050692 0.0359375 0.22119815668202766
0 0.95703125 0.6244239631336406 0.0421875 0.24423963133640553
0 0.43046875 0.11290322580645161 0.0421875 0.19815668202764977
0 0.4046875 0.3824884792626728 0.03125 0.20276497695852536
0 0.66875 0.38940092165898615 0.040625 0.1889400921658986
0 0.6046875 0.0944700460829493 0.028125 0.1889400921658986
0 0.465625 0.7327188940092166 0.053125 0.2488479262672811