0 0.8734375 0.03686635944700461 0.034375 0.07373271889400922
0 0.72578125 0.10368663594470046 0.0328125 0.2073732718894009
0 0.9375 0.21889400921658986 0.0375 0.271889400921659
0 0.55078125 0.5529953917050692 0.0421875 0.11059907834101383
0 0.96796875 0.12672811059907835 0.0390625 0.2534562211981567
0 0.5875 0.543778801843318 0.040625 0.20276497695852536
0 0.915625 0.1359447004608295 0.0375 0.271889400921659
0 0.8578125 0.08064516129032258 0.04375 0.16129032258064516
0 0.80234375 0.03456221198156682 0.0296875 0.06912442396313365
0 0.19140625 0.16820276497695852 0.0390625 0.2626728110599078
0 0.21015625 0.04838709677419355 0.0296875 0.0967741935483871
0 0.1296875 0.11981566820276497 0.059375 0.1935483870967742
0 0.36796875 0.5046082949308756 0.0546875 0.2626728110599078
0 0.44765625 0.6013824884792627 0.0421875 0.28110599078341014