0 0.85078125 0.37557603686635943 0.0140625 0.12442396313364056
0 0.6953125 0.45852534562211983 0.021875 0.10599078341013825
0 0.67421875 0.39631336405529954 0.0203125 0.10138248847926268
0 0.64453125 0.2557603686635945 0.0234375 0.10599078341013825
0 0.1734375 0.14516129032258066 0.01875 0.10599078341013825
0 0.346875 0.1912442396313364 0.025 0.08755760368663594
0 0.34453125 0.08986175115207373 0.0203125 0.07834101382488479
0 0.70703125 0.5483870967741935 0.0265625 0.11981566820276497
0 0.74921875 0.7350230414746544 0.0359375 0.14285714285714285
0 0.21015625 0.4078341013824885 0.0203125 0.12442396313364056
0 0.36875 0.7880184331797235 0.028125 0.11059907834101383
0 0.3578125 0.5622119815668203 0.021875 0.11059907834101383
0 0.7296875 0.6728110599078341 0.028125 0.11059907834101383
0 0.13671875 0.7119815668202765 0.0296875 0.1336405529953917