0 0.5078125 0.38359375 0.028125 0.10546875
0 0.5171875 0.3265625 0.028125 0.06953125
0 0.2015625 0.8109375 0.034375 0.10546875
0 0.5234375 0.43203125 0.040625 0.11953125
0 0.46875 0.59296875 0.040625 0.103125
0 0.46796875 0.3875 0.0296875 0.1359375
0 0.21875 0.33046875 0.03125 0.10546875
0 0.54765625 0.81640625 0.0453125 0.078125
0 0.3453125 0.240625 0.034375 0.103125
1 0.94765625 0.265625 0.0265625 0.11953125
0 0.21171875 0.453125 0.0453125 0.09453125
0 0.27265625 0.2359375 0.0265625 0.1
0 0.3875 0.47890625 0.059375 0.1140625
0 0.421875 0.28359375 0.046875 0.09453125
0 0.58515625 0.4390625 0.0421875 0.128125
0 0.32109375 0.59296875 0.0328125 0.13046875
0 0.65234375 0.38046875 0.0453125 0.128125
0 0.49453125 0.325 0.0203125 0.0640625
0 0.55234375 0.42890625 0.0265625 0.11953125
0 0.5375 0.3734375 0.0203125 0.04453125