0 0.49609375 0.40390625 0.0484375 0.125
0 0.4796875 0.453125 0.034375 0.10546875
0 0.4421875 0.62890625 0.05625 0.15859375
0 0.60859375 0.465625 0.0359375 0.1140625
0 0.434375 0.5515625 0.053125 0.125
0 0.428125 0.49453125 0.053125 0.13359375
0 0.26875 0.90703125 0.04375 0.18046875
0 0.6390625 0.48203125 0.046875 0.15859375
0 0.40859375 0.2140625 0.0390625 0.121875
0 0.30078125 0.359375 0.0296875 0.1359375
0 0.82109375 0.4859375 0.0359375 0.14453125
0 0.2578125 0.48359375 0.040625 0.15
0 0.28046875 0.61953125 0.0484375 0.14453125
0 0.5109375 0.59609375 0.0625 0.153125
0 0.3921875 0.84453125 0.05 0.121875
0 0.45390625 0.20546875 0.0609375 0.11640625
0 0.4234375 0.4109375 0.05 0.13359375