0 0.50390625 0.6984375 0.0328125 0.1140625
0 0.48515625 0.60546875 0.0484375 0.05
0 0.725 0.603125 0.05 0.1
0 0.5390625 0.49140625 0.0625 0.0890625
0 0.48515625 0.646875 0.0515625 0.06640625
0 0.30859375 0.615625 0.0453125 0.1140625
0 0.4515625 0.490625 0.046875 0.09140625
0 0.69453125 0.5359375 0.0453125 0.1
0 0.55234375 0.57890625 0.0484375 0.103125
0 0.603125 0.7265625 0.071875 0.09140625
0 0.4546875 0.5765625 0.05 0.11953125
0 0.57109375 0.6359375 0.0578125 0.0890625
0 0.19296875 0.5890625 0.0328125 0.16640625
0 0.4765625 0.73359375 0.05625 0.1109375
0 0.72734375 0.70546875 0.0484375 0.13359375
0 0.9703125 0.3640625 0.0375 0.1390625
0 0.62109375 0.1390625 0.0328125 0.1109375
0 0.921875 0.76796875 0.05 0.146875
0 0.6515625 0.47109375 0.04375 0.13046875
0 0.3765625 0.1515625 0.05 0.11953125
0 0.49765625 0.559375 0.0421875 0.05859375