0 0.1046875 0.5107858243451464 0.046875 0.23266563944530047
0 0.2869791666666667 0.5701078582434514 0.057291666666666664 0.2711864406779661
0 0.16276041666666666 0.6286594761171033 0.0578125 0.24961479198767333
0 0.3346354166666667 0.5500770416024653 0.04635416666666667 0.28043143297380585
0 0.18984375 0.40600924499229585 0.044270833333333336 0.2110939907550077
0 0.21380208333333334 0.6486902927580893 0.049479166666666664 0.29583975346687214
0 0.25234375 0.3305084745762712 0.059895833333333336 0.2665639445300462
0 0.56328125 0.6402157164869029 0.050520833333333334 0.2696456086286595
0 0.6518229166666667 0.6348228043143297 0.0609375 0.26810477657935283
0 0.4986979166666667 0.5184899845916795 0.049479166666666664 0.25115562403698
0 0.39166666666666666 0.5924499229583975 0.051041666666666666 0.22033898305084745