0 0.55078125 0.03686635944700461 0.0359375 0.07373271889400922
0 0.3359375 0.27419354838709675 0.028125 0.16129032258064516
0 0.340625 0.5368663594470046 0.034375 0.22580645161290322
0 0.29609375 0.5714285714285714 0.0515625 0.1935483870967742
0 0.38828125 0.6543778801843319 0.0359375 0.2304147465437788
0 0.3171875 0.2880184331797235 0.034375 0.17050691244239632
0 0.79296875 0.9493087557603687 0.0453125 0.10138248847926268
0 0.921875 0.08986175115207373 0.034375 0.17972350230414746
0 0.69609375 0.6912442396313364 0.0359375 0.16589861751152074
0 0.38046875 0.4308755760368664 0.0546875 0.17972350230414746
0 0.47890625 0.020737327188940093 0.0296875 0.041474654377880185
0 0.55 0.3847926267281106 0.034375 0.2073732718894009
0 0.56953125 0.9377880184331797 0.0453125 0.12442396313364056
0 0.72890625 0.631336405529954 0.0515625 0.17511520737327188
0 0.96953125 0.5783410138248848 0.0484375 0.19815668202764977