0 0.5125 0.41705069124423966 0.046875 0.15207373271889402
0 0.190625 0.02534562211981567 0.040625 0.05069124423963134
0 0.44921875 0.46774193548387094 0.0609375 0.2626728110599078
0 0.22421875 0.10829493087557604 0.0609375 0.21658986175115208
0 0.259375 0.9032258064516129 0.059375 0.1935483870967742
0 0.49375 0.652073732718894 0.046875 0.2903225806451613
0 0.5296875 0.3087557603686636 0.046875 0.18433179723502305
0 0.2171875 0.9055299539170507 0.046875 0.1889400921658986
0 0.09921875 0.49539170506912444 0.0453125 0.2350230414746544
0 0.2859375 0.41705069124423966 0.05 0.24423963133640553
0 0.1796875 0.1359447004608295 0.05625 0.2350230414746544
0 0.7546875 0.4815668202764977 0.06875 0.31797235023041476
0 0.56640625 0.35253456221198154 0.0578125 0.2534562211981567
0 0.58359375 0.6152073732718893 0.0640625 0.2903225806451613