0 0.39140625 0.42857142857142855 0.0328125 0.20276497695852536
0 0.58828125 0.4032258064516129 0.0359375 0.14285714285714285
0 0.61640625 0.3317972350230415 0.0390625 0.11059907834101383
0 0.62421875 0.47465437788018433 0.0421875 0.20276497695852536
0 0.40859375 0.29723502304147464 0.0328125 0.15207373271889402
0 0.071875 0.6221198156682027 0.0375 0.2119815668202765
0 0.5375 0.3640552995391705 0.046875 0.11981566820276497
0 0.53984375 0.2626728110599078 0.0453125 0.11981566820276497
0 0.51875 0.4539170506912442 0.05625 0.1152073732718894
0 0.56015625 0.0967741935483871 0.0265625 0.16589861751152074
0 0.70703125 0.3686635944700461 0.0234375 0.2304147465437788
0 0.5125 0.5645161290322581 0.065625 0.14285714285714285
0 0.734375 0.44930875576036866 0.03125 0.2073732718894009
0 0.44453125 0.9447004608294931 0.0453125 0.11059907834101383
0 0.35078125 0.6405529953917051 0.0359375 0.2119815668202765
0 0.58828125 0.9470046082949308 0.0546875 0.10599078341013825
0 0.58125 0.6751152073732719 0.05 0.2073732718894009
0 0.22109375 0.21428571428571427 0.0296875 0.17972350230414746
0 0.63828125 0.11059907834101383 0.0421875 0.15668202764976957