0 0.43984375 0.5737327188940092 0.0734375 0.24423963133640553
0 0.815625 0.20276497695852536 0.04375 0.15668202764976957
0 0.86875 0.35253456221198154 0.046875 0.19815668202764977
0 0.54921875 0.5138248847926268 0.0484375 0.24423963133640553
0 0.475 0.3248847926267281 0.034375 0.19815668202764977
0 0.821875 0.020737327188940093 0.059375 0.041474654377880185
0 0.50546875 0.35023041474654376 0.0484375 0.2119815668202765
0 0.8703125 0.03225806451612903 0.0375 0.06451612903225806
0 0.7703125 0.22119815668202766 0.065625 0.1935483870967742
0 0.64296875 0.5714285714285714 0.0578125 0.22119815668202766
1 0.1265625 0.21889400921658986 0.0375 0.2073732718894009
0 0.3109375 0.4470046082949309 0.0625 0.22119815668202766