0 0.63515625 0.3359375 0.0484375 0.0609375
0 0.53828125 0.346875 0.0484375 0.071875
0 0.58203125 0.403125 0.0546875 0.0609375
0 0.54765625 0.275 0.0390625 0.1109375
0 0.5109375 0.45859375 0.05 0.1
0 0.5265625 0.40390625 0.046875 0.096875
0 0.6671875 0.3359375 0.046875 0.10546875
0 0.5859375 0.4890625 0.0625 0.1109375
0 0.03671875 0.3625 0.0359375 0.153125
0 0.43125 0.303125 0.03125 0.15
0 0.3328125 0.41796875 0.040625 0.146875
0 0.4171875 0.21953125 0.04375 0.13359375
0 0.471875 0.49296875 0.0625 0.15859375
0 0.671875 0.2609375 0.05625 0.1390625
0 0.4046875 0.7359375 0.034375 0.1890625
0 0.86875 0.4234375 0.04375 0.13046875
0 0.5171875 0.74609375 0.06875 0.1859375
0 0.37734375 0.3765625 0.0390625 0.1359375