0 0.5359375 0.4447004608294931 0.065625 0.10599078341013825
0 0.4265625 0.21428571428571427 0.059375 0.16129032258064516
0 0.50390625 0.41244239631336405 0.0640625 0.19815668202764977
0 0.5171875 0.3225806451612903 0.053125 0.12903225806451613
0 0.41953125 0.33640552995391704 0.0671875 0.17511520737327188
0 0.22578125 0.35944700460829493 0.0484375 0.2857142857142857
0 0.5421875 0.26497695852534564 0.0625 0.1152073732718894
0 0.53984375 0.5599078341013825 0.0671875 0.22580645161290322
0 0.52109375 0.652073732718894 0.0640625 0.3271889400921659
0 0.41328125 0.6244239631336406 0.0921875 0.19815668202764977
0 0.01953125 0.716589861751152 0.0390625 0.3271889400921659
0 0.61171875 0.24423963133640553 0.0578125 0.2764976958525346
0 0.41796875 0.4700460829493088 0.0765625 0.17511520737327188
0 0.10234375 0.07834101382488479 0.0390625 0.15668202764976957
0 0.65390625 0.619815668202765 0.0609375 0.2995391705069124
0 0.146875 0.5368663594470046 0.046875 0.3548387096774194
0 0.28984375 0.1336405529953917 0.0390625 0.2672811059907834
0 0.87890625 0.41705069124423966 0.0546875 0.271889400921659
0 0.2828125 0.543778801843318 0.053125 0.30414746543778803
0 0.53984375 0.1152073732718894 0.0578125 0.2304147465437788