0 0.596875 0.5345622119815668 0.04375 0.29493087557603687
0 0.4859375 0.5483870967741935 0.078125 0.2672811059907834
0 0.215625 0.8271889400921659 0.046875 0.3456221198156682
0 0.48125 0.3248847926267281 0.059375 0.22580645161290322
0 0.65234375 0.3087557603686636 0.0359375 0.23963133640552994
0 0.421875 0.31797235023041476 0.053125 0.2764976958525346
0 0.45390625 0.5184331797235023 0.0578125 0.33640552995391704
0 0.54921875 0.32027649769585254 0.0578125 0.2626728110599078
1 0.9515625 0.1336405529953917 0.03125 0.2672811059907834
0 0.68203125 0.4377880184331797 0.0515625 0.34101382488479265
0 0.621875 0.5944700460829493 0.071875 0.3317972350230415
0 0.52421875 0.5990783410138248 0.0640625 0.31336405529953915