0 0.5734375 0.5253456221198156 0.065625 0.12903225806451613
0 0.484375 0.3663594470046083 0.046875 0.14285714285714285
0 0.509375 0.4470046082949309 0.059375 0.18433179723502305
0 0.453125 0.38018433179723504 0.04375 0.17050691244239632
0 0.4375 0.6221198156682027 0.0625 0.2488479262672811
0 0.5640625 0.2764976958525346 0.078125 0.17511520737327188
0 0.590625 0.631336405529954 0.075 0.20276497695852536
0 0.5703125 0.41244239631336405 0.075 0.16129032258064516
0 0.465625 0.2695852534562212 0.053125 0.12442396313364056
0 0.465625 0.652073732718894 0.08125 0.3087557603686636
0 0.6734375 0.631336405529954 0.046875 0.30414746543778803
0 0.70234375 0.4377880184331797 0.0453125 0.2857142857142857
0 0.41875 0.20276497695852536 0.0375 0.2764976958525346
0 0.11953125 0.423963133640553 0.0515625 0.2672811059907834
0 0.7703125 0.28110599078341014 0.05 0.31336405529953915
0 0.91953125 0.7073732718894009 0.0515625 0.31797235023041476
0 0.665625 0.3456221198156682 0.04375 0.25806451612903225
0 0.83125 0.09216589861751152 0.0375 0.18433179723502305
0 0.47890625 0.10138248847926268 0.0546875 0.20276497695852536