0 0.30625 0.34453125 0.05625 0.2109375
0 0.59296875 0.36953125 0.0640625 0.071875
0 0.4984375 0.56953125 0.065625 0.14453125
0 0.49921875 0.4890625 0.0703125 0.08359375
0 0.6546875 0.3875 0.05 0.075
0 0.62265625 0.521875 0.0703125 0.1
0 0.48984375 0.44140625 0.0671875 0.08359375
0 0.6625 0.48359375 0.075 0.18359375
0 0.45703125 0.40703125 0.0984375 0.125
0 0.4375 0.29296875 0.034375 0.203125
0 0.44375 0.56953125 0.046875 0.221875
0 0.61640625 0.6015625 0.0734375 0.146875
0 0.30546875 0.45546875 0.0484375 0.2390625
0 0.24140625 0.571875 0.0578125 0.23359375
0 0.46796875 0.64453125 0.0703125 0.221875
1 0.234375 0.43046875 0.0625 0.20546875
0 0.86875 0.4484375 0.059375 0.203125
0 0.58671875 0.33046875 0.059375 0.04140625
0 0.5890625 0.44453125 0.0796875 0.0359375
0 0.60625 0.4640625 0.06875 0.053125