0 0.45859375 0.33410138248847926 0.0390625 0.15207373271889402
0 0.65234375 0.3548387096774194 0.0421875 0.18433179723502305
0 0.290625 0.347926267281106 0.034375 0.2073732718894009
0 0.509375 0.41244239631336405 0.05 0.1889400921658986
0 0.3640625 0.9170506912442397 0.071875 0.16589861751152074
0 0.42265625 0.3778801843317972 0.0453125 0.18433179723502305
0 0.67265625 0.22119815668202766 0.0265625 0.1935483870967742
0 0.97109375 0.31336405529953915 0.0328125 0.2488479262672811
1 0.75546875 0.28110599078341014 0.0296875 0.2488479262672811
0 0.63125 0.6244239631336406 0.04375 0.2534562211981567
0 0.5484375 0.23732718894009217 0.04375 0.16129032258064516
0 0.3234375 0.5829493087557603 0.065625 0.28110599078341014
0 0.6984375 0.5138248847926268 0.04375 0.22580645161290322
0 0.86484375 0.9216589861751152 0.0640625 0.15668202764976957