0 0.390625 0.4861751152073733 0.034375 0.2350230414746544
0 0.47890625 0.3433179723502304 0.0328125 0.16129032258064516
0 0.3359375 0.9262672811059908 0.053125 0.14746543778801843
0 0.02578125 0.04838709677419355 0.0421875 0.0967741935483871
0 0.42421875 0.9792626728110599 0.0578125 0.041474654377880185
0 0.4265625 0.511520737327189 0.053125 0.2488479262672811
1 0.96875 0.2465437788018433 0.03125 0.24423963133640553
0 0.1484375 0.32027649769585254 0.040625 0.21658986175115208
0 0.22578125 0.4608294930875576 0.0421875 0.22119815668202766
0 0.32109375 0.23963133640552994 0.0515625 0.1935483870967742
0 0.34140625 0.34101382488479265 0.0546875 0.23963133640552994
1 0.74296875 0.04838709677419355 0.0265625 0.0967741935483871
0 0.19453125 0.49078341013824883 0.0546875 0.22580645161290322
0 0.49375 0.4539170506912442 0.05 0.1889400921658986
0 0.78125 0.23732718894009217 0.0625 0.19815668202764977