0 0.478125 0.521875 0.046875 0.09453125
0 0.3484375 0.28203125 0.034375 0.08046875
0 0.1984375 0.365625 0.028125 0.125
0 0.3140625 0.35390625 0.040625 0.125
0 0.46796875 0.15546875 0.0359375 0.121875
0 0.353125 0.38359375 0.040625 0.10546875
0 0.39921875 0.3875 0.0609375 0.125
0 0.44921875 0.61796875 0.0734375 0.15859375
0 0.74609375 0.665625 0.0578125 0.153125
0 0.3421875 0.4859375 0.05625 0.1609375
0 0.6125 0.4015625 0.04375 0.1359375
0 0.553125 0.178125 0.034375 0.1
0 0.2046875 0.475 0.040625 0.128125
0 0.615625 0.52890625 0.040625 0.146875
0 0.29296875 0.325 0.0421875 0.121875
0 0.828125 0.8265625 0.059375 0.1640625
0 0.31796875 0.834375 0.0671875 0.15859375
0 0.28203125 0.45703125 0.0609375 0.153125