0 0.515625 0.2903225806451613 0.0375 0.12903225806451613
0 0.49609375 0.3847926267281106 0.0390625 0.17972350230414746
0 0.4203125 0.22119815668202766 0.05 0.1382488479262673
0 0.40234375 0.3248847926267281 0.0578125 0.17050691244239632
0 0.48515625 0.2465437788018433 0.0359375 0.17050691244239632
0 0.41875 0.15898617511520738 0.040625 0.12442396313364056
0 0.5234375 0.2350230414746544 0.059375 0.20276497695852536
0 0.3125 0.2304147465437788 0.040625 0.1382488479262673
0 0.125 0.03917050691244239 0.028125 0.07834101382488479
0 0.4625 0.3433179723502304 0.040625 0.21658986175115208
0 0.525 0.4423963133640553 0.05 0.22119815668202766
0 0.40234375 0.41935483870967744 0.0703125 0.20276497695852536
0 0.28828125 0.17511520737327188 0.0359375 0.1935483870967742
0 0.4671875 0.04608294930875576 0.05625 0.09216589861751152
0 0.621875 0.3271889400921659 0.04375 0.25806451612903225
0 0.41171875 0.511520737327189 0.0671875 0.2304147465437788
0 0.29921875 0.3778801843317972 0.0484375 0.22119815668202766
0 0.29375 0.6267281105990783 0.059375 0.23963133640552994
0 0.74765625 0.3433179723502304 0.0421875 0.21658986175115208
0 0.50703125 0.619815668202765 0.0671875 0.21658986175115208