0 0.59296875 0.12903225806451613 0.0484375 0.09216589861751152
0 0.51015625 0.15898617511520738 0.0609375 0.16129032258064516
0 0.33671875 0.03917050691244239 0.0296875 0.07834101382488479
0 0.515625 0.24423963133640553 0.0625 0.17511520737327188
0 0.5765625 0.22119815668202766 0.046875 0.17511520737327188
0 0.140625 0.12903225806451613 0.034375 0.25806451612903225
0 0.14765625 0.9285714285714286 0.0546875 0.14285714285714285
0 0.4921875 0.08294930875576037 0.0625 0.16589861751152074
0 0.75546875 0.17050691244239632 0.0421875 0.2764976958525346
0 0.62109375 0.30414746543778803 0.0640625 0.2304147465437788
0 0.8796875 0.24423963133640553 0.040625 0.2304147465437788
0 0.36953125 0.3870967741935484 0.0421875 0.30414746543778803
0 0.2734375 0.7327188940092166 0.046875 0.30414746543778803
0 0.80546875 0.27419354838709675 0.0453125 0.2350230414746544
0 0.3421875 0.12672811059907835 0.0375 0.2534562211981567
0 0.51640625 0.38940092165898615 0.0765625 0.24423963133640553
0 0.03203125 0.5967741935483871 0.0484375 0.3087557603686636
0 0.6359375 0.6566820276497696 0.075 0.271889400921659
0 0.7375 0.9654377880184332 0.090625 0.06912442396313365