0 0.25859375 0.3225806451612903 0.0421875 0.16589861751152074
0 0.30703125 0.5 0.0578125 0.1889400921658986
0 0.2734375 0.4700460829493088 0.05625 0.20276497695852536
0 0.2125 0.42626728110599077 0.040625 0.24423963133640553
0 0.22890625 0.2557603686635945 0.0359375 0.14285714285714285
0 0.8125 0.1935483870967742 0.028125 0.23963133640552994
1 0.97734375 0.22119815668202766 0.0328125 0.23963133640552994
0 0.19375 0.3271889400921659 0.034375 0.20276497695852536
1 0.75625 0.03917050691244239 0.028125 0.07834101382488479
0 0.39921875 0.4539170506912442 0.0609375 0.15207373271889402
0 0.5015625 0.30184331797235026 0.034375 0.1889400921658986
0 0.52734375 0.9055299539170507 0.0515625 0.17972350230414746
0 0.4203125 0.9078341013824884 0.046875 0.18433179723502305
0 0.4859375 0.44930875576036866 0.065625 0.16129032258064516
0 0.33984375 0.5898617511520737 0.0546875 0.22119815668202766