0 0.53046875 0.39631336405529954 0.0453125 0.14746543778801843
0 0.42890625 0.3870967741935484 0.0640625 0.16589861751152074
0 0.51640625 0.4792626728110599 0.0453125 0.11059907834101383
0 0.4890625 0.4470046082949309 0.05 0.16589861751152074
0 0.39609375 0.5944700460829493 0.0609375 0.20276497695852536
0 0.52734375 0.32027649769585254 0.0515625 0.10599078341013825
0 0.41953125 0.47465437788018433 0.0578125 0.15668202764976957
0 0.2765625 0.07603686635944701 0.034375 0.15207373271889402
0 0.309375 0.03225806451612903 0.034375 0.06451612903225806
0 0.2703125 0.3778801843317972 0.0375 0.22119815668202766
0 0.44765625 0.2350230414746544 0.0421875 0.16589861751152074
0 0.5375 0.7119815668202765 0.0625 0.19815668202764977
0 0.8078125 0.42626728110599077 0.034375 0.28110599078341014
0 0.2375 0.5783410138248848 0.05 0.2350230414746544
0 0.5875 0.04377880184331797 0.034375 0.08755760368663594
0 0.259375 0.7304147465437788 0.04375 0.271889400921659
0 0.5515625 0.09216589861751152 0.05625 0.18433179723502305
0 0.40234375 0.7373271889400922 0.0703125 0.2764976958525346