0 0.3625 0.3847926267281106 0.028125 0.17972350230414746
0 0.36640625 0.20046082949308755 0.0328125 0.08755760368663594
0 0.3375 0.39631336405529954 0.040625 0.18433179723502305
0 0.51484375 0.5622119815668203 0.0484375 0.16589861751152074
0 0.2765625 0.45852534562211983 0.053125 0.19815668202764977
0 0.39140625 0.4009216589861751 0.0328125 0.1935483870967742
0 0.52578125 0.6013824884792627 0.0453125 0.2073732718894009
0 0.48828125 0.8387096774193549 0.0421875 0.18433179723502305
0 0.65234375 0.029953917050691243 0.0359375 0.059907834101382486
0 0.5390625 0.11059907834101383 0.0375 0.1382488479262673
0 0.8171875 0.4032258064516129 0.03125 0.17972350230414746
1 0.0515625 0.1382488479262673 0.021875 0.1935483870967742
0 0.578125 0.12211981566820276 0.034375 0.14285714285714285
0 0.453125 0.4470046082949309 0.03125 0.1935483870967742
0 0.44453125 0.8640552995391705 0.0609375 0.1889400921658986
0 0.62109375 0.018433179723502304 0.0421875 0.03686635944700461
0 0.2109375 0.3317972350230415 0.053125 0.18433179723502305