0 0.39375 0.10368663594470046 0.05625 0.1336405529953917
0 0.4 0.25806451612903225 0.053125 0.2119815668202765
0 0.48515625 0.28110599078341014 0.0484375 0.17511520737327188
0 0.45703125 0.14285714285714285 0.0546875 0.16589861751152074
0 0.3921875 0.04608294930875576 0.05625 0.09216589861751152
0 0.290625 0.06451612903225806 0.034375 0.12903225806451613
0 0.23203125 0.35944700460829493 0.0484375 0.2488479262672811
0 0.153125 0.6751152073732719 0.046875 0.2995391705069124
0 0.51875 0.7304147465437788 0.0875 0.2534562211981567
0 0.73359375 0.11981566820276497 0.0390625 0.22119815668202766
0 0.2296875 0.10599078341013825 0.0375 0.2119815668202765