0 0.46171875 0.04608294930875576 0.0390625 0.09216589861751152
0 0.4546875 0.11981566820276497 0.0375 0.2119815668202765
0 0.48046875 0.2857142857142857 0.0515625 0.22119815668202766
0 0.51484375 0.07834101382488479 0.0609375 0.15668202764976957
0 0.39765625 0.04838709677419355 0.0453125 0.0967741935483871
0 0.4984375 0.7534562211981567 0.096875 0.2626728110599078
0 0.51171875 0.21428571428571427 0.0640625 0.24423963133640553
0 0.1 0.6935483870967742 0.04375 0.2903225806451613
0 0.28984375 0.06912442396313365 0.0359375 0.1382488479262673
0 0.2265625 0.3686635944700461 0.05 0.2488479262672811
0 0.409375 0.22350230414746544 0.071875 0.2350230414746544
0 0.7328125 0.12903225806451613 0.040625 0.2304147465437788
0 0.240625 0.1175115207373272 0.0375 0.22580645161290322