0 0.015625 0.06875 0.03125 0.1140625
0 0.62109375 0.10234375 0.05703125 0.06796875
0 0.57265625 0.6140625 0.0609375 0.071875
0 0.7484375 0.215625 0.04609375 0.146875
0 0.66171875 0.4109375 0.05234375 0.1796875
0 0.06875 0.51640625 0.078125 0.19296875
0 0.640625 0.3203125 0.04296875 0.1796875
0 0.5828125 0.1171875 0.06328125 0.07890625
0 0.78984375 0.315625 0.0484375 0.17578125
0 0.41875 0.06328125 0.0328125 0.1265625
0 0.3625 0.046875 0.03671875 0.09375
0 0.87578125 0.37890625 0.06015625 0.1890625
0 0.5078125 0.60625 0.09296875 0.125
0 0.75390625 0.3453125 0.05546875 0.1796875