0 0.5385416666666667 0.28736517719568566 0.041666666666666664 0.1926040061633282
0 0.31796875 0.07087827426810478 0.03802083333333333 0.14175654853620956
0 0.5765625 0.2727272727272727 0.03125 0.20955315870570107
0 0.3770833333333333 0.32819722650231126 0.03229166666666667 0.15716486902927582
0 0.45651041666666664 0.04699537750385208 0.0359375 0.09399075500770417
0 0.5557291666666667 0.32973805855161786 0.046875 0.21263482280431434
0 0.5197916666666667 0.17950693374422189 0.040625 0.18952234206471494
0 0.03854166666666667 0.05546995377503852 0.0375 0.11093990755007704
0 0.6885416666666667 0.23728813559322035 0.036458333333333336 0.21263482280431434
0 0.7356770833333334 0.22033898305084745 0.0515625 0.23420647149460708
0 0.3770833333333333 0.5015408320493067 0.059375 0.2542372881355932
0 0.6484375 0.10785824345146379 0.03229166666666667 0.19722650231124808
0 0.5135416666666667 0.8906009244992296 0.05416666666666667 0.21879815100154082
0 0.46510416666666665 0.137904468412943 0.0625 0.18335901386748846
0 0.34765625 0.8728813559322034 0.044270833333333336 0.23882896764252695