0 0.5203125 0.06451612903225806 0.04375 0.12903225806451613
0 0.53203125 0.12903225806451613 0.0421875 0.1382488479262673
0 0.67578125 0.4308755760368664 0.0390625 0.24423963133640553
0 0.4765625 0.14055299539170507 0.0375 0.15207373271889402
0 0.53046875 0.20967741935483872 0.0390625 0.14285714285714285
0 0.66640625 0.23963133640552994 0.0296875 0.17511520737327188
0 0.315625 0.10368663594470046 0.040625 0.2073732718894009
0 0.78828125 0.7649769585253456 0.0296875 0.2764976958525346
0 0.5234375 0.2995391705069124 0.053125 0.1935483870967742
0 0.4328125 0.18663594470046083 0.046875 0.2073732718894009
0 0.81328125 0.055299539170506916 0.0328125 0.11059907834101383
0 0.4625 0.35023041474654376 0.046875 0.20276497695852536
0 0.5328125 0.020737327188940093 0.046875 0.041474654377880185
0 0.41484375 0.3986175115207373 0.0515625 0.22580645161290322
0 0.41640625 0.815668202764977 0.0671875 0.2672811059907834