0 0.99296875 0.07142857142857142 0.0140625 0.14285714285714285
0 0.51015625 0.2903225806451613 0.0515625 0.2119815668202765
0 0.634375 0.2304147465437788 0.059375 0.22119815668202766
0 0.72890625 0.14746543778801843 0.0328125 0.2672811059907834
0 0.65625 0.05069124423963134 0.05 0.10138248847926268
0 0.3671875 0.1336405529953917 0.0375 0.2672811059907834
0 0.5546875 0.18202764976958524 0.053125 0.15207373271889402
0 0.553125 0.09907834101382489 0.05 0.0967741935483871
0 0.48984375 0.35944700460829493 0.0578125 0.23963133640552994
0 0.59375 0.38018433179723504 0.04375 0.2995391705069124
0 0.75078125 0.25806451612903225 0.0390625 0.30414746543778803
0 0.625 0.6129032258064516 0.05 0.31336405529953915
0 0.46796875 0.12211981566820276 0.0421875 0.24423963133640553
0 0.76875 0.08755760368663594 0.0375 0.17511520737327188
0 0.38984375 0.5599078341013825 0.0609375 0.31797235023041476
0 0.5765625 0.8179723502304147 0.046875 0.3271889400921659
0 0.36796875 0.804147465437788 0.0734375 0.3087557603686636