0 0.71171875 0.2511520737327189 0.0234375 0.15207373271889402
0 0.5828125 0.20967741935483872 0.0375 0.1336405529953917
0 0.496875 0.26036866359447003 0.04375 0.14285714285714285
0 0.50390625 0.1336405529953917 0.0328125 0.14746543778801843
0 0.571875 0.2465437788018433 0.040625 0.10599078341013825
0 0.54453125 0.3317972350230415 0.0421875 0.15668202764976957
0 0.4640625 0.07603686635944701 0.028125 0.15207373271889402
0 0.7140625 0.4055299539170507 0.034375 0.2119815668202765
0 0.58828125 0.41244239631336405 0.0453125 0.17050691244239632
0 0.59765625 0.684331797235023 0.0359375 0.271889400921659
0 0.1453125 0.695852534562212 0.034375 0.2764976958525346
0 0.5859375 0.08064516129032258 0.040625 0.16129032258064516
0 0.4640625 0.37557603686635943 0.065625 0.21658986175115208
0 0.3453125 0.3064516129032258 0.0375 0.1889400921658986
0 0.34609375 0.4976958525345622 0.0421875 0.2119815668202765
0 0.48359375 0.46543778801843316 0.0453125 0.23963133640552994
0 0.54921875 0.5668202764976958 0.0515625 0.22119815668202766