0 0.18125 0.3778801843317972 0.053125 0.2672811059907834
0 0.21875 0.4400921658986175 0.04375 0.24423963133640553
0 0.3234375 0.41705069124423966 0.034375 0.24423963133640553
0 0.2453125 0.4032258064516129 0.053125 0.24423963133640553
0 0.36015625 0.41013824884792627 0.0296875 0.23963133640552994
0 0.75234375 0.728110599078341 0.0328125 0.23963133640552994
0 0.98125 0.1336405529953917 0.0375 0.2119815668202765
0 0.29140625 0.3248847926267281 0.0515625 0.24423963133640553
0 0.73984375 0.17972350230414746 0.0421875 0.22119815668202766
0 0.54453125 0.07142857142857142 0.0421875 0.14285714285714285
0 0.41171875 0.41935483870967744 0.0390625 0.2488479262672811