0 0.5515625 0.4032258064516129 0.053125 0.14285714285714285
0 0.6265625 0.2672811059907834 0.046875 0.1382488479262673
0 0.40859375 0.27880184331797236 0.0421875 0.24423963133640553
0 0.27578125 0.03686635944700461 0.0296875 0.07373271889400922
0 0.40390625 0.4861751152073733 0.0359375 0.2995391705069124
0 0.1265625 0.1382488479262673 0.04375 0.2488479262672811
0 0.07734375 0.4815668202764977 0.0359375 0.271889400921659
0 0.63046875 0.19815668202764977 0.0515625 0.12903225806451613
0 0.590625 0.37557603686635943 0.053125 0.17972350230414746
0 0.8203125 0.41935483870967744 0.04375 0.2488479262672811
0 0.65078125 0.44930875576036866 0.0640625 0.24423963133640553
0 0.503125 0.4032258064516129 0.0625 0.16129032258064516
0 0.79140625 0.315668202764977 0.0421875 0.2626728110599078
0 0.5171875 0.5345622119815668 0.075 0.23963133640552994
0 0.51171875 0.17511520737327188 0.0515625 0.1935483870967742
0 0.69296875 0.2465437788018433 0.0328125 0.2534562211981567
0 0.49140625 0.07142857142857142 0.0296875 0.14285714285714285
0 0.63203125 0.052995391705069124 0.0546875 0.10599078341013825
0 0.2296875 0.771889400921659 0.05625 0.3271889400921659
0 0.590625 0.07603686635944701 0.053125 0.15207373271889402
0 0.6171875 0.6336405529953917 0.06875 0.2995391705069124