0 0.98828125 0.4539170506912442 0.0234375 0.2534562211981567
0 0.51171875 0.1543778801843318 0.0390625 0.14285714285714285
0 0.44453125 0.2880184331797235 0.0453125 0.1336405529953917
0 0.4359375 0.21428571428571427 0.0375 0.1152073732718894
0 0.5359375 0.4032258064516129 0.046875 0.15207373271889402
0 0.9296875 0.14285714285714285 0.03125 0.1935483870967742
0 0.44375 0.5 0.0375 0.16129032258064516
0 0.775 0.8064516129032258 0.034375 0.2764976958525346
0 0.55390625 0.4930875576036866 0.0515625 0.20276497695852536
0 0.4234375 0.7557603686635944 0.034375 0.25806451612903225
0 0.21171875 0.3271889400921659 0.0359375 0.1935483870967742
0 0.615625 0.4815668202764977 0.03125 0.22580645161290322
0 0.6609375 0.31336405529953915 0.034375 0.20276497695852536