0 0.19765625 0.10368663594470046 0.0515625 0.2073732718894009
0 0.64375 0.35253456221198154 0.04375 0.2626728110599078
0 0.37578125 0.8110599078341014 0.0453125 0.2857142857142857
0 0.56875 0.2073732718894009 0.04375 0.14746543778801843
0 0.11484375 0.7649769585253456 0.0515625 0.2672811059907834
0 0.73359375 0.47465437788018433 0.0453125 0.2857142857142857
0 0.5453125 0.35944700460829493 0.05625 0.18433179723502305
0 0.6171875 0.4009216589861751 0.046875 0.29493087557603687
0 0.13828125 0.5875576036866359 0.0546875 0.21658986175115208
0 0.165625 0.14285714285714285 0.059375 0.2304147465437788
0 0.7046875 0.42857142857142855 0.053125 0.23963133640552994
0 0.69453125 0.16820276497695852 0.0609375 0.28110599078341014
0 0.03125 0.5829493087557603 0.0625 0.271889400921659
0 0.80234375 0.3087557603686636 0.0578125 0.30414746543778803
0 0.096875 0.4838709677419355 0.05 0.2672811059907834