0 0.578125 0.42857142857142855 0.046875 0.18433179723502305
0 0.6109375 0.2557603686635945 0.046875 0.12442396313364056
0 0.50390625 0.21658986175115208 0.0421875 0.16589861751152074
0 0.490625 0.4400921658986175 0.071875 0.17972350230414746
0 0.4921875 0.347926267281106 0.071875 0.14285714285714285
0 0.48203125 0.532258064516129 0.0859375 0.2073732718894009
0 0.33828125 0.2350230414746544 0.0265625 0.2488479262672811
0 0.0875 0.8410138248847926 0.03125 0.31797235023041476
0 0.60625 0.3248847926267281 0.046875 0.1336405529953917
0 0.6359375 0.511520737327189 0.059375 0.23963133640552994
0 0.334375 0.6751152073732719 0.05 0.28110599078341014
0 0.77421875 0.4838709677419355 0.0390625 0.2672811059907834
0 0.34609375 0.4377880184331797 0.0453125 0.2119815668202765
0 0.69296875 0.5368663594470046 0.0390625 0.19815668202764977
0 0.5265625 0.5967741935483871 0.06875 0.271889400921659
0 0.634375 0.684331797235023 0.0625 0.2626728110599078
0 0.703125 0.7211981566820277 0.065625 0.28110599078341014