0 0.54921875 0.347926267281106 0.0359375 0.17050691244239632
0 0.3953125 0.2857142857142857 0.0375 0.18433179723502305
0 0.5390625 0.19815668202764977 0.028125 0.15668202764976957
0 0.65 0.4377880184331797 0.03125 0.14746543778801843
1 0.9390625 0.17972350230414746 0.028125 0.15668202764976957
0 0.5984375 0.26497695852534564 0.028125 0.17050691244239632
0 0.48671875 0.10138248847926268 0.0421875 0.15668202764976957
0 0.36015625 0.28110599078341014 0.0515625 0.20276497695852536
0 0.3515625 0.17511520737327188 0.0375 0.15668202764976957
0 0.5296875 0.4930875576036866 0.040625 0.1382488479262673
0 0.5984375 0.7119815668202765 0.05625 0.16129032258064516
0 0.9375 0.6405529953917051 0.0375 0.1935483870967742
0 0.25859375 0.20506912442396313 0.0328125 0.17972350230414746