0 0.4984375 0.31336405529953915 0.040625 0.2119815668202765
0 0.47734375 0.21658986175115208 0.0484375 0.12903225806451613
0 0.30703125 0.271889400921659 0.0484375 0.2672811059907834
0 0.5765625 0.24423963133640553 0.06875 0.15668202764976957
0 0.3296875 0.3663594470046083 0.04375 0.2534562211981567
0 0.45078125 0.39631336405529954 0.0609375 0.23963133640552994
0 0.81328125 0.07142857142857142 0.0390625 0.14285714285714285
0 0.45703125 0.6751152073732719 0.0609375 0.2626728110599078
0 0.8796875 0.8917050691244239 0.053125 0.21658986175115208
0 0.6875 0.6774193548387096 0.034375 0.30414746543778803
0 0.58671875 0.09216589861751152 0.0546875 0.18433179723502305
0 0.69375 0.18663594470046083 0.034375 0.24423963133640553
0 0.5765625 0.3686635944700461 0.065625 0.18433179723502305
0 0.55390625 0.5345622119815668 0.0859375 0.2119815668202765
0 0.665625 0.3663594470046083 0.040625 0.271889400921659
0 0.39375 0.7534562211981567 0.071875 0.28110599078341014