0 0.6057291666666667 0.43605546995377503 0.04583333333333333 0.2280431432973806
0 0.6158854166666666 0.4869029275808937 0.0421875 0.2465331278890601
0 0.521875 0.3921417565485362 0.041666666666666664 0.24807395993836673
0 0.34713541666666664 0.18952234206471494 0.0359375 0.18181818181818182
0 0.32760416666666664 0.24345146379044685 0.034375 0.2218798151001541
0 0.48828125 0.3551617873651772 0.05364583333333333 0.22650231124807396
0 0.5458333333333333 0.44992295839753466 0.04583333333333333 0.21263482280431434
0 0.275 0.03312788906009245 0.052083333333333336 0.0662557781201849
0 0.6442708333333333 0.40215716486902925 0.036458333333333336 0.18489984591679506
0 0.4591145833333333 0.28197226502311246 0.05364583333333333 0.24345146379044685
1 0.8591145833333333 0.04776579352850539 0.027604166666666666 0.09553158705701079
0 0.15104166666666666 0.15793528505392912 0.040625 0.16486902927580893
0 0.6979166666666666 0.3189522342064715 0.05625 0.23420647149460708
0 0.36171875 0.5046224961479199 0.043229166666666666 0.20801232665639446
0 0.5171875 0.9306625577812019 0.07395833333333333 0.1386748844375963
0 0.23229166666666667 0.9352850539291218 0.057291666666666664 0.12942989214175654