0 0.62578125 0.23732718894009217 0.0265625 0.14285714285714285
0 0.54296875 0.2119815668202765 0.0265625 0.16589861751152074
0 0.63203125 0.4838709677419355 0.0359375 0.18433179723502305
1 0.24375 0.33410138248847926 0.028125 0.21658986175115208
0 0.54140625 0.5276497695852534 0.0296875 0.22580645161290322
0 0.6390625 0.0967741935483871 0.021875 0.1935483870967742
0 0.365625 0.37327188940092165 0.021875 0.23963133640552994
0 0.59921875 0.4055299539170507 0.0390625 0.17511520737327188
0 0.490625 0.07603686635944701 0.028125 0.15207373271889402
0 0.18203125 0.31105990783410137 0.0234375 0.2073732718894009
0 0.6609375 0.22580645161290322 0.03125 0.18433179723502305
0 0.7578125 0.38018433179723504 0.028125 0.22580645161290322
0 0.63671875 0.6912442396313364 0.0546875 0.2672811059907834
0 0.865625 0.3824884792626728 0.03125 0.2119815668202765
0 0.40703125 0.16129032258064516 0.0234375 0.17511520737327188
0 0.51875 0.6889400921658986 0.025 0.271889400921659