0 0.378125 0.4109375 0.046875 0.05546875
0 0.40703125 0.484375 0.0546875 0.09140625
0 0.325 0.3875 0.059375 0.103125
0 0.37578125 0.46796875 0.0484375 0.11953125
0 0.465625 0.375 0.040625 0.09453125
0 0.428125 0.4015625 0.05 0.09140625
0 0.5296875 0.521875 0.059375 0.1109375
0 0.34296875 0.4125 0.0515625 0.1140625
0 0.84921875 0.853125 0.0578125 0.15
0 0.4203125 0.5390625 0.059375 0.1109375
0 0.3875 0.3375 0.046875 0.11953125
0 0.47109375 0.459375 0.0609375 0.096875
1 0.7 0.38046875 0.040625 0.15
0 0.62578125 0.35 0.0359375 0.15
0 0.5171875 0.28203125 0.028125 0.14140625
0 0.665625 0.50390625 0.046875 0.15859375
0 0.70859375 0.875 0.0890625 0.18359375
0 0.27734375 0.38359375 0.0453125 0.11640625
0 0.89375 0.709375 0.046875 0.175
0 0.12109375 0.415625 0.0421875 0.1359375
0 0.1796875 0.4359375 0.04375 0.16640625
0 0.55390625 0.45390625 0.0484375 0.14140625
0 0.56015625 0.753125 0.0734375 0.16640625