0 0.618359375 0.23787528868360278 0.06484375 0.47575057736720555
0 0.8703125 0.3325635103926097 0.0796875 0.5404157043879908
1 0.128125 0.07505773672055427 0.08125 0.15011547344110854
0 0.896484375 0.6778290993071594 0.10703125 0.6443418013856813
0 0.646484375 0.6478060046189377 0.11640625 0.7043879907621247
1 0.96640625 0.5346420323325635 0.065625 0.7505773672055427
0 0.423828125 0.41454965357967666 0.07578125 0.5704387990762124
0 0.358203125 0.3233256351039261 0.08828125 0.6466512702078522
0 0.458984375 0.9030023094688222 0.09453125 0.19399538106235567
0 0.767578125 0.5554272517321016 0.09453125 0.7551963048498845
0 0.56015625 0.3140877598152425 0.075 0.628175519630485
0 0.70546875 0.3187066974595843 0.078125 0.6374133949191686