0 0.50859375 0.5852534562211982 0.0453125 0.2304147465437788
0 0.58828125 0.2695852534562212 0.0421875 0.19815668202764977
0 0.7703125 0.08755760368663594 0.0375 0.17511520737327188
0 0.78671875 0.18202764976958524 0.0421875 0.2073732718894009
0 0.6984375 0.43548387096774194 0.05625 0.24423963133640553
0 0.4234375 0.3986175115207373 0.04375 0.21658986175115208
0 0.7234375 0.35253456221198154 0.04375 0.28110599078341014
0 0.6265625 0.30184331797235026 0.053125 0.24423963133640553
0 0.5671875 0.4447004608294931 0.065625 0.2534562211981567
0 0.54375 0.6428571428571429 0.071875 0.28110599078341014
0 0.79140625 0.8502304147465438 0.0796875 0.2995391705069124
0 0.6171875 0.45622119815668205 0.059375 0.2857142857142857
1 0.96015625 0.391705069124424 0.0359375 0.3317972350230415
0 0.55546875 0.2903225806451613 0.0640625 0.31336405529953915
0 0.8828125 0.059907834101382486 0.03125 0.11981566820276497
0 0.7390625 0.716589861751152 0.06875 0.3640552995391705
0 0.85859375 0.1543778801843318 0.0609375 0.22580645161290322
0 0.21484375 0.4216589861751152 0.0546875 0.2350230414746544