0 0.2359375 0.4046875 0.0125 0.02109375
1 0.2328125 0.42265625 0.0375 0.14453125
1 0.67890625 0.6453125 0.05625 0.15078125
1 0.9484375 0.23359375 0.034375 0.1125
1 0.6953125 0.209375 0.065625 0.1015625
1 0.60390625 0.46953125 0.04296875 0.1453125
1 0.62890625 0.56875 0.05234375 0.1453125
1 0.61953125 0.6140625 0.0640625 0.153125
1 0.30703125 0.45546875 0.0390625 0.13125
1 0.41328125 0.34296875 0.0390625 0.14453125
1 0.46875 0.32109375 0.0453125 0.1046875
1 0.5359375 0.365625 0.03203125 0.1015625
1 0.37109375 0.53125 0.03359375 0.14921875
1 0.42890625 0.534375 0.0515625 0.1453125
1 0.41484375 0.4625 0.0390625 0.1125
1 0.459375 0.47265625 0.046875 0.14921875
1 0.515625 0.4375 0.0453125 0.1484375
1 0.47421875 0.42578125 0.03828125 0.0765625
1 0.47578125 0.390625 0.0328125 0.06484375
1 0.49375 0.3625 0.025 0.06875