0 0.3888020833333333 0.47380585516178736 0.03697916666666667 0.22650231124807396
0 0.3807291666666667 0.29198767334360554 0.04583333333333333 0.16486902927580893
0 0.7869791666666667 0.08936825885978428 0.023958333333333335 0.17873651771956856
0 0.3377604166666667 0.3474576271186441 0.0453125 0.21417565485362094
0 0.42083333333333334 0.12403697996918336 0.030208333333333334 0.21417565485362094
0 0.36380208333333336 0.04314329738058552 0.030729166666666665 0.08628659476117104
0 0.45677083333333335 0.33513097072419107 0.058333333333333334 0.17411402157164868
0 0.33671875 0.0901386748844376 0.043229166666666666 0.1802773497688752
0 0.19088541666666667 0.25500770416024654 0.027604166666666666 0.23882896764252695
0 0.5166666666666667 0.04314329738058552 0.021875 0.08628659476117104
0 0.7575520833333333 0.802773497688752 0.034895833333333334 0.29892141756548535
0 0.3502604166666667 0.6101694915254238 0.0578125 0.2526964560862866
0 0.44375 0.45685670261941447 0.05416666666666667 0.16486902927580893
0 0.72265625 0.5693374422187981 0.030729166666666665 0.2665639445300462
0 0.6161458333333333 0.3443759630200308 0.041666666666666664 0.2110939907550077
0 0.328125 0.8636363636363636 0.08020833333333334 0.2727272727272727