0 0.521875 0.45852534562211983 0.040625 0.10599078341013825
0 0.4859375 0.5184331797235023 0.05 0.15207373271889402
1 0.9875 0.11059907834101383 0.025 0.22119815668202766
0 0.49453125 0.3294930875576037 0.0453125 0.10599078341013825
0 0.42734375 0.43548387096774194 0.0453125 0.0967741935483871
0 0.43125 0.511520737327189 0.046875 0.12903225806451613
0 0.27734375 0.41013824884792627 0.0421875 0.18433179723502305
0 0.521875 0.6889400921658986 0.046875 0.21658986175115208
0 0.434375 0.6221198156682027 0.05 0.16589861751152074
0 0.41953125 0.35714285714285715 0.0390625 0.14285714285714285
0 0.4546875 0.6866359447004609 0.040625 0.22119815668202766
0 0.55234375 0.30184331797235026 0.0328125 0.21658986175115208
0 0.19921875 0.2350230414746544 0.0328125 0.2119815668202765
0 0.17265625 0.059907834101382486 0.0328125 0.11981566820276497
0 0.26953125 0.5737327188940092 0.0421875 0.1889400921658986
0 0.47890625 0.052995391705069124 0.0390625 0.10599078341013825
0 0.75234375 0.4769585253456221 0.0390625 0.2073732718894009
0 0.196875 0.7073732718894009 0.0375 0.24423963133640553