0 0.596875 0.2557603686635945 0.04375 0.3548387096774194
0 0.81484375 0.2350230414746544 0.0515625 0.25806451612903225
0 0.28515625 0.07603686635944701 0.0546875 0.15207373271889402
0 0.8390625 0.3778801843317972 0.078125 0.29493087557603687
0 0.96640625 0.511520737327189 0.0546875 0.30414746543778803
0 0.26015625 0.08986175115207373 0.0515625 0.17972350230414746
0 0.50859375 0.4631336405529954 0.0390625 0.271889400921659
0 0.69921875 0.4930875576036866 0.0484375 0.2764976958525346
0 0.6375 0.4078341013824885 0.04375 0.28110599078341014
0 0.56875 0.4838709677419355 0.06875 0.31336405529953915
0 0.05390625 0.619815668202765 0.0828125 0.28110599078341014