0 0.53125 0.36902927580893685 0.04791666666666667 0.14637904468412943
0 0.4317708333333333 0.20878274268104777 0.04375 0.13405238828967642
0 0.6377604166666667 0.35824345146379044 0.044270833333333336 0.18952234206471494
0 0.57734375 0.2889060092449923 0.0453125 0.13405238828967642
0 0.5778645833333333 0.06933744221879815 0.030729166666666665 0.1386748844375963
0 0.48828125 0.4699537750385208 0.044270833333333336 0.15716486902927582
0 0.7361979166666667 0.4437596302003082 0.043229166666666666 0.2526964560862866
0 0.5770833333333333 0.5269645608628659 0.04583333333333333 0.23420647149460708
0 0.43020833333333336 0.3474576271186441 0.034375 0.2172573189522342
0 0.7645833333333333 0.41294298921417566 0.034375 0.23420647149460708
0 0.25494791666666666 0.5292758089368259 0.034895833333333334 0.24807395993836673
0 0.45078125 0.5685670261941448 0.06302083333333333 0.20955315870570107
0 0.6153645833333333 0.4083204930662558 0.0421875 0.18798151001540833
0 0.5356770833333333 0.15716486902927582 0.033854166666666664 0.17257318952234207
0 0.4127604166666667 0.8335901386748844 0.06614583333333333 0.25577812018489987
0 0.19270833333333334 0.8050847457627118 0.04583333333333333 0.2357473035439137
0 0.7104166666666667 0.17411402157164868 0.041666666666666664 0.1941448382126348
0 0.75859375 0.08089368258859785 0.0484375 0.1617873651771957