0 0.4953125 0.3556581986143187 0.046875 0.16166281755196305
0 0.558203125 0.25981524249422633 0.03203125 0.16397228637413394
0 0.55859375 0.605080831408776 0.0453125 0.24480369515011546
0 0.455078125 0.38221709006928406 0.04140625 0.21939953810623555
0 0.99140625 0.08083140877598152 0.0171875 0.16166281755196305
0 0.5796875 0.30484988452655887 0.04375 0.22170900692840648
0 0.577734375 0.674364896073903 0.04453125 0.2632794457274827
0 0.50390625 0.25981524249422633 0.04375 0.13163972286374134
0 0.39609375 0.3579676674364896 0.0421875 0.18013856812933027
0 0.504296875 0.4930715935334873 0.04140625 0.22863741339491916
0 0.55234375 0.4214780600461894 0.046875 0.21016166281755197
1 0.107421875 0.021939953810623556 0.03515625 0.04387990762124711
0 0.3609375 0.3995381062355658 0.040625 0.24018475750577367
0 0.377734375 0.10739030023094688 0.02734375 0.19630484988452657
0 0.652734375 0.18475750577367206 0.03984375 0.17090069284064666
0 0.7640625 0.5173210161662818 0.0484375 0.20323325635103925