0 0.12578125 0.4353348729792148 0.059375 0.2702078521939954
0 0.581640625 0.2644341801385681 0.04296875 0.29330254041570436
0 0.76015625 0.22170900692840648 0.0484375 0.21709006928406466
0 0.529296875 0.27251732101616627 0.04296875 0.3094688221709007
0 0.558984375 0.2979214780600462 0.05078125 0.3094688221709007
0 0.428125 0.48498845265588914 0.059375 0.3140877598152425
0 0.616015625 0.3394919168591224 0.05859375 0.3833718244803695
0 0.80390625 0.28868360277136257 0.0390625 0.3279445727482679
0 0.76796875 0.384526558891455 0.0625 0.325635103926097
0 0.7015625 0.25519630484988454 0.075 0.3071593533487298
0 0.837890625 0.3810623556581986 0.07109375 0.3371824480369515
0 0.09609375 0.49191685912240185 0.09375 0.3325635103926097
0 0.294921875 0.625866050808314 0.06015625 0.3094688221709007
1 0.879296875 0.08198614318706697 0.03515625 0.16397228637413394