0 0.61875 0.21362586605080833 0.0578125 0.16859122401847576
0 0.115625 0.6096997690531177 0.0578125 0.3556581986143187
0 0.456640625 0.1997690531177829 0.05390625 0.16859122401847576
0 0.717578125 0.40877598152424943 0.05859375 0.13856812933025403
0 0.676171875 0.3960739030023095 0.05546875 0.2517321016166282
0 0.47734375 0.302540415704388 0.075 0.18937644341801385
0 0.539453125 0.4330254041570439 0.07109375 0.21478060046189376
0 0.4859375 0.4896073903002309 0.046875 0.3140877598152425
0 0.7359375 0.5542725173210161 0.0671875 0.21247113163972287
0 0.6109375 0.37759815242494227 0.0609375 0.21016166281755197
0 0.84765625 0.3960739030023095 0.0546875 0.26558891454965355
0 0.407421875 0.36605080831408776 0.05234375 0.28868360277136257
0 0.796875 0.2817551963048499 0.0484375 0.2909930715935335
0 0.6421875 0.5946882217090069 0.065625 0.3117782909930716
0 0.316796875 0.1766743648960739 0.04140625 0.2471131639722864
0 0.39453125 0.09930715935334873 0.0421875 0.19861431870669746
0 0.258984375 0.07736720554272518 0.04140625 0.15473441108545036
0 0.532421875 0.10739030023094688 0.05546875 0.21478060046189376