0 0.5140625 0.45546875 0.05625 0.11640625
0 0.51015625 0.33203125 0.0515625 0.06953125
0 0.4078125 0.18359375 0.046875 0.13359375
0 0.3953125 0.275 0.059375 0.11640625
0 0.4140625 0.453125 0.05625 0.10546875
0 0.4484375 0.3515625 0.05 0.096875
0 0.5203125 0.37890625 0.059375 0.0640625
0 0.64296875 0.240625 0.0359375 0.13046875
0 0.5609375 0.48046875 0.065625 0.15
0 0.67265625 0.3375 0.0421875 0.125
0 0.26875 0.40703125 0.05 0.10859375
0 0.3984375 0.76640625 0.075 0.178125
0 0.509375 0.25859375 0.0625 0.0890625
0 0.71875 0.425 0.040625 0.15
0 0.70078125 0.78203125 0.0703125 0.18046875
0 0.14296875 0.35390625 0.0421875 0.125
0 0.575 0.14140625 0.0328125 0.125