0 0.4375 0.3640625 0.04375 0.08359375
0 0.48984375 0.32109375 0.0390625 0.06953125
0 0.40390625 0.2875 0.0421875 0.06953125
0 0.28515625 0.30546875 0.0328125 0.1
0 0.4078125 0.3234375 0.04375 0.075
0 0.6 0.334375 0.034375 0.08046875
0 0.41171875 0.421875 0.0453125 0.10546875
0 0.49921875 0.38046875 0.0453125 0.08359375
0 0.60859375 0.2765625 0.0328125 0.09140625
0 0.4671875 0.2890625 0.0375 0.078125
0 0.51796875 0.4765625 0.0578125 0.09140625
0 0.3 0.3484375 0.04375 0.13046875
0 0.48828125 0.184375 0.0296875 0.096875
0 0.60390625 0.775 0.0390625 0.13359375
0 0.57890625 0.1 0.0234375 0.10546875
0 0.3484375 0.1015625 0.040625 0.10859375
0 0.60703125 0.41640625 0.0328125 0.1109375
0 0.4625 0.775 0.065625 0.14453125
0 0.3796875 0.18359375 0.046875 0.10546875