0 0.9234375 0.88046875 0.03125 0.05
0 0.98828125 0.53203125 0.0234375 0.153125
0 0.3421875 0.45390625 0.0375 0.1640625
0 0.9375 0.1890625 0.028125 0.10546875
0 0.36640625 0.4640625 0.0421875 0.171875
0 0.41015625 0.41796875 0.0703125 0.1359375
0 0.27734375 0.409375 0.0515625 0.18046875
0 0.95234375 0.246875 0.0453125 0.13359375
0 0.84765625 0.85859375 0.0609375 0.09453125
0 0.26640625 0.46640625 0.0640625 0.11640625
0 0.2109375 0.48359375 0.05625 0.121875
0 0.46328125 0.384375 0.0546875 0.153125
0 0.25546875 0.5859375 0.0609375 0.16640625
0 0.92265625 0.5109375 0.0734375 0.1609375
0 0.4125 0.36953125 0.04375 0.1140625
0 0.3671875 0.3515625 0.0203125 0.0640625
0 0.38203125 0.353125 0.0171875 0.08046875