0 0.6234375 0.340625 0.04375 0.08046875
0 0.29453125 0.15859375 0.0328125 0.15546875
0 0.78671875 0.30390625 0.0515625 0.146875
0 0.76640625 0.434375 0.0546875 0.14140625
0 0.5734375 0.428125 0.05 0.1609375
0 0.5 0.5484375 0.0625 0.175
0 0.7125 0.509375 0.04375 0.1359375
0 0.72265625 0.371875 0.0484375 0.14453125
0 0.63359375 0.43359375 0.0671875 0.1609375
0 0.39609375 0.259375 0.0640625 0.16953125
0 0.46640625 0.50703125 0.0609375 0.175
0 0.54140625 0.37890625 0.0640625 0.1640625
0 0.2734375 0.4015625 0.046875 0.196875
0 0.87890625 0.5375 0.0703125 0.15859375
0 0.584375 0.31796875 0.0375 0.06640625