0 0.46015625 0.14516129032258066 0.0640625 0.28110599078341014
0 0.4671875 0.2304147465437788 0.05625 0.2488479262672811
0 0.56796875 0.3087557603686636 0.0390625 0.2764976958525346
0 0.5046875 0.33410138248847926 0.06875 0.3271889400921659
0 0.42109375 0.38018433179723504 0.0484375 0.17050691244239632
0 0.603125 0.4377880184331797 0.075 0.3686635944700461
0 0.63359375 0.4055299539170507 0.0546875 0.3225806451612903
0 0.45703125 0.4400921658986175 0.0546875 0.2903225806451613
0 0.38828125 0.2304147465437788 0.0484375 0.29493087557603687
0 0.38515625 0.041474654377880185 0.0546875 0.08294930875576037
0 0.13046875 0.8317972350230415 0.0609375 0.33640552995391704