0 0.53203125 0.619815668202765 0.0421875 0.2534562211981567
0 0.42890625 0.5299539170506913 0.0671875 0.29493087557603687
0 0.440625 0.14516129032258066 0.0375 0.12442396313364056
0 0.42421875 0.3064516129032258 0.0484375 0.21658986175115208
0 0.490625 0.23271889400921658 0.046875 0.21658986175115208
0 0.4953125 0.44930875576036866 0.046875 0.22580645161290322
0 0.484375 0.6820276497695853 0.084375 0.2857142857142857
0 0.27421875 0.2465437788018433 0.0515625 0.2534562211981567
0 0.575 0.2880184331797235 0.05 0.271889400921659
0 0.521875 0.0944700460829493 0.04375 0.1889400921658986
0 0.8453125 0.5161290322580645 0.0375 0.2304147465437788
0 0.2453125 0.32027649769585254 0.04375 0.28110599078341014
0 0.84296875 0.7373271889400922 0.0453125 0.29493087557603687
0 0.371875 0.21889400921658986 0.065625 0.2350230414746544
0 0.725 0.10138248847926268 0.0375 0.20276497695852536