0 0.55625 0.18202764976958524 0.05 0.16129032258064516
0 0.57265625 0.4009216589861751 0.0578125 0.2488479262672811
0 0.57421875 0.32027649769585254 0.0484375 0.2350230414746544
0 0.6484375 0.29493087557603687 0.05625 0.23963133640552994
0 0.546875 0.4216589861751152 0.046875 0.2626728110599078
0 0.49140625 0.2488479262672811 0.0484375 0.2119815668202765
0 0.50546875 0.423963133640553 0.0609375 0.2304147465437788
0 0.5078125 0.33640552995391704 0.05625 0.22119815668202766
0 0.4078125 0.35714285714285715 0.04375 0.2073732718894009
0 0.53515625 0.619815668202765 0.0421875 0.24423963133640553
0 0.3671875 0.4700460829493088 0.059375 0.20276497695852536
0 0.328125 0.2073732718894009 0.0375 0.2119815668202765
0 0.41328125 0.6290322580645161 0.0453125 0.271889400921659
0 0.81015625 0.31105990783410137 0.0328125 0.1889400921658986
0 0.53203125 0.9124423963133641 0.0703125 0.17511520737327188
0 0.1140625 0.923963133640553 0.05 0.15207373271889402