0 0.33828125 0.46774193548387094 0.0359375 0.2534562211981567
0 0.3171875 0.3870967741935484 0.028125 0.17511520737327188
0 0.30078125 0.49539170506912444 0.0421875 0.22580645161290322
0 0.19921875 0.5046082949308756 0.0453125 0.22580645161290322
0 0.32421875 0.27419354838709675 0.0484375 0.17972350230414746
0 0.36484375 0.33640552995391704 0.0390625 0.2119815668202765
0 0.20078125 0.3387096774193548 0.0359375 0.2073732718894009
0 0.41796875 0.3317972350230415 0.0421875 0.20276497695852536
0 0.62578125 0.5092165898617511 0.0484375 0.24423963133640553
0 0.65625 0.4838709677419355 0.034375 0.2304147465437788
0 0.775 0.3686635944700461 0.059375 0.23963133640552994
0 0.39921875 0.3686635944700461 0.0484375 0.25806451612903225
0 0.27109375 0.532258064516129 0.0359375 0.271889400921659
0 0.6109375 0.9493087557603687 0.0625 0.10138248847926268
0 0.7109375 0.1175115207373272 0.034375 0.21658986175115208
0 0.59921875 0.0944700460829493 0.0484375 0.1889400921658986
0 0.55703125 0.9539170506912442 0.0671875 0.09216589861751152