0 0.5953125 0.2557603686635945 0.04375 0.16129032258064516
0 0.49296875 0.30184331797235026 0.0515625 0.1152073732718894
0 0.54921875 0.2764976958525346 0.0421875 0.14746543778801843
0 0.50546875 0.1175115207373272 0.0390625 0.1152073732718894
0 0.578125 0.4308755760368664 0.05 0.17050691244239632
0 0.47890625 0.41935483870967744 0.0703125 0.17511520737327188
0 0.48125 0.2350230414746544 0.0625 0.14746543778801843
0 0.32265625 0.17972350230414746 0.0359375 0.2119815668202765
0 0.58828125 0.15668202764976957 0.0453125 0.10138248847926268
0 0.35859375 0.45852534562211983 0.0484375 0.21658986175115208
0 0.3921875 0.35023041474654376 0.040625 0.1935483870967742
0 0.6109375 0.6129032258064516 0.0625 0.2857142857142857
0 0.8484375 0.26497695852534564 0.040625 0.22580645161290322
0 0.18671875 0.9170506912442397 0.0578125 0.16589861751152074
0 0.63359375 0.9055299539170507 0.0765625 0.1889400921658986
0 0.42890625 0.6221198156682027 0.0421875 0.2672811059907834