0 0.509375 0.10138248847926268 0.04375 0.11981566820276497
0 0.5046875 0.16820276497695852 0.046875 0.15207373271889402
0 0.50234375 0.315668202764977 0.0515625 0.19815668202764977
0 0.48046875 0.26497695852534564 0.0453125 0.2073732718894009
0 0.38515625 0.1336405529953917 0.0859375 0.18433179723502305
0 0.40703125 0.2903225806451613 0.0765625 0.20276497695852536
0 0.2171875 0.35023041474654376 0.05 0.2672811059907834
0 0.5921875 0.5599078341013825 0.0625 0.271889400921659
0 0.54765625 0.3387096774193548 0.0765625 0.2350230414746544
0 0.3 0.06912442396313365 0.040625 0.1382488479262673
0 0.690625 0.14055299539170507 0.046875 0.24423963133640553
0 0.28984375 0.8617511520737328 0.0515625 0.2764976958525346
0 0.5890625 0.8341013824884793 0.08125 0.30414746543778803
0 0.31171875 0.576036866359447 0.0484375 0.25806451612903225
0 0.66953125 0.2119815668202765 0.0671875 0.2764976958525346
0 0.15078125 0.1912442396313364 0.0453125 0.22580645161290322
0 0.42578125 0.4055299539170507 0.0734375 0.2672811059907834