0 0.4375 0.3387096774193548 0.0375 0.0967741935483871
0 0.415625 0.4769585253456221 0.0375 0.16129032258064516
0 0.390625 0.49539170506912444 0.04375 0.14285714285714285
0 0.490625 0.5460829493087558 0.05625 0.16129032258064516
0 0.446875 0.42626728110599077 0.05 0.17050691244239632
0 0.43203125 0.26497695852534564 0.0421875 0.10599078341013825
0 0.45859375 0.2695852534562212 0.0390625 0.1336405529953917
0 0.521875 0.271889400921659 0.04375 0.11059907834101383
0 0.5203125 0.3548387096774194 0.05625 0.14746543778801843
0 0.4015625 0.5875576036866359 0.046875 0.17050691244239632
0 0.365625 0.6497695852534562 0.053125 0.17511520737327188
0 0.40625 0.35253456221198154 0.0375 0.12442396313364056
0 0.515625 0.45161290322580644 0.065625 0.16589861751152074
0 0.48515625 0.6267281105990783 0.0515625 0.23963133640552994
0 0.62109375 0.3617511520737327 0.0359375 0.14285714285714285
0 0.62109375 0.5 0.0390625 0.21658986175115208
0 0.6375 0.1497695852534562 0.0375 0.21658986175115208
0 0.44609375 0.055299539170506916 0.0453125 0.11059907834101383
0 0.58046875 0.06912442396313365 0.0328125 0.1382488479262673
0 0.18046875 0.3986175115207373 0.0359375 0.19815668202764977
0 0.6 0.8248847926267281 0.0375 0.2857142857142857