0 0.44765625 0.5276497695852534 0.0796875 0.2626728110599078
0 0.4375 0.6152073732718893 0.046875 0.3548387096774194
0 0.578125 0.4400921658986175 0.05625 0.22580645161290322
0 0.6265625 0.29493087557603687 0.059375 0.25806451612903225
0 0.66328125 0.391705069124424 0.0453125 0.2672811059907834
0 0.46171875 0.31336405529953915 0.0421875 0.2488479262672811
0 0.7671875 0.07142857142857142 0.040625 0.14285714285714285
0 0.52890625 0.39631336405529954 0.0515625 0.3317972350230415
0 0.59296875 0.6221198156682027 0.0421875 0.31336405529953915
0 0.596875 0.23732718894009217 0.053125 0.21658986175115208
0 0.66484375 0.6912442396313364 0.0359375 0.35023041474654376
0 0.29609375 0.3225806451612903 0.0484375 0.31336405529953915
0 0.73984375 0.08986175115207373 0.0546875 0.17972350230414746
0 0.62421875 0.5622119815668203 0.0421875 0.2672811059907834
0 0.528125 0.16589861751152074 0.071875 0.3317972350230415
0 0.69765625 0.21658986175115208 0.0515625 0.23963133640552994