0 0.5875 0.359375 0.0484375 0.1546875
0 0.34453125 0.35390625 0.04609375 0.134375
0 0.540625 0.490625 0.03515625 0.11875
0 0.578125 0.4109375 0.06484375 0.15625
0 0.5203125 0.428125 0.05546875 0.14921875
0 0.31875 0.4109375 0.05625 0.1546875
0 0.9765625 0.10859375 0.0453125 0.11953125
0 0.64140625 0.46484375 0.05078125 0.13359375
0 0.35 0.46796875 0.07890625 0.140625
0 0.76796875 0.390625 0.04453125 0.178125
0 0.42265625 0.49296875 0.0625 0.14453125
0 0.8328125 0.44921875 0.04609375 0.1515625
0 0.3015625 0.36015625 0.0328125 0.13125
0 0.5515625 0.33828125 0.03046875 0.096875
0 0.53046875 0.36484375 0.03046875 0.06796875