0 0.639453125 0.04041570438799076 0.03203125 0.08083140877598152
0 0.519140625 0.04849884526558892 0.03046875 0.09699769053117784
0 0.601171875 0.12933025404157045 0.03984375 0.14780600461893764
0 0.419921875 0.11893764434180139 0.02890625 0.23787528868360278
0 0.387890625 0.2586605080831409 0.02890625 0.2540415704387991
0 0.76484375 0.11778290993071594 0.034375 0.20323325635103925
0 0.727734375 0.1674364896073903 0.03203125 0.24249422632794457
0 0.564453125 0.28752886836027713 0.03984375 0.18706697459584296
0 0.4625 0.33833718244803695 0.0421875 0.17321016166281755
0 0.51796875 0.16166281755196305 0.046875 0.15242494226327943
0 0.4953125 0.24249422632794457 0.0484375 0.14318706697459585
0 0.6265625 0.08198614318706697 0.0484375 0.16397228637413394
0 0.41640625 0.9145496535796767 0.065625 0.17090069284064666
0 0.256640625 0.8891454965357968 0.04921875 0.22170900692840648