0 0.4125 0.38018433179723504 0.04375 0.1152073732718894
0 0.42578125 0.30414746543778803 0.0453125 0.09216589861751152
0 0.459375 0.4032258064516129 0.04375 0.12442396313364056
0 0.515625 0.49078341013824883 0.05625 0.14285714285714285
0 0.40078125 0.5552995391705069 0.0421875 0.1889400921658986
0 0.509375 0.38018433179723504 0.046875 0.1152073732718894
0 0.52421875 0.6382488479262672 0.0609375 0.1889400921658986
0 0.6109375 0.423963133640553 0.034375 0.20276497695852536
0 0.98046875 0.6497695852534562 0.0390625 0.2304147465437788
0 0.50859375 0.2557603686635945 0.0515625 0.17050691244239632
0 0.63046875 0.1313364055299539 0.0296875 0.17972350230414746
0 0.5828125 0.020737327188940093 0.034375 0.041474654377880185
0 0.39921875 0.14516129032258066 0.0328125 0.21658986175115208
0 0.14375 0.41013824884792627 0.040625 0.1935483870967742
0 0.559375 0.5645161290322581 0.034375 0.24423963133640553
0 0.57734375 0.33410138248847926 0.0359375 0.1889400921658986
0 0.434375 0.5921658986175116 0.059375 0.21658986175115208
0 0.43984375 0.027649769585253458 0.0453125 0.055299539170506916