0 0.70390625 0.2119815668202765 0.0421875 0.14746543778801843
0 0.58984375 0.33410138248847926 0.0515625 0.1336405529953917
0 0.63671875 0.14285714285714285 0.0359375 0.14746543778801843
0 0.684375 0.2534562211981567 0.0375 0.12903225806451613
0 0.70234375 0.10368663594470046 0.0328125 0.14285714285714285
0 0.6109375 0.23732718894009217 0.053125 0.1336405529953917
0 0.67265625 0.3640552995391705 0.0421875 0.20276497695852536
0 0.64765625 0.04377880184331797 0.0265625 0.08755760368663594
0 0.57421875 0.4423963133640553 0.0546875 0.1382488479262673
0 0.65 0.543778801843318 0.06875 0.2488479262672811
0 0.23671875 0.06221198156682028 0.0234375 0.12442396313364056
0 0.72890625 0.04377880184331797 0.0359375 0.08755760368663594
0 0.51796875 0.09216589861751152 0.0203125 0.18433179723502305
0 0.73359375 0.17511520737327188 0.0328125 0.17511520737327188
0 0.71796875 0.5990783410138248 0.0328125 0.2488479262672811
0 0.49453125 0.18202764976958524 0.0234375 0.22580645161290322
0 0.1359375 0.3456221198156682 0.028125 0.22119815668202766
0 0.48359375 0.6359447004608295 0.0328125 0.2672811059907834
0 0.8203125 0.28110599078341014 0.04375 0.22119815668202766
0 0.46640625 0.35944700460829493 0.0296875 0.2304147465437788