0 0.36328125 0.35944700460829493 0.0484375 0.23963133640552994
0 0.4234375 0.4423963133640553 0.059375 0.22119815668202766
0 0.33125 0.16589861751152074 0.028125 0.1935483870967742
0 0.346875 0.3248847926267281 0.059375 0.2903225806451613
0 0.46953125 0.3663594470046083 0.0484375 0.21658986175115208
0 0.5328125 0.41705069124423966 0.0625 0.2350230414746544
0 0.35234375 0.5552995391705069 0.0859375 0.2073732718894009
0 0.2734375 0.4838709677419355 0.0875 0.11059907834101383
0 0.30078125 0.2557603686635945 0.0609375 0.33640552995391704
0 0.46875 0.5299539170506913 0.08125 0.14746543778801843
0 0.61796875 0.35253456221198154 0.0421875 0.2073732718894009
0 0.6265625 0.5645161290322581 0.046875 0.28110599078341014
0 0.58203125 0.2511520737327189 0.0578125 0.3087557603686636
0 0.82578125 0.4470046082949309 0.0515625 0.2672811059907834
0 0.03359375 0.42857142857142855 0.0546875 0.3778801843317972
0 0.74609375 0.6290322580645161 0.0640625 0.2350230414746544
0 0.4578125 0.04608294930875576 0.040625 0.09216589861751152