0 0.27109375 0.19815668202764977 0.0515625 0.11059907834101383
0 0.365625 0.059907834101382486 0.0375 0.11981566820276497
0 0.4296875 0.2557603686635945 0.034375 0.2626728110599078
0 0.46171875 0.12211981566820276 0.0390625 0.1336405529953917
0 0.64453125 0.6451612903225806 0.0515625 0.3778801843317972
0 0.44921875 0.29723502304147464 0.0421875 0.2626728110599078
0 0.55625 0.21889400921658986 0.040625 0.2903225806451613
0 0.5953125 0.2764976958525346 0.04375 0.2764976958525346
0 0.35390625 0.39400921658986177 0.0734375 0.2534562211981567
0 0.48203125 0.3548387096774194 0.0640625 0.30414746543778803
0 0.3140625 0.1313364055299539 0.053125 0.21658986175115208
0 0.6171875 0.08525345622119816 0.046875 0.17050691244239632
1 0.8328125 0.041474654377880185 0.034375 0.08294930875576037
0 0.7890625 0.18433179723502305 0.040625 0.22119815668202766