0 0.66171875 0.321875 0.0515625 0.09453125
0 0.57578125 0.30859375 0.0390625 0.08359375
0 0.3359375 0.25 0.025 0.13359375
0 0.403125 0.29296875 0.0375 0.10859375
0 0.559375 0.340625 0.03125 0.08046875
0 0.5828125 0.240625 0.03125 0.0859375
0 0.06484375 0.309375 0.0296875 0.146875
0 0.78984375 0.31640625 0.0359375 0.1609375
0 0.51484375 0.371875 0.0609375 0.09453125
1 0.2453125 0.303125 0.040625 0.121875
0 0.62890625 0.4125 0.0578125 0.146875
0 0.90390625 0.33046875 0.0390625 0.15
0 0.3546875 0.33359375 0.034375 0.13359375
0 0.3515625 0.67890625 0.08125 0.2140625
0 0.378125 0.403125 0.0375 0.15
0 0.1953125 0.67109375 0.053125 0.1859375
0 0.5921875 0.48046875 0.0625 0.178125