0 0.66796875 0.1543778801843318 0.0421875 0.14285714285714285
0 0.55703125 0.16589861751152074 0.0328125 0.16589861751152074
0 0.6515625 0.195852534562212 0.046875 0.17972350230414746
0 0.4078125 0.15207373271889402 0.025 0.23963133640552994
0 0.53359375 0.20506912442396313 0.0453125 0.19815668202764977
0 0.13984375 0.12211981566820276 0.0265625 0.2350230414746544
0 0.075 0.684331797235023 0.0375 0.33640552995391704
0 0.27578125 0.3686635944700461 0.0296875 0.29493087557603687
0 0.5 0.2511520737327189 0.040625 0.22580645161290322
0 0.7875 0.20276497695852536 0.034375 0.25806451612903225
0 0.6203125 0.23732718894009217 0.053125 0.1889400921658986
0 0.496875 0.08755760368663594 0.034375 0.17511520737327188
1 0.26796875 0.14285714285714285 0.0328125 0.2488479262672811
0 0.89609375 0.21428571428571427 0.0359375 0.2534562211981567
0 0.61875 0.35944700460829493 0.059375 0.2488479262672811
0 0.0890625 0.3433179723502304 0.04375 0.28110599078341014
0 0.33359375 0.195852534562212 0.0265625 0.2350230414746544
0 0.33984375 0.7949308755760369 0.0796875 0.3640552995391705
0 0.58203125 0.4769585253456221 0.0671875 0.2903225806451613