0 0.557421875 0.21016166281755197 0.03828125 0.16628175519630484
0 0.612890625 0.2921478060046189 0.04453125 0.10392609699769054
0 0.575 0.019630484988452657 0.021875 0.03926096997690531
1 0.333984375 0.22055427251732102 0.01796875 0.16859122401847576
0 0.506640625 0.18013856812933027 0.03046875 0.18013856812933027
0 0.572265625 0.31062355658198615 0.03984375 0.16859122401847576
1 0.973046875 0.5323325635103926 0.02109375 0.18706697459584296
0 0.115625 0.6605080831408776 0.03125 0.15704387990762125
0 0.393359375 0.5300230946882217 0.03359375 0.16859122401847576
0 0.61796875 0.08545034642032333 0.0375 0.14780600461893764
0 0.453515625 0.08198614318706697 0.03359375 0.16397228637413394
0 0.481640625 0.9434180138568129 0.03203125 0.11316397228637413
0 0.47890625 0.26212471131639725 0.040625 0.16397228637413394
0 0.73203125 0.1836027713625866 0.028125 0.15473441108545036
0 0.684765625 0.1789838337182448 0.02734375 0.16397228637413394
0 0.522265625 0.7655889145496536 0.03046875 0.15473441108545036
0 0.294921875 0.9503464203233256 0.03046875 0.09930715935334873