0 0.6546875 0.6728110599078341 0.04375 0.16589861751152074
0 0.68359375 0.10138248847926268 0.0421875 0.11059907834101383
0 0.7171875 0.31105990783410137 0.0375 0.15207373271889402
0 0.8 0.30184331797235026 0.0375 0.21658986175115208
0 0.64921875 0.43317972350230416 0.0484375 0.1935483870967742
0 0.6640625 0.2926267281105991 0.04375 0.10599078341013825
0 0.44296875 0.17972350230414746 0.0421875 0.18433179723502305
0 0.41640625 0.2834101382488479 0.0390625 0.2073732718894009
0 0.1546875 0.14285714285714285 0.034375 0.2304147465437788
0 0.721875 0.47235023041474655 0.06875 0.2350230414746544
0 0.596875 0.27419354838709675 0.040625 0.2073732718894009
0 0.73046875 0.7258064516129032 0.0421875 0.2350230414746544