0 0.78828125 0.371824480369515 0.025 0.17090069284064666
0 0.2734375 0.6812933025404158 0.0296875 0.19861431870669746
0 0.623828125 0.11547344110854503 0.02109375 0.12933025404157045
1 0.633203125 0.3995381062355658 0.02421875 0.16166281755196305
0 0.603515625 0.10277136258660508 0.02421875 0.14549653579676675
0 0.7640625 0.21478060046189376 0.021875 0.16628175519630484
1 0.292578125 0.3302540415704388 0.02109375 0.15242494226327943
0 0.980859375 0.640877598152425 0.03046875 0.16397228637413394
0 0.741015625 0.32909930715935337 0.02265625 0.16859122401847576
0 0.709765625 0.20554272517321015 0.02421875 0.15242494226327943
0 0.867578125 0.34872979214780603 0.02578125 0.18013856812933027
0 0.396484375 0.6697459584295612 0.02734375 0.18937644341801385
0 0.833984375 0.44803695150115475 0.02109375 0.17551963048498845
0 0.9046875 0.5923787528868361 0.0390625 0.17782909930715934
0 0.861328125 0.5958429561200924 0.03203125 0.16628175519630484