0 0.7375 0.1766743648960739 0.0328125 0.26096997690531176
0 0.556640625 0.08775981524249422 0.03984375 0.12933025404157045
0 0.619921875 0.16397228637413394 0.04140625 0.13856812933025403
0 0.53828125 0.14780600461893764 0.053125 0.12933025404157045
0 0.619140625 0.312933025404157 0.04921875 0.18706697459584296
0 0.63359375 0.11662817551963048 0.0484375 0.16397228637413394
0 0.587890625 0.6501154734411085 0.03828125 0.22863741339491916
0 0.571875 0.4399538106235566 0.0484375 0.22401847575057737
0 0.361328125 0.4676674364896074 0.03203125 0.23787528868360278
0 0.529296875 0.25057736720554274 0.05390625 0.14549653579676675
0 0.495703125 0.13163972286374134 0.02734375 0.22170900692840648
0 0.2296875 0.10508083140877598 0.03125 0.19630484988452657
0 0.505078125 0.394919168591224 0.06171875 0.16166281755196305
0 0.192578125 0.8891454965357968 0.03984375 0.22170900692840648
0 0.286328125 0.6570438799076213 0.03671875 0.24249422632794457
0 0.428515625 0.2632794457274827 0.03359375 0.23556581986143188
0 0.569921875 0.9318706697459584 0.06953125 0.13625866050808313