0 0.613671875 0.4665127020785219 0.03671875 0.14780600461893764
0 0.70234375 0.6789838337182448 0.0671875 0.23556581986143188
0 0.683203125 0.5034642032332564 0.04765625 0.18013856812933027
0 0.628125 0.6362586605080831 0.046875 0.23787528868360278
0 0.3234375 0.18244803695150116 0.0328125 0.20323325635103925
0 0.67421875 0.7494226327944573 0.0625 0.23325635103926096
0 0.646875 0.5288683602771362 0.0390625 0.19399538106235567
0 0.2203125 0.21478060046189376 0.0375 0.16166281755196305
0 0.1484375 0.8337182448036952 0.071875 0.24942263279445728
0 0.52578125 0.6200923787528868 0.05 0.2702078521939954
0 0.58828125 0.6374133949191686 0.046875 0.2863741339491917
0 0.0609375 0.41570438799076215 0.0421875 0.23556581986143188
0 0.0765625 0.8799076212471132 0.0578125 0.24018475750577367