0 0.547265625 0.1420323325635104 0.04921875 0.2840646651270208
0 0.248828125 0.2066974595842956 0.04921875 0.302540415704388
0 0.259375 0.5854503464203233 0.0453125 0.2979214780600462
0 0.457421875 0.31986143187066973 0.07265625 0.302540415704388
0 0.358203125 0.558891454965358 0.05703125 0.3325635103926097
0 0.396875 0.5923787528868361 0.0609375 0.3441108545034642
0 0.101171875 0.07274826789838337 0.05859375 0.14549653579676675
0 0.437890625 0.546189376443418 0.08671875 0.3810623556581986
0 0.215625 0.6189376443418014 0.0625 0.30484988452655887
0 0.586328125 0.1812933025404157 0.05078125 0.28868360277136257
0 0.50390625 0.1812933025404157 0.0640625 0.2840646651270208
0 0.295703125 0.3244803695150115 0.05390625 0.279445727482679
0 0.333984375 0.5092378752886836 0.08359375 0.302540415704388
0 0.056640625 0.1581986143187067 0.05390625 0.29330254041570436
0 0.651171875 0.3787528868360277 0.06484375 0.3556581986143187