0 0.475 0.27880184331797236 0.05 0.2350230414746544
0 0.55546875 0.20967741935483872 0.0421875 0.19815668202764977
0 0.6359375 0.20967741935483872 0.046875 0.19815668202764977
0 0.55234375 0.3847926267281106 0.0765625 0.21658986175115208
0 0.61953125 0.38018433179723504 0.0546875 0.2995391705069124
1 0.1375 0.11059907834101383 0.05 0.22119815668202766
0 0.4375 0.42626728110599077 0.05625 0.12442396313364056
0 0.428125 0.2534562211981567 0.05625 0.29493087557603687
0 0.36171875 0.5668202764976958 0.0453125 0.3225806451612903
0 0.96328125 0.3824884792626728 0.0484375 0.29493087557603687
0 0.70078125 0.1889400921658986 0.0578125 0.2857142857142857
0 0.27265625 0.3640552995391705 0.0515625 0.31336405529953915
0 0.4078125 0.5414746543778802 0.059375 0.271889400921659