0 0.3536458333333333 0.0662557781201849 0.036458333333333336 0.1325115562403698
0 0.28463541666666664 0.28659476117103233 0.034895833333333334 0.2218798151001541
0 0.55078125 0.34129429892141755 0.0390625 0.1802773497688752
1 0.5502604166666667 0.3428351309707242 0.04010416666666667 0.1864406779661017
0 0.3302083333333333 0.19491525423728814 0.034375 0.1679506933744222
0 0.32317708333333334 0.05855161787365177 0.0359375 0.11710323574730354
0 0.26666666666666666 0.15716486902927582 0.028125 0.15408320493066255
1 0.028125 0.023882896764252697 0.019791666666666666 0.04776579352850539
0 0.35520833333333335 0.29892141756548535 0.03229166666666667 0.18798151001540833
0 0.5375 0.5169491525423728 0.04791666666666667 0.14946070878274267
0 0.5182291666666666 0.7873651771956857 0.029166666666666667 0.23420647149460708
0 0.47265625 0.1263482280431433 0.044270833333333336 0.17565485362095531
0 0.21197916666666666 0.12557781201849 0.03958333333333333 0.16486902927580893
0 0.39557291666666666 0.15254237288135594 0.04739583333333333 0.1941448382126348
0 0.8114583333333333 0.15562403697996918 0.030208333333333334 0.14791987673343607
0 0.43984375 0.7419106317411402 0.0359375 0.22650231124807396
0 0.8510416666666667 0.5107858243451464 0.030208333333333334 0.20184899845916796