1 0.31875 0.05390625 0.025 0.1078125
0 0.303125 0.4234375 0.040625 0.075
0 0.3421875 0.45390625 0.034375 0.0859375
0 0.3890625 0.390625 0.04375 0.06953125
0 0.73359375 0.3 0.0328125 0.121875
0 0.3046875 0.5015625 0.046875 0.11953125
0 0.39765625 0.50859375 0.0484375 0.078125
0 0.82578125 0.515625 0.0328125 0.1359375
0 0.39375 0.440625 0.046875 0.06953125
0 0.30390625 0.3125 0.0328125 0.096875
0 0.41484375 0.60703125 0.0484375 0.13046875
0 0.2703125 0.38046875 0.040625 0.10546875
0 0.1796875 0.4359375 0.040625 0.14453125
0 0.16015625 0.39296875 0.0390625 0.1140625
0 0.4203125 0.284375 0.025 0.11953125
0 0.58515625 0.25390625 0.0296875 0.10859375
0 0.57890625 0.434375 0.0390625 0.13046875
0 0.51796875 0.34296875 0.0328125 0.125
0 0.24296875 0.2984375 0.0515625 0.10859375
0 0.34375 0.5875 0.059375 0.1359375