0 0.69609375 0.09907834101382489 0.0390625 0.12442396313364056
0 0.73203125 0.30414746543778803 0.0578125 0.17511520737327188
0 0.72109375 0.38018433179723504 0.0359375 0.22580645161290322
0 0.371875 0.4792626728110599 0.046875 0.2119815668202765
0 0.79453125 0.4976958525345622 0.0296875 0.11981566820276497
0 0.3703125 0.35714285714285715 0.046875 0.14285714285714285
0 0.4359375 0.9032258064516129 0.0375 0.1935483870967742
0 0.3921875 0.1728110599078341 0.034375 0.17050691244239632
0 0.38046875 0.08986175115207373 0.0359375 0.16129032258064516
0 0.8296875 0.5737327188940092 0.065625 0.17972350230414746
0 0.21875 0.967741935483871 0.040625 0.06451612903225806
0 0.2390625 0.04377880184331797 0.0375 0.08755760368663594
0 0.41328125 0.9423963133640553 0.0359375 0.1152073732718894
0 0.87734375 0.8202764976958525 0.0421875 0.2119815668202765
0 0.365625 0.03456221198156682 0.04375 0.06912442396313365
0 0.9328125 0.9285714285714286 0.059375 0.14285714285714285
0 0.41484375 0.7004608294930875 0.0265625 0.2119815668202765
0 0.91484375 0.9585253456221198 0.0515625 0.08294930875576037