0 0.11796875 0.08986175115207373 0.0609375 0.14285714285714285
0 0.13046875 0.08064516129032258 0.0921875 0.16129032258064516
0 0.05078125 0.17511520737327188 0.1015625 0.14746543778801843
0 0.36796875 0.6359447004608295 0.1578125 0.18433179723502305
0 0.55625 0.3709677419354839 0.06875 0.271889400921659
0 0.48359375 0.10829493087557604 0.0578125 0.21658986175115208
0 0.63125 0.28110599078341014 0.0625 0.35023041474654376
0 0.52109375 0.6428571428571429 0.0703125 0.3456221198156682
0 0.68203125 0.2626728110599078 0.0734375 0.35023041474654376
0 0.58125 0.6013824884792627 0.08125 0.3456221198156682
0 0.3765625 0.1382488479262673 0.05625 0.2764976958525346
0 0.9125 0.28110599078341014 0.0625 0.35944700460829493