0 0.29296875 0.3709677419354839 0.0359375 0.22580645161290322
0 0.4203125 0.33640552995391704 0.0375 0.09216589861751152
0 0.52734375 0.4976958525345622 0.0484375 0.14746543778801843
0 0.38671875 0.3271889400921659 0.0390625 0.1382488479262673
0 0.37265625 0.27419354838709675 0.0390625 0.12442396313364056
0 0.50234375 0.4078341013824885 0.0453125 0.1152073732718894
1 0.8640625 0.15668202764976957 0.028125 0.17511520737327188
0 0.46640625 0.3387096774193548 0.0453125 0.1336405529953917
0 0.5 0.2511520737327189 0.040625 0.1889400921658986
0 0.56953125 0.1497695852534562 0.0234375 0.19815668202764977
0 0.34453125 0.24423963133640553 0.0359375 0.15668202764976957
0 0.4171875 0.45622119815668205 0.040625 0.17511520737327188
0 0.28046875 0.45161290322580644 0.0359375 0.1935483870967742
0 0.39609375 0.06912442396313365 0.0265625 0.1382488479262673
0 0.42734375 0.20046082949308755 0.0421875 0.12442396313364056
0 0.534375 0.33640552995391704 0.028125 0.18433179723502305
0 0.28515625 0.08294930875576037 0.0390625 0.16589861751152074
0 0.72890625 0.7695852534562212 0.0453125 0.1935483870967742
0 0.61953125 0.5460829493087558 0.0453125 0.2073732718894009
0 0.57265625 0.8087557603686636 0.0515625 0.2350230414746544