0 0.46796875 0.41244239631336405 0.0359375 0.10599078341013825
0 0.02890625 0.0944700460829493 0.0421875 0.17050691244239632
0 0.98984375 0.7788018433179723 0.0203125 0.2672811059907834
0 0.55859375 0.3686635944700461 0.0484375 0.11981566820276497
0 0.50546875 0.45852534562211983 0.0453125 0.17050691244239632
0 0.46796875 0.2880184331797235 0.0390625 0.15207373271889402
0 0.5734375 0.45622119815668205 0.053125 0.12903225806451613
0 0.4765625 0.6382488479262672 0.05 0.16129032258064516
0 0.55546875 0.2511520737327189 0.0421875 0.16129032258064516
0 0.6984375 0.315668202764977 0.034375 0.19815668202764977
0 0.57265625 0.5483870967741935 0.0640625 0.15668202764976957
0 0.71796875 0.4608294930875576 0.0421875 0.2119815668202765
0 0.5734375 0.6981566820276498 0.06875 0.17050691244239632
0 0.5765625 0.029953917050691243 0.0375 0.059907834101382486
0 0.96796875 0.19815668202764977 0.0359375 0.20276497695852536
0 0.6171875 0.9608294930875576 0.040625 0.07834101382488479
0 0.24296875 0.4308755760368664 0.0390625 0.22580645161290322
0 0.478125 0.029953917050691243 0.046875 0.059907834101382486
0 0.4484375 0.9585253456221198 0.06875 0.08294930875576037