0 0.51875 0.12211981566820276 0.0375 0.17972350230414746
0 0.49375 0.3456221198156682 0.040625 0.18433179723502305
0 0.53515625 0.06221198156682028 0.0359375 0.12442396313364056
0 0.54453125 0.3064516129032258 0.0421875 0.17972350230414746
0 0.5765625 0.2557603686635945 0.05 0.22580645161290322
0 0.08515625 0.09216589861751152 0.0328125 0.1382488479262673
0 0.43203125 0.5023041474654378 0.0390625 0.23963133640552994
0 0.503125 0.8271889400921659 0.046875 0.271889400921659
0 0.4484375 0.1497695852534562 0.059375 0.21658986175115208
0 0.66171875 0.14055299539170507 0.0359375 0.22580645161290322
0 0.284375 0.1152073732718894 0.034375 0.22119815668202766
0 0.4265625 0.0576036866359447 0.0625 0.1152073732718894
0 0.57578125 0.46774193548387094 0.0640625 0.19815668202764977
0 0.27890625 0.35023041474654376 0.0390625 0.22119815668202766
0 0.64765625 0.8018433179723502 0.0515625 0.23963133640552994