0 0.49453125 0.06912442396313365 0.0421875 0.1382488479262673
0 0.3953125 0.06221198156682028 0.0375 0.12442396313364056
0 0.52421875 0.18663594470046083 0.0390625 0.14285714285714285
0 0.496875 0.3225806451612903 0.0375 0.17511520737327188
0 0.4671875 0.4815668202764977 0.05625 0.2626728110599078
0 0.5578125 0.3824884792626728 0.05 0.2119815668202765
0 0.42734375 0.2511520737327189 0.0484375 0.15207373271889402
0 0.48828125 0.12211981566820276 0.0453125 0.2350230414746544
0 0.475 0.5990783410138248 0.0375 0.2764976958525346
0 0.38671875 0.29723502304147464 0.0515625 0.24423963133640553
0 0.67109375 0.2557603686635945 0.0421875 0.271889400921659
0 0.421875 0.7741935483870968 0.0375 0.3317972350230415
0 0.44296875 0.41244239631336405 0.0703125 0.17972350230414746
0 0.596875 0.5506912442396313 0.065625 0.2350230414746544
0 0.60703125 0.7695852534562212 0.0609375 0.30414746543778803