0 0.57265625 0.5 0.0453125 0.2534562211981567
0 0.6546875 0.43317972350230416 0.04375 0.2488479262672811
0 0.671875 0.33410138248847926 0.0375 0.2073732718894009
0 0.625 0.4377880184331797 0.046875 0.2304147465437788
0 0.546875 0.5599078341013825 0.0625 0.2626728110599078
0 0.6796875 0.5414746543778802 0.040625 0.22580645161290322
0 0.61875 0.347926267281106 0.065625 0.2073732718894009
0 0.2953125 0.4400921658986175 0.053125 0.2903225806451613
0 0.75 0.4769585253456221 0.053125 0.2534562211981567
1 0.94375 0.08064516129032258 0.0375 0.16129032258064516
0 0.71953125 0.576036866359447 0.0546875 0.2672811059907834
0 0.240625 0.4147465437788018 0.053125 0.25806451612903225
0 0.2296875 0.9009216589861752 0.053125 0.19815668202764977
0 0.11640625 0.923963133640553 0.0578125 0.15207373271889402