0 0.42890625 0.26036866359447003 0.0609375 0.14285714285714285
0 0.428125 0.347926267281106 0.059375 0.12442396313364056
0 0.30078125 0.055299539170506916 0.0359375 0.11059907834101383
0 0.534375 0.22580645161290322 0.053125 0.11981566820276497
0 0.55703125 0.19815668202764977 0.0515625 0.1935483870967742
0 0.71328125 0.2488479262672811 0.0484375 0.29493087557603687
0 0.74140625 0.33640552995391704 0.0453125 0.2764976958525346
0 0.2578125 0.4700460829493088 0.040625 0.3686635944700461
0 0.415625 0.4631336405529954 0.078125 0.21658986175115208
0 0.56015625 0.4631336405529954 0.0546875 0.2534562211981567
0 0.46796875 0.1313364055299539 0.0484375 0.2073732718894009
0 0.5375 0.07373271889400922 0.0625 0.14746543778801843
0 0.4984375 0.4769585253456221 0.0625 0.2903225806451613
0 0.0671875 0.4861751152073733 0.046875 0.3271889400921659
0 0.31640625 0.2119815668202765 0.0453125 0.2488479262672811