0 0.43046875 0.2557603686635945 0.0578125 0.1336405529953917
0 0.5359375 0.22811059907834103 0.053125 0.12442396313364056
0 0.3484375 0.07603686635944701 0.034375 0.15207373271889402
0 0.7125 0.2465437788018433 0.046875 0.2995391705069124
0 0.2609375 0.3248847926267281 0.0375 0.28110599078341014
0 0.5578125 0.19815668202764977 0.053125 0.1935483870967742
0 0.41640625 0.4608294930875576 0.0796875 0.2119815668202765
0 0.7421875 0.33640552995391704 0.04375 0.2764976958525346
0 0.22890625 0.42857142857142855 0.0453125 0.34101382488479265
0 0.5609375 0.4631336405529954 0.05625 0.2534562211981567
0 0.1890625 0.03456221198156682 0.03125 0.06912442396313365
0 0.5390625 0.07373271889400922 0.0625 0.14746543778801843
0 0.46796875 0.12903225806451613 0.0484375 0.20276497695852536
0 0.09140625 0.4861751152073733 0.0453125 0.3271889400921659
0 0.5 0.4769585253456221 0.0625 0.2903225806451613
0 0.315625 0.21428571428571427 0.04375 0.2534562211981567