0 0.5828125 0.19815668202764977 0.04375 0.16589861751152074
0 0.728125 0.2764976958525346 0.0375 0.2488479262672811
0 0.74296875 0.3271889400921659 0.0359375 0.25806451612903225
0 0.3375 0.14516129032258066 0.053125 0.22580645161290322
0 0.26796875 0.6751152073732719 0.0390625 0.24423963133640553
0 0.3140625 0.7857142857142857 0.04375 0.2626728110599078
0 0.6515625 0.20276497695852536 0.0625 0.2304147465437788
0 0.3578125 0.9516129032258065 0.046875 0.0967741935483871
0 0.35703125 0.6682027649769585 0.0640625 0.2304147465437788
0 0.575 0.5069124423963134 0.0625 0.2488479262672811
0 0.5 0.020737327188940093 0.04375 0.041474654377880185
0 0.4140625 0.7580645161290323 0.05 0.2626728110599078
0 0.27109375 0.9493087557603687 0.0515625 0.10138248847926268
0 0.61796875 0.4815668202764977 0.0453125 0.2534562211981567
0 0.52578125 0.4078341013824885 0.0703125 0.2534562211981567