0 0.1390625 0.21428571428571427 0.025 0.2534562211981567
0 0.2984375 0.07142857142857142 0.040625 0.14285714285714285
0 0.5171875 0.2119815668202765 0.028125 0.2488479262672811
0 0.365625 0.20506912442396313 0.05 0.17050691244239632
0 0.321875 0.09907834101382489 0.046875 0.17972350230414746
0 0.28984375 0.2119815668202765 0.0484375 0.15668202764976957
0 0.30625 0.3387096774193548 0.046875 0.22580645161290322
0 0.3875 0.271889400921659 0.05 0.16589861751152074
0 0.421875 0.28110599078341014 0.03125 0.2764976958525346
0 0.65078125 0.6981566820276498 0.0359375 0.3087557603686636
0 0.49453125 0.16359447004608296 0.0296875 0.22580645161290322
0 0.965625 0.14055299539170507 0.0375 0.2534562211981567
0 0.51171875 0.45161290322580644 0.0328125 0.31336405529953915
0 0.45078125 0.31336405529953915 0.0359375 0.2672811059907834
0 0.2609375 0.16129032258064516 0.053125 0.20276497695852536
0 0.1515625 0.2926267281105991 0.040625 0.2534562211981567
0 0.34375 0.47465437788018433 0.0625 0.29493087557603687
0 0.53515625 0.7396313364055299 0.0734375 0.2903225806451613
0 0.22265625 0.07834101382488479 0.0546875 0.15668202764976957