0 0.49765625 0.4984375 0.0546875 0.09140625
0 0.20546875 0.44453125 0.0453125 0.16640625
0 0.40390625 0.4484375 0.0578125 0.08046875
0 0.46171875 0.440625 0.0609375 0.10859375
0 0.4 0.5140625 0.0625 0.1109375
0 0.6765625 0.48046875 0.046875 0.10546875
0 0.43984375 0.33359375 0.0484375 0.121875
0 0.51953125 0.57890625 0.0703125 0.13046875
0 0.37734375 0.61953125 0.0515625 0.221875
0 0.6703125 0.59453125 0.040625 0.19453125
0 0.3453125 0.39296875 0.053125 0.1140625
0 0.35703125 0.44140625 0.0640625 0.121875
0 0.39609375 0.21796875 0.0265625 0.153125
0 0.8984375 0.665625 0.040625 0.203125
0 0.63515625 0.42890625 0.0453125 0.1640625
0 0.18515625 0.5359375 0.0515625 0.1609375
0 0.240625 0.234375 0.059375 0.15859375
0 0.29375 0.259375 0.06875 0.146875
0 0.6203125 0.209375 0.0375 0.15859375
0 0.44765625 0.64140625 0.0796875 0.178125