0 0.64140625 0.5345622119815668 0.0359375 0.16589861751152074
0 0.43984375 0.4147465437788018 0.0546875 0.2304147465437788
0 0.7609375 0.3640552995391705 0.0375 0.2119815668202765
0 0.5078125 0.3456221198156682 0.0375 0.25806451612903225
0 0.43671875 0.27419354838709675 0.0390625 0.21658986175115208
0 0.26640625 0.16820276497695852 0.0421875 0.2073732718894009
0 0.46640625 0.17972350230414746 0.0359375 0.1935483870967742
0 0.75703125 0.5276497695852534 0.0390625 0.21658986175115208
0 0.01953125 0.9447004608294931 0.0390625 0.11059907834101383
0 0.4828125 0.3778801843317972 0.046875 0.25806451612903225
0 0.6609375 0.48847926267281105 0.040625 0.2304147465437788
0 0.3671875 0.5944700460829493 0.04375 0.22119815668202766
0 0.11171875 0.3640552995391705 0.0515625 0.1935483870967742
0 0.56171875 0.29493087557603687 0.0421875 0.2488479262672811
0 0.6296875 0.34101382488479265 0.05625 0.2304147465437788
1 0.96875 0.07603686635944701 0.034375 0.15207373271889402
0 0.34453125 0.4631336405529954 0.0421875 0.22580645161290322
0 0.69765625 0.2995391705069124 0.0640625 0.2304147465437788