0 0.64296875 0.2511520737327189 0.0453125 0.19815668202764977
0 0.265625 0.12442396313364056 0.034375 0.23963133640552994
0 0.61328125 0.3294930875576037 0.0484375 0.2073732718894009
0 0.509375 0.17050691244239632 0.046875 0.25806451612903225
0 0.29453125 0.32027649769585254 0.0546875 0.271889400921659
0 0.47578125 0.08064516129032258 0.0390625 0.16129032258064516
0 0.47734375 0.6152073732718893 0.0515625 0.2903225806451613
0 0.44765625 0.631336405529954 0.0453125 0.2857142857142857
0 0.52890625 0.652073732718894 0.0546875 0.28110599078341014
0 0.63515625 0.5 0.0640625 0.28110599078341014
0 0.434375 0.20967741935483872 0.034375 0.2073732718894009
0 0.3890625 0.07603686635944701 0.040625 0.15207373271889402
0 0.2625 0.7396313364055299 0.046875 0.2903225806451613
0 0.559375 0.3456221198156682 0.071875 0.2488479262672811
0 0.665625 0.22811059907834103 0.06875 0.22580645161290322
0 0.615625 0.7258064516129032 0.071875 0.28110599078341014
0 0.68671875 0.4861751152073733 0.0671875 0.271889400921659
0 0.80234375 0.3387096774193548 0.0609375 0.2903225806451613
0 0.75625 0.26497695852534564 0.05625 0.2534562211981567