0 0.6203125 0.3663594470046083 0.065625 0.12442396313364056
0 0.61953125 0.48847926267281105 0.0796875 0.17511520737327188
0 0.5296875 0.5253456221198156 0.06875 0.15668202764976957
0 0.5953125 0.22580645161290322 0.06875 0.16589861751152074
0 0.63984375 0.7580645161290323 0.0828125 0.1889400921658986
0 0.61953125 0.6382488479262672 0.0828125 0.17972350230414746
0 0.4828125 0.3663594470046083 0.078125 0.15207373271889402
0 0.771875 0.35944700460829493 0.065625 0.2304147465437788
0 0.46796875 0.511520737327189 0.0640625 0.22119815668202766
0 0.78125 0.6405529953917051 0.071875 0.3225806451612903
0 0.9109375 0.5092165898617511 0.071875 0.3271889400921659
0 0.2484375 0.5852534562211982 0.071875 0.25806451612903225
0 0.10390625 0.5460829493087558 0.0671875 0.3456221198156682
0 0.4953125 0.8617511520737328 0.084375 0.2672811059907834
0 0.90703125 0.8294930875576036 0.0671875 0.34101382488479265
0 0.721875 0.2626728110599078 0.065625 0.2857142857142857
0 0.6640625 0.8778801843317973 0.1 0.24423963133640553