0 0.953125 0.43548387096774194 0.04375 0.17050691244239632
0 0.0375 0.27419354838709675 0.03125 0.10599078341013825
0 0.1203125 0.35023041474654376 0.0375 0.17511520737327188
0 0.01328125 0.3824884792626728 0.0265625 0.22119815668202766
0 0.08046875 0.3617511520737327 0.0359375 0.1336405529953917
0 0.04609375 0.3778801843317972 0.0421875 0.1935483870967742
0 0.93984375 0.3847926267281106 0.0421875 0.17972350230414746
0 0.15234375 0.3225806451612903 0.0421875 0.18433179723502305
0 0.52578125 0.020737327188940093 0.0203125 0.041474654377880185
0 0.93984375 0.956221198156682 0.0390625 0.08755760368663594
0 0.78359375 0.4447004608294931 0.0234375 0.1889400921658986
0 0.68359375 0.20276497695852536 0.0421875 0.15668202764976957
0 0.73515625 0.5184331797235023 0.0421875 0.19815668202764977