0 0.79375 0.2557603686635945 0.040625 0.17050691244239632
0 0.6515625 0.47465437788018433 0.05 0.2119815668202765
0 0.62734375 0.2880184331797235 0.0484375 0.1336405529953917
0 0.5359375 0.716589861751152 0.053125 0.2626728110599078
0 0.78359375 0.35023041474654376 0.0484375 0.25806451612903225
0 0.55546875 0.5622119815668203 0.0546875 0.18433179723502305
0 0.6 0.38940092165898615 0.053125 0.22580645161290322
0 0.33046875 0.08755760368663594 0.0359375 0.17511520737327188
0 0.37109375 0.3387096774193548 0.0390625 0.271889400921659
0 0.58515625 0.1382488479262673 0.0484375 0.2119815668202765
0 0.6890625 0.6082949308755761 0.05625 0.2488479262672811
0 0.53359375 0.49539170506912444 0.0859375 0.24423963133640553
0 0.50546875 0.39400921658986177 0.0890625 0.22580645161290322
0 0.6421875 0.6820276497695853 0.05625 0.25806451612903225
0 0.51015625 0.20276497695852536 0.0734375 0.2304147465437788
0 0.3546875 0.6589861751152074 0.05 0.2764976958525346
0 0.6296875 0.08525345622119816 0.053125 0.17050691244239632
0 0.47265625 0.08294930875576037 0.0421875 0.16589861751152074