0 0.35625 0.07373271889400922 0.03125 0.14746543778801843
0 0.59375 0.05069124423963134 0.046875 0.10138248847926268
0 0.6015625 0.33410138248847926 0.03125 0.2073732718894009
0 0.56796875 0.3778801843317972 0.0515625 0.20276497695852536
0 0.57890625 0.18663594470046083 0.0484375 0.0967741935483871
0 0.5796875 0.1152073732718894 0.04375 0.08294930875576037
0 0.7046875 0.0576036866359447 0.03125 0.1152073732718894
0 0.36328125 0.1543778801843318 0.0453125 0.21658986175115208
0 0.484375 0.3317972350230415 0.04375 0.17511520737327188
0 0.4703125 0.271889400921659 0.05625 0.18433179723502305
0 0.47421875 0.059907834101382486 0.0359375 0.11981566820276497
1 0.01796875 0.041474654377880185 0.0328125 0.08294930875576037
0 0.8078125 0.11981566820276497 0.03125 0.20276497695852536
0 0.65703125 0.8110599078341014 0.0328125 0.2764976958525346
0 0.3640625 0.868663594470046 0.06875 0.24423963133640553