0 0.53515625 0.6105990783410138 0.0484375 0.3087557603686636
0 0.4515625 0.3986175115207373 0.053125 0.2350230414746544
0 0.95078125 0.03686635944700461 0.0515625 0.07373271889400922
0 0.5078125 0.6497695852534562 0.040625 0.29493087557603687
0 0.884375 0.6474654377880185 0.034375 0.2626728110599078
0 0.98125 0.5898617511520737 0.0375 0.3225806451612903
1 0.078125 0.20276497695852536 0.046875 0.2672811059907834
0 0.96484375 0.059907834101382486 0.0484375 0.11981566820276497
0 0.609375 0.5898617511520737 0.059375 0.29493087557603687
0 0.6421875 0.3824884792626728 0.053125 0.2857142857142857
0 0.30859375 0.4447004608294931 0.0609375 0.28110599078341014
0 0.45078125 0.6059907834101382 0.0671875 0.28110599078341014
0 0.35859375 0.3433179723502304 0.0484375 0.2903225806451613
0 0.925 0.2857142857142857 0.0625 0.29493087557603687