0 0.515625 0.04849884526558892 0.046875 0.09699769053117784
0 0.51796875 0.20554272517321015 0.0609375 0.3140877598152425
0 0.48359375 0.07390300230946882 0.065625 0.14780600461893764
0 0.5796875 0.05542725173210162 0.0703125 0.11085450346420324
0 0.650390625 0.061200923787528866 0.04453125 0.12240184757505773
0 0.627734375 0.08775981524249422 0.04765625 0.17551963048498845
0 0.7984375 0.2759815242494226 0.075 0.3302540415704388
0 0.599609375 0.15011547344110854 0.05546875 0.3002309468822171
0 0.36875 0.14434180138568128 0.0546875 0.279445727482679
0 0.612109375 0.6974595842956121 0.04765625 0.27713625866050806
0 0.25859375 0.12471131639722864 0.0578125 0.24942263279445728
0 0.5234375 0.6385681293302541 0.065625 0.3210161662817552
0 0.315625 0.1928406466512702 0.0703125 0.325635103926097
0 0.196875 0.22748267898383373 0.071875 0.29330254041570436
0 0.710546875 0.24018475750577367 0.07109375 0.2632794457274827