0 0.483984375 0.36143187066974597 0.03359375 0.16859122401847576
0 0.49375 0.6154734411085451 0.0390625 0.19168591224018475
0 0.40859375 0.2390300230946882 0.03125 0.16859122401847576
0 0.50546875 0.43648960739030024 0.0390625 0.15704387990762125
0 0.430859375 0.2644341801385681 0.03828125 0.19630484988452657
0 0.4609375 0.6466512702078522 0.05 0.15242494226327943
0 0.5046875 0.27713625866050806 0.0359375 0.15704387990762125
0 0.314453125 0.34988452655889146 0.04609375 0.21016166281755197
0 0.6515625 0.4168591224018476 0.0390625 0.17782909930715934
0 0.34765625 0.3510392609699769 0.0359375 0.20785219399538107
1 0.02109375 0.2817551963048499 0.034375 0.20323325635103925
0 0.54375 0.48267898383371827 0.0453125 0.23094688221709006
0 0.665625 0.32909930715935337 0.0375 0.19630484988452657
0 0.44765625 0.3810623556581986 0.05 0.22170900692840648
0 0.615234375 0.07043879907621248 0.03515625 0.14087759815242495
0 0.68984375 0.061200923787528866 0.05 0.12240184757505773