0 0.34609375 0.4295612009237875 0.0390625 0.2586605080831409
1 0.029296875 0.2806004618937644 0.04140625 0.18706697459584296
0 0.924609375 0.12702078521939955 0.02890625 0.24480369515011546
0 0.49609375 0.5554272517321016 0.0421875 0.17782909930715934
0 0.541015625 0.5173210161662818 0.04453125 0.16166281755196305
0 0.51953125 0.42494226327944573 0.05 0.13856812933025403
0 0.97421875 0.7909930715935335 0.0484375 0.279445727482679
0 0.5234375 0.3394919168591224 0.0421875 0.10623556581986143
0 0.647265625 0.43071593533487296 0.07109375 0.15011547344110854
0 0.587109375 0.6177829099307159 0.07578125 0.18706697459584296
0 0.458984375 0.6027713625866051 0.05703125 0.19399538106235567
0 0.56015625 0.710161662817552 0.0671875 0.21016166281755197
0 0.765625 0.4503464203233256 0.04375 0.23094688221709006
0 0.484375 0.3094688221709007 0.040625 0.21709006928406466
0 0.656640625 0.24480369515011546 0.06171875 0.18475750577367206
0 0.48203125 0.9757505773672055 0.05 0.04849884526558892
0 0.61953125 0.5323325635103926 0.06875 0.18706697459584296
0 0.73984375 0.6016166281755196 0.04375 0.23787528868360278
0 0.5328125 0.12702078521939955 0.05625 0.20323325635103925
0 0.371484375 0.9584295612009238 0.07421875 0.08314087759815242