0 0.5484375 0.07505773672055427 0.0578125 0.15011547344110854
0 0.837109375 0.12817551963048499 0.05546875 0.25635103926096997
0 0.612109375 0.07736720554272518 0.04921875 0.15473441108545036
0 0.3984375 0.06581986143187067 0.0703125 0.13163972286374134
0 0.712109375 0.1397228637413395 0.06328125 0.2748267898383372
0 0.805859375 0.12240184757505773 0.05234375 0.24480369515011546
0 0.48046875 0.11778290993071594 0.0578125 0.23556581986143188
0 0.633984375 0.6916859122401847 0.06640625 0.3394919168591224
0 0.223046875 0.028868360277136258 0.07265625 0.057736720554272515
0 0.187890625 0.17090069284064666 0.05078125 0.3094688221709007
0 0.54375 0.5981524249422633 0.0734375 0.2909930715935335
0 0.330859375 0.07621247113163972 0.06171875 0.15242494226327943