0 0.6515625 0.0967741935483871 0.0625 0.1935483870967742
0 0.60703125 0.14746543778801843 0.0484375 0.29493087557603687
0 0.48046875 0.2304147465437788 0.0640625 0.17511520737327188
0 0.5953125 0.3847926267281106 0.05 0.2995391705069124
0 0.54453125 0.30184331797235026 0.0640625 0.14285714285714285
0 0.259375 0.17050691244239632 0.09375 0.30414746543778803
0 0.61484375 0.5414746543778802 0.0640625 0.3640552995391705
0 0.51640625 0.4308755760368664 0.0734375 0.3271889400921659
0 0.20625 0.34101382488479265 0.065625 0.3317972350230415
0 0.7953125 0.31797235023041476 0.0625 0.3778801843317972
0 0.4484375 0.45622119815668205 0.075 0.35944700460829493
0 0.54765625 0.09216589861751152 0.0703125 0.18433179723502305
0 0.675 0.4608294930875576 0.084375 0.34101382488479265
0 0.28125 0.5645161290322581 0.059375 0.3640552995391705