0 0.41484375 0.5969976905311778 0.034375 0.15935334872979215
0 0.180078125 0.37528868360277134 0.03828125 0.21478060046189376
0 0.982421875 0.43187066974595845 0.03515625 0.3002309468822171
0 0.151171875 0.3533487297921478 0.04453125 0.24480369515011546
0 0.446484375 0.6177829099307159 0.03828125 0.22863741339491916
0 0.1828125 0.046189376443418015 0.0328125 0.09237875288683603
0 0.116015625 0.9353348729792148 0.05234375 0.12933025404157045
0 0.046875 0.9387990762124712 0.0609375 0.12240184757505773
0 0.81328125 0.4053117782909931 0.05 0.25635103926096997
0 0.85546875 0.4133949191685912 0.0546875 0.23094688221709006
0 0.91171875 0.48267898383371827 0.0640625 0.2586605080831409