0 0.92890625 0.6484375 0.0796875 0.203125
0 0.07265625 0.40703125 0.0515625 0.1859375
0 0.44375 0.3625 0.05 0.15859375
0 0.8796875 0.653125 0.06875 0.15546875
0 0.47421875 0.4359375 0.0578125 0.1609375
0 0.96328125 0.528125 0.0578125 0.221875
0 0.36484375 0.4859375 0.0828125 0.25
0 0.4078125 0.3625 0.05 0.16953125
0 0.42109375 0.578125 0.0859375 0.2390625
0 0.95703125 0.33203125 0.0703125 0.153125
0 0.6078125 0.33046875 0.059375 0.21640625
0 0.31875 0.46796875 0.078125 0.203125
0 0.5578125 0.32890625 0.06875 0.225
0 0.84375 0.36640625 0.06875 0.2