0 0.6359375 0.11290322580645161 0.0375 0.14285714285714285
0 0.7328125 0.1382488479262673 0.053125 0.25806451612903225
0 0.1 0.35023041474654376 0.05 0.2488479262672811
0 0.32578125 0.0944700460829493 0.0359375 0.1889400921658986
0 0.79375 0.3778801843317972 0.05 0.2764976958525346
0 0.64921875 0.26036866359447003 0.0515625 0.24423963133640553
0 0.7625 0.11981566820276497 0.040625 0.1935483870967742
0 0.06328125 0.923963133640553 0.0484375 0.15207373271889402
0 0.684375 0.1382488479262673 0.05625 0.23963133640552994
0 0.36484375 0.1175115207373272 0.0421875 0.2350230414746544
0 0.1234375 0.8940092165898618 0.0875 0.2119815668202765
0 0.828125 0.23732718894009217 0.059375 0.2534562211981567
0 0.21015625 0.20967741935483872 0.0421875 0.2350230414746544
0 0.1203125 0.6589861751152074 0.0625 0.2857142857142857
0 0.596875 0.2304147465437788 0.0625 0.2488479262672811
0 0.73359375 0.3433179723502304 0.0703125 0.2626728110599078