0 0.990625 0.03917050691244239 0.01875 0.07834101382488479
0 0.484375 0.5 0.06875 0.2073732718894009
0 0.53046875 0.18202764976958524 0.0578125 0.10599078341013825
0 0.55234375 0.35714285714285715 0.0515625 0.2073732718894009
0 0.5046875 0.37327188940092165 0.059375 0.11981566820276497
0 0.5296875 0.26497695852534564 0.053125 0.12442396313364056
0 0.65234375 0.2073732718894009 0.0796875 0.1935483870967742
0 0.4890625 0.2764976958525346 0.05 0.1935483870967742
0 0.6234375 0.4423963133640553 0.08125 0.2119815668202765
0 0.978125 0.8271889400921659 0.04375 0.3456221198156682
0 0.6375 0.2834101382488479 0.075 0.21658986175115208
0 0.35859375 0.6566820276497696 0.0421875 0.3640552995391705
0 0.76640625 0.7396313364055299 0.0609375 0.3548387096774194
0 0.58125 0.03456221198156682 0.06875 0.06912442396313365
0 0.41328125 0.5460829493087558 0.0578125 0.2903225806451613
0 0.828125 0.2557603686635945 0.04375 0.3548387096774194
0 0.7203125 0.5207373271889401 0.053125 0.35023041474654376
0 0.1296875 0.2995391705069124 0.05625 0.29493087557603687
0 0.4859375 0.5875576036866359 0.078125 0.3456221198156682
0 0.69140625 0.12672811059907835 0.0578125 0.2534562211981567
0 0.60546875 0.5645161290322581 0.0765625 0.2903225806451613