0 0.40234375 0.4055299539170507 0.0328125 0.18433179723502305
0 0.42734375 0.4539170506912442 0.0359375 0.17972350230414746
0 0.1296875 0.06221198156682028 0.046875 0.12442396313364056
0 0.3875 0.5829493087557603 0.065625 0.3456221198156682
0 0.4359375 0.663594470046083 0.053125 0.30414746543778803
0 0.67890625 0.5714285714285714 0.0453125 0.29493087557603687
0 0.65625 0.3663594470046083 0.04375 0.2073732718894009
0 0.096875 0.6175115207373272 0.059375 0.30414746543778803
0 0.14921875 0.6105990783410138 0.0546875 0.3271889400921659
0 0.3390625 0.6451612903225806 0.05625 0.30414746543778803
0 0.03671875 0.2672811059907834 0.0515625 0.2857142857142857
0 0.54140625 0.41244239631336405 0.0578125 0.17050691244239632
0 0.17578125 0.32027649769585254 0.0671875 0.2534562211981567
0 0.48984375 0.5046082949308756 0.0703125 0.3087557603686636
0 0.7921875 0.4539170506912442 0.071875 0.2995391705069124
0 0.6171875 0.543778801843318 0.071875 0.31336405529953915
0 0.27578125 0.5506912442396313 0.0390625 0.28110599078341014