0 0.384375 0.49539170506912444 0.040625 0.2350230414746544
0 0.359375 0.34101382488479265 0.0375 0.16589861751152074
0 0.3953125 0.3271889400921659 0.040625 0.2119815668202765
0 0.15390625 0.8617511520737328 0.0484375 0.18433179723502305
0 0.3453125 0.24193548387096775 0.040625 0.16129032258064516
0 0.4171875 0.5506912442396313 0.05 0.2534562211981567
0 0.33515625 0.5875576036866359 0.0515625 0.3087557603686636
0 0.1953125 0.8894009216589862 0.084375 0.22119815668202766
0 0.44609375 0.6889400921658986 0.0546875 0.2903225806451613
0 0.03984375 0.10138248847926268 0.0484375 0.20276497695852536
0 0.59609375 0.41244239631336405 0.0703125 0.2903225806451613
0 0.05625 0.3847926267281106 0.053125 0.24423963133640553
0 0.121875 0.4838709677419355 0.04375 0.2857142857142857
0 0.24609375 0.1382488479262673 0.0671875 0.2304147465437788
0 0.50546875 0.6543778801843319 0.0765625 0.2488479262672811
0 0.28671875 0.4308755760368664 0.0765625 0.2534562211981567