0 0.38984375 0.07373271889400922 0.0359375 0.1382488479262673
0 0.365625 0.12903225806451613 0.028125 0.17511520737327188
0 0.3671875 0.2557603686635945 0.05 0.12442396313364056
0 0.41328125 0.21658986175115208 0.0421875 0.1935483870967742
0 0.4703125 0.1912442396313364 0.046875 0.1336405529953917
0 0.465625 0.3640552995391705 0.05 0.2764976958525346
0 0.37109375 0.3709677419354839 0.0515625 0.17050691244239632
0 0.425 0.020737327188940093 0.046875 0.041474654377880185
0 0.659375 0.3317972350230415 0.04375 0.23963133640552994
0 0.10859375 0.17511520737327188 0.0265625 0.25806451612903225
0 0.30703125 0.49539170506912444 0.0578125 0.28110599078341014
0 0.48515625 0.07603686635944701 0.0453125 0.15207373271889402
0 0.63125 0.12672811059907835 0.034375 0.2534562211981567
0 0.6 0.4700460829493088 0.046875 0.2672811059907834
0 0.6796875 0.8663594470046083 0.046875 0.2672811059907834
0 0.278125 0.8594470046082949 0.075 0.28110599078341014
0 0.828125 0.5276497695852534 0.04375 0.2534562211981567