0 0.4609375 0.30184331797235026 0.0375 0.17972350230414746
0 0.4125 0.6866359447004609 0.046875 0.3317972350230415
0 0.4875 0.5345622119815668 0.065625 0.25806451612903225
0 0.57578125 0.2834101382488479 0.0671875 0.21658986175115208
0 0.43046875 0.3640552995391705 0.0359375 0.15668202764976957
0 0.52734375 0.42857142857142855 0.0609375 0.25806451612903225
0 0.6484375 0.1313364055299539 0.04375 0.2073732718894009
0 0.26875 0.4055299539170507 0.05625 0.30414746543778803
0 0.47265625 0.6382488479262672 0.0453125 0.3271889400921659
0 0.3859375 0.6129032258064516 0.065625 0.29493087557603687
0 0.315625 0.7327188940092166 0.0625 0.2672811059907834
0 0.53125 0.08986175115207373 0.046875 0.17972350230414746
0 0.67890625 0.39400921658986177 0.0515625 0.28110599078341014
0 0.809375 0.8525345622119815 0.046875 0.29493087557603687