0 0.4515625 0.25806451612903225 0.053125 0.10138248847926268
0 0.515625 0.5276497695852534 0.046875 0.17972350230414746
0 0.3734375 0.33640552995391704 0.053125 0.17511520737327188
0 0.50546875 0.3778801843317972 0.0390625 0.1382488479262673
0 0.61328125 0.3225806451612903 0.0515625 0.15668202764976957
0 0.44609375 0.0967741935483871 0.0328125 0.1935483870967742
1 0.97578125 0.09907834101382489 0.0328125 0.19815668202764977
0 0.40234375 0.8594470046082949 0.0453125 0.271889400921659
0 0.43359375 0.5852534562211982 0.0609375 0.23963133640552994
0 0.75078125 0.3709677419354839 0.0453125 0.2073732718894009
0 0.39140625 0.4377880184331797 0.0515625 0.18433179723502305
0 0.34609375 0.21658986175115208 0.0546875 0.20276497695852536
0 0.415625 0.5253456221198156 0.053125 0.17511520737327188
0 0.18046875 0.0967741935483871 0.0390625 0.1935483870967742
0 0.18828125 0.3663594470046083 0.0421875 0.21658986175115208
0 0.24140625 0.46774193548387094 0.0421875 0.2350230414746544
0 0.6 0.7672811059907834 0.0625 0.28110599078341014