0 0.56484375 0.5529953917050692 0.0421875 0.15668202764976957
0 0.36640625 0.39631336405529954 0.0328125 0.14746543778801843
0 0.4484375 0.652073732718894 0.0625 0.14285714285714285
0 0.74140625 0.4447004608294931 0.0421875 0.2626728110599078
0 0.50234375 0.42857142857142855 0.0484375 0.11981566820276497
0 0.5921875 0.5967741935483871 0.0375 0.21658986175115208
0 0.55078125 0.46543778801843316 0.0484375 0.14746543778801843
0 0.6203125 0.6797235023041475 0.034375 0.2534562211981567
0 0.47421875 0.5253456221198156 0.0546875 0.1382488479262673
0 0.615625 0.38018433179723504 0.053125 0.16129032258064516
0 0.59375 0.41244239631336405 0.040625 0.16129032258064516
0 0.54296875 0.29493087557603687 0.0484375 0.11981566820276497
0 0.4 0.6359447004608295 0.034375 0.2304147465437788
0 0.35703125 0.5 0.0359375 0.2073732718894009
0 0.26484375 0.26497695852534564 0.0265625 0.19815668202764977
0 0.51484375 0.6682027649769585 0.0609375 0.2119815668202765
0 0.44140625 0.06682027649769585 0.0296875 0.1336405529953917
0 0.2390625 0.6059907834101382 0.0375 0.21658986175115208
0 0.6484375 0.12211981566820276 0.053125 0.1889400921658986
0 0.340625 0.783410138248848 0.034375 0.2304147465437788