0 0.45546875 0.5737327188940092 0.0640625 0.33640552995391704
0 0.53125 0.23271889400921658 0.040625 0.17050691244239632
0 0.50234375 0.45852534562211983 0.0640625 0.2995391705069124
0 0.49765625 0.24423963133640553 0.0609375 0.2672811059907834
0 0.95703125 0.5990783410138248 0.0515625 0.29493087557603687
0 0.5078125 0.7211981566820277 0.059375 0.28110599078341014
0 0.565625 0.45622119815668205 0.059375 0.31336405529953915
0 0.41640625 0.2511520737327189 0.0671875 0.2626728110599078
0 0.6921875 0.6059907834101382 0.059375 0.3640552995391705
0 0.64921875 0.24193548387096775 0.0578125 0.28110599078341014
1 0.028125 0.1382488479262673 0.05 0.2764976958525346
0 0.64140625 0.8179723502304147 0.0828125 0.33640552995391704
0 0.396875 0.5230414746543779 0.0875 0.3271889400921659
0 0.3109375 0.33640552995391704 0.084375 0.34101382488479265
0 0.92734375 0.9101382488479263 0.0578125 0.17972350230414746
0 0.82109375 0.0967741935483871 0.0703125 0.1935483870967742
0 0.58359375 0.26036866359447003 0.0734375 0.2903225806451613
0 0.70859375 0.09216589861751152 0.0578125 0.18433179723502305
0 0.90234375 0.4769585253456221 0.0703125 0.31797235023041476