0 0.427734375 0.45381062355658197 0.05234375 0.3071593533487298
0 0.709375 0.5277136258660509 0.059375 0.394919168591224
0 0.487109375 0.19399538106235567 0.04140625 0.3464203233256351
0 0.333984375 0.6304849884526559 0.05546875 0.3833718244803695
0 0.434375 0.28752886836027713 0.065625 0.23787528868360278
0 0.430859375 0.8995381062355658 0.06015625 0.20092378752886836
0 0.241015625 0.8441108545034642 0.08671875 0.3117782909930716
0 0.3671875 0.39838337182448036 0.06875 0.371824480369515
0 0.383984375 0.9099307159353349 0.05546875 0.18013856812933027
0 0.130859375 0.3233256351039261 0.06953125 0.3418013856812933
0 0.44609375 0.6224018475750578 0.090625 0.40877598152424943
0 0.540234375 0.3394919168591224 0.06640625 0.3140877598152425
0 0.30625 0.6824480369515011 0.0734375 0.3810623556581986
0 0.68359375 0.5727482678983834 0.0828125 0.4064665127020785
0 0.590234375 0.23441108545034642 0.08671875 0.34872979214780603
0 0.521875 0.5877598152424942 0.084375 0.4226327944572748
0 0.757421875 0.8568129330254042 0.05546875 0.2863741339491917