0 0.428125 0.471875 0.05234375 0.184375
0 0.709375 0.515625 0.059375 0.2375
0 0.4875 0.315625 0.04140625 0.20859375
0 0.334375 0.578125 0.05546875 0.23046875
0 0.434375 0.371875 0.065625 0.14296875
0 0.43125 0.75703125 0.06015625 0.15546875
0 0.240625 0.721875 0.08671875 0.21953125
0 0.3671875 0.43828125 0.06875 0.2234375
0 0.384375 0.7609375 0.05546875 0.1390625
0 0.13125 0.39296875 0.06953125 0.20546875
0 0.44609375 0.57265625 0.090625 0.24609375
0 0.540625 0.403125 0.06640625 0.1890625
0 0.30625 0.609375 0.0734375 0.22890625
0 0.68359375 0.54296875 0.0828125 0.24453125
0 0.590625 0.33984375 0.08671875 0.209375
0 0.521875 0.55234375 0.084375 0.25390625
0 0.7578125 0.73125 0.05546875 0.20703125