0 0.65390625 0.50078125 0.04765625 0.1796875
1 0.9515625 0.20078125 0.0390625 0.1625
0 0.1484375 0.77109375 0.05859375 0.153125
0 0.08046875 0.73515625 0.05703125 0.1640625
0 0.0234375 0.2703125 0.04296875 0.15703125
0 0.03828125 0.103125 0.046875 0.13125
0 0.303125 0.20703125 0.0359375 0.15546875
0 0.36015625 0.21171875 0.04140625 0.1609375
0 0.31328125 0.3578125 0.04609375 0.140625
0 0.39921875 0.34296875 0.0484375 0.16328125
0 0.46484375 0.42421875 0.0390625 0.1546875
0 0.48828125 0.3859375 0.02109375 0.15234375
0 0.43828125 0.40625 0.04375 0.1625
0 0.71875 0.34375 0.04453125 0.159375