0 0.23515625 0.51640625 0.0984375 0.175
0 0.2171875 0.33359375 0.0703125 0.1421875
0 0.33515625 0.440625 0.0796875 0.190625
0 0.2984375 0.43671875 0.08125 0.1734375
0 0.3875 0.37578125 0.0734375 0.159375
0 0.31328125 0.31796875 0.0484375 0.0765625
0 0.2609375 0.321875 0.0546875 0.0828125
0 0.56015625 0.1046875 0.0765625 0.14375
0 0.7546875 0.209375 0.0703125 0.140625
0 0.946875 0.45078125 0.0796875 0.171875
0 0.9140625 0.34296875 0.0515625 0.075
0 0.98125 0.7890625 0.0375 0.2
0 0.18828125 0.41484375 0.0828125 0.175