0 0.3546875 0.2328125 0.065625 0.1421875
0 0.23515625 0.2203125 0.0609375 0.125
0 0.290625 0.15703125 0.0578125 0.1640625
0 0.18828125 0.084375 0.05625 0.15
0 0.471875 0.1140625 0.071875 0.1046875
0 0.509375 0.09296875 0.034375 0.109375
0 0.5828125 0.10859375 0.04375 0.128125
0 0.61171875 0.13984375 0.0640625 0.1453125
0 0.53984375 0.56953125 0.0625 0.14375
0 0.584375 0.54765625 0.0828125 0.121875
0 0.76484375 0.15234375 0.0484375 0.14375
0 0.8109375 0.07890625 0.0515625 0.1
0 0.709375 0.14765625 0.0515625 0.134375
0 0.66640625 0.2125 0.059375 0.15625
1 0.0640625 0.10703125 0.059375 0.146875
0 0.27421875 0.7765625 0.053125 0.1109375
0 0.3890625 0.490625 0.0734375 0.14375
0 0.7890625 0.50703125 0.06875 0.159375