0 0.29921875 0.5703125 0.0328125 0.140625
0 0.32578125 0.54140625 0.0390625 0.1
0 0.35703125 0.5171875 0.0375 0.1
0 0.39375 0.47109375 0.040625 0.134375
0 0.3515625 0.4375 0.0359375 0.0703125
0 0.365625 0.34765625 0.05 0.1140625
0 0.3734375 0.284375 0.0328125 0.0640625
0 0.39609375 0.3171875 0.034375 0.065625
0 0.3953125 0.37734375 0.0265625 0.0671875
0 0.41875 0.4140625 0.03125 0.090625
0 0.5546875 0.61953125 0.0609375 0.121875
0 0.67578125 0.55625 0.0390625 0.140625
0 0.7265625 0.37578125 0.0359375 0.1296875
0 0.728125 0.72265625 0.0390625 0.1484375
0 0.6171875 0.26171875 0.0390625 0.1109375
0 0.56953125 0.23828125 0.0375 0.1171875
0 0.59375 0.1421875 0.0421875 0.103125
0 0.73828125 0.15234375 0.034375 0.103125
0 0.21875 0.41015625 0.03125 0.153125
0 0.41328125 0.3640625 0.01875 0.0375
1 0.559375 0.0453125 0.0328125 0.0875