0 0.346875 0.24453125 0.04921875 0.18984375
0 0.39140625 0.47734375 0.03984375 0.1984375
0 0.46328125 0.50703125 0.05234375 0.16328125
0 0.51953125 0.53515625 0.0671875 0.18203125
0 0.55625 0.42109375 0.04296875 0.2015625
0 0.6109375 0.38046875 0.059375 0.190625
0 0.50625 0.31875 0.03671875 0.16328125
0 0.46875 0.33984375 0.03984375 0.165625
0 0.89375 0.590625 0.0609375 0.2015625
0 0.9203125 0.446875 0.05 0.203125
0 0.8390625 0.28125 0.0546875 0.16875
0 0.89609375 0.26875 0.04921875 0.13515625
0 0.1765625 0.415625 0.07578125 0.21484375