0 0.375 0.478125 0.03203125 0.05078125
0 0.38125 0.609375 0.03828125 0.14609375
0 0.4171875 0.66875 0.03671875 0.14375
0 0.4921875 0.575 0.04296875 0.11875
0 0.47890625 0.48125 0.0375 0.0609375
0 0.57734375 0.58515625 0.0296875 0.146875
0 0.490625 0.4359375 0.0265625 0.071875
0 0.365625 0.421875 0.04140625 0.04375
0 0.35 0.3734375 0.0375 0.0546875
0 0.434375 0.425 0.0265625 0.125
0 0.44765625 0.3953125 0.02265625 0.08671875
0 0.41328125 0.353125 0.04140625 0.07421875
0 0.39921875 0.2625 0.0265625 0.10625
0 0.3578125 0.146875 0.03125 0.09765625
0 0.271875 0.1421875 0.03125 0.10234375
0 0.284375 0.27578125 0.03125 0.10703125
0 0.271875 0.50703125 0.02734375 0.13125
0 0.290625 0.45078125 0.0234375 0.1390625
0 0.7265625 0.65234375 0.03125 0.15390625
0 0.89296875 0.31484375 0.0296875 0.12890625
0 0.38984375 0.43828125 0.03515625 0.03359375
0 0.38671875 0.49921875 0.03125 0.0796875