0 0.2640625 0.36484375 0.0703125 0.1640625
0 0.17578125 0.47578125 0.06875 0.1484375
0 0.36953125 0.5734375 0.06875 0.175
0 0.51484375 0.58984375 0.08125 0.1765625
0 0.55234375 0.471875 0.06875 0.1453125
0 0.45 0.41640625 0.0734375 0.165625
0 0.3640625 0.4359375 0.0625 0.1359375
0 0.4015625 0.3265625 0.06875 0.096875
0 0.4296875 0.36953125 0.0578125 0.1203125
0 0.61953125 0.20625 0.05625 0.146875
0 0.87890625 0.86875 0.0859375 0.165625
0 0.8328125 0.625 0.065625 0.140625
0 0.9765625 0.4125 0.046875 0.121875
0 0.85078125 0.31015625 0.05 0.1203125
0 0.88203125 0.284375 0.053125 0.1109375