0 0.45 0.33046875 0.03125 0.084375
0 0.42265625 0.34296875 0.046875 0.1375
0 0.33671875 0.2625 0.046875 0.1265625
0 0.36640625 0.23203125 0.0296875 0.128125
0 0.334375 0.42890625 0.040625 0.140625
0 0.32734375 0.55859375 0.0546875 0.14375
0 0.2359375 0.7453125 0.06875 0.140625
0 0.36484375 0.7625 0.05625 0.1390625
0 0.51875 0.58359375 0.0484375 0.1328125
0 0.48046875 0.42734375 0.0546875 0.115625
0 0.57109375 0.4296875 0.0375 0.146875
0 0.56796875 0.2609375 0.05 0.09375
0 0.47265625 0.23984375 0.040625 0.0546875
0 0.475 0.2046875 0.0390625 0.0390625
0 0.56875 0.2046875 0.0453125 0.0515625
0 0.51171875 0.1765625 0.04375 0.1078125
0 0.6046875 0.178125 0.0375 0.115625
0 0.7015625 0.26015625 0.0359375 0.134375
0 0.86484375 0.21875 0.0421875 0.121875
0 0.48125 0.303125 0.0421875 0.103125
0 0.51875 0.36484375 0.04375 0.1