0 0.689453125 0.2066974595842956 0.04609375 0.16397228637413394
0 0.662109375 0.2586605080831409 0.06328125 0.12009237875288684
0 0.69921875 0.3891454965357968 0.0734375 0.23787528868360278
0 0.026953125 0.7193995381062356 0.05390625 0.37644341801385683
0 0.5703125 0.39376443418013857 0.071875 0.21939953810623555
0 0.6265625 0.45958429561200925 0.065625 0.3371824480369515
0 0.921484375 0.5831408775981525 0.06328125 0.394919168591224
0 0.528515625 0.6501154734411085 0.11171875 0.3533487297921478
0 0.878515625 0.47113163972286376 0.06015625 0.3510392609699769
0 0.41953125 0.32678983833718245 0.071875 0.325635103926097
0 0.759765625 0.5173210161662818 0.06171875 0.3648960739030023
0 0.59609375 0.6974595842956121 0.078125 0.2956120092378753
0 0.684765625 0.5727482678983834 0.07265625 0.3648960739030023
0 0.299609375 0.5785219399538106 0.06015625 0.3995381062355658
0 0.845703125 0.302540415704388 0.05078125 0.3187066974595843
0 0.52578125 0.8094688221709007 0.0953125 0.37644341801385683
1 0.1125 0.45727482678983833 0.0671875 0.30484988452655887
0 0.233984375 0.15935334872979215 0.06640625 0.3187066974595843