0 0.5640625 0.2488479262672811 0.04375 0.11059907834101383
0 0.5609375 0.1543778801843318 0.040625 0.08755760368663594
0 0.57421875 0.4631336405529954 0.0515625 0.17050691244239632
0 0.4890625 0.4700460829493088 0.05 0.16589861751152074
0 0.5453125 0.30414746543778803 0.04375 0.12903225806451613
0 0.4765625 0.27419354838709675 0.04375 0.12442396313364056
0 0.390625 0.0967741935483871 0.034375 0.15668202764976957
0 0.475 0.1728110599078341 0.040625 0.12442396313364056
1 0.9703125 0.04838709677419355 0.0375 0.0967741935483871
0 0.4828125 0.3709677419354839 0.059375 0.14285714285714285
0 0.02265625 0.3294930875576037 0.0390625 0.2073732718894009
0 0.684375 0.2764976958525346 0.028125 0.23963133640552994
0 0.3984375 0.5668202764976958 0.040625 0.2119815668202765
0 0.3765625 0.2304147465437788 0.0375 0.1935483870967742
0 0.8171875 0.2764976958525346 0.034375 0.2119815668202765
0 0.39375 0.3870967741935484 0.0375 0.18433179723502305
0 0.5234375 0.9354838709677419 0.04375 0.12903225806451613
0 0.6421875 0.9354838709677419 0.065625 0.12903225806451613