0 0.5515625 0.20967741935483872 0.0375 0.10599078341013825
0 0.478125 0.4470046082949309 0.04375 0.09216589861751152
0 0.503125 0.4032258064516129 0.040625 0.1336405529953917
0 0.47890625 0.5299539170506913 0.0453125 0.15668202764976957
0 0.45703125 0.23963133640552994 0.0453125 0.11981566820276497
0 0.559375 0.39631336405529954 0.046875 0.12903225806451613
0 0.565625 0.48847926267281105 0.05 0.12903225806451613
0 0.5390625 0.3087557603686636 0.046875 0.1382488479262673
0 0.51953125 0.17050691244239632 0.0359375 0.15668202764976957
0 0.2390625 0.39631336405529954 0.0375 0.20276497695852536
0 0.57578125 0.5875576036866359 0.0609375 0.1889400921658986
0 0.3265625 0.39631336405529954 0.0375 0.1935483870967742
0 0.9 0.9608294930875576 0.05 0.07834101382488479
0 0.71953125 0.41705069124423966 0.0390625 0.1889400921658986
0 0.83984375 0.1889400921658986 0.0359375 0.2119815668202765
0 0.5375 0.9447004608294931 0.0625 0.11059907834101383