0 0.49453125 0.2857142857142857 0.1078125 0.3686635944700461
0 0.96484375 0.16589861751152074 0.0671875 0.3317972350230415
0 0.56015625 0.5714285714285714 0.1078125 0.29493087557603687
0 0.67265625 0.4539170506912442 0.1765625 0.4930875576036866
0 0.9515625 0.4861751152073733 0.096875 0.7880184331797235
0 0.74453125 0.09907834101382489 0.1203125 0.19815668202764977
0 0.553125 0.11981566820276497 0.13125 0.23963133640552994
0 0.0703125 0.11059907834101383 0.11875 0.22119815668202766
0 0.80859375 0.14746543778801843 0.0890625 0.29493087557603687
0 0.20703125 0.5990783410138248 0.1265625 0.7557603686635944
0 0.3171875 0.2880184331797235 0.1125 0.576036866359447
0 0.37734375 0.6152073732718893 0.1171875 0.7695852534562212
0 0.7875 0.4539170506912442 0.140625 0.7972350230414746