0 0.5796875 0.29493087557603687 0.040625 0.22119815668202766
0 0.62265625 0.2926267281105991 0.0546875 0.19815668202764977
0 0.5703125 0.37557603686635943 0.053125 0.22580645161290322
0 0.5640625 0.5 0.05625 0.24423963133640553
0 0.509375 0.5253456221198156 0.05625 0.2857142857142857
0 0.3984375 0.7027649769585254 0.05 0.2903225806451613
0 0.62734375 0.4608294930875576 0.0453125 0.2304147465437788
0 0.82890625 0.5368663594470046 0.0515625 0.2903225806451613
0 0.0953125 0.4078341013824885 0.046875 0.24423963133640553
0 0.4109375 0.43548387096774194 0.053125 0.2534562211981567
0 0.46328125 0.4470046082949309 0.0640625 0.29493087557603687