0 0.503125 0.4032258064516129 0.040625 0.1336405529953917
0 0.47890625 0.4470046082949309 0.0453125 0.09216589861751152
0 0.45703125 0.23963133640552994 0.0453125 0.11981566820276497
0 0.54765625 0.2119815668202765 0.0390625 0.10138248847926268
0 0.55859375 0.3986175115207373 0.0453125 0.1152073732718894
0 0.53984375 0.30414746543778803 0.0453125 0.1382488479262673
0 0.47890625 0.5276497695852534 0.0453125 0.16129032258064516
0 0.56484375 0.4861751152073733 0.0484375 0.12442396313364056
0 0.5203125 0.17050691244239632 0.034375 0.15668202764976957
0 0.23984375 0.39631336405529954 0.0359375 0.2119815668202765
0 0.57578125 0.5898617511520737 0.0609375 0.18433179723502305
0 0.89921875 0.9585253456221198 0.0453125 0.08294930875576037
0 0.3265625 0.39631336405529954 0.0375 0.1935483870967742
0 0.71796875 0.4147465437788018 0.0421875 0.1935483870967742
0 0.840625 0.1889400921658986 0.034375 0.2119815668202765
0 0.5375 0.9447004608294931 0.0625 0.11059907834101383