0 0.98515625 0.6682027649769585 0.0296875 0.30414746543778803
1 0.0109375 0.2465437788018433 0.021875 0.2995391705069124
0 0.5296875 0.2695852534562212 0.04375 0.2534562211981567
0 0.60703125 0.22811059907834103 0.0484375 0.19815668202764977
0 0.5171875 0.5599078341013825 0.065625 0.3456221198156682
0 0.61484375 0.4631336405529954 0.0671875 0.31797235023041476
0 0.340625 0.5668202764976958 0.071875 0.35944700460829493
0 0.4953125 0.33410138248847926 0.0625 0.3271889400921659
0 0.56796875 0.5714285714285714 0.0578125 0.35944700460829493
0 0.9796875 0.1889400921658986 0.040625 0.29493087557603687
0 0.5671875 0.1359447004608295 0.040625 0.2626728110599078
0 0.1734375 0.3824884792626728 0.065625 0.34101382488479265