0 0.3390625 0.2073732718894009 0.0625 0.25806451612903225
0 0.51015625 0.41935483870967744 0.0578125 0.23963133640552994
0 0.48828125 0.3686635944700461 0.0515625 0.2488479262672811
0 0.86484375 0.4377880184331797 0.0609375 0.2488479262672811
0 0.47578125 0.2557603686635945 0.0515625 0.271889400921659
0 0.5875 0.45852534562211983 0.065625 0.271889400921659
0 0.77265625 0.5783410138248848 0.0609375 0.31797235023041476
0 0.85859375 0.6658986175115207 0.0546875 0.2995391705069124
0 0.9640625 0.03917050691244239 0.053125 0.07834101382488479
0 0.76796875 0.2073732718894009 0.0390625 0.25806451612903225
0 0.24140625 0.2764976958525346 0.0515625 0.30414746543778803