1 0.87265625 0.0967741935483871 0.0234375 0.1935483870967742
0 0.51640625 0.532258064516129 0.0484375 0.17050691244239632
0 0.478125 0.5046082949308756 0.046875 0.2534562211981567
0 0.54140625 0.5829493087557603 0.0421875 0.271889400921659
0 0.434375 0.4976958525345622 0.0625 0.22119815668202766
0 0.15234375 0.5184331797235023 0.0296875 0.24423963133640553
0 0.871875 0.09907834101382489 0.025 0.19815668202764977
0 0.58671875 0.5230414746543779 0.0453125 0.2350230414746544
0 0.09296875 0.8502304147465438 0.0859375 0.2903225806451613
0 0.62578125 0.5276497695852534 0.0484375 0.2350230414746544
0 0.5265625 0.3433179723502304 0.05625 0.2534562211981567
0 0.64140625 0.44930875576036866 0.0546875 0.2350230414746544
0 0.34609375 0.21658986175115208 0.0640625 0.22119815668202766
0 0.165625 0.19815668202764977 0.04375 0.20276497695852536