0 0.4625 0.30703125 0.046875 0.096875
0 0.73828125 0.2140625 0.0359375 0.1390625
0 0.44921875 0.25859375 0.0484375 0.178125
0 0.51171875 0.3359375 0.0421875 0.1109375
0 0.56640625 0.253125 0.0390625 0.1390625
0 0.503125 0.47109375 0.046875 0.18046875
0 0.390625 0.3765625 0.04375 0.146875
0 0.30859375 0.29453125 0.0546875 0.15
0 0.28671875 0.31640625 0.0734375 0.14453125
0 0.71171875 0.27890625 0.0703125 0.1859375
0 0.634375 0.32109375 0.059375 0.146875
0 0.878125 0.3609375 0.04375 0.15
0 0.56015625 0.34609375 0.0796875 0.16953125
0 0.446875 0.4015625 0.08125 0.203125
0 0.7234375 0.46640625 0.05 0.19453125
0 0.96640625 0.6765625 0.0640625 0.20859375
0 0.47890625 0.5359375 0.0546875 0.1609375
0 0.52578125 0.2640625 0.03125 0.06953125