0 0.5640625 0.346875 0.04375 0.06640625
0 0.5609375 0.290625 0.040625 0.053125
0 0.57421875 0.4765625 0.0515625 0.103125
0 0.4890625 0.48046875 0.05 0.1
0 0.5453125 0.38046875 0.04375 0.078125
0 0.4765625 0.3625 0.04375 0.075
0 0.390625 0.25546875 0.034375 0.09453125
0 0.475 0.3015625 0.040625 0.075
1 0.9703125 0.20859375 0.0375 0.09453125
0 0.4828125 0.42109375 0.059375 0.0859375
0 0.02265625 0.39609375 0.0390625 0.125
0 0.684375 0.3640625 0.028125 0.14453125
0 0.3984375 0.5390625 0.040625 0.128125
0 0.3765625 0.3359375 0.0375 0.11640625
0 0.46640625 0.165625 0.0328125 0.096875
0 0.8171875 0.3640625 0.034375 0.128125
0 0.39375 0.43046875 0.0375 0.1109375
0 0.5234375 0.8015625 0.04375 0.15859375
0 0.56015625 0.153125 0.0453125 0.11640625
0 0.6421875 0.79140625 0.065625 0.1390625