0 0.2828125 0.49078341013824883 0.03125 0.15207373271889402
0 0.40546875 0.44930875576036866 0.0578125 0.2073732718894009
0 0.33515625 0.3248847926267281 0.0390625 0.19815668202764977
0 0.353125 0.4539170506912442 0.04375 0.17972350230414746
0 0.984375 0.16820276497695852 0.03125 0.19815668202764977
0 0.39140625 0.5253456221198156 0.0421875 0.2119815668202765
0 0.35234375 0.37327188940092165 0.0453125 0.1935483870967742
0 0.3125 0.271889400921659 0.040625 0.22119815668202766
0 0.17421875 0.423963133640553 0.0609375 0.25806451612903225
0 0.3578125 0.6152073732718893 0.059375 0.2073732718894009
0 0.40078125 0.6935483870967742 0.0546875 0.2626728110599078
0 0.29921875 0.543778801843318 0.0609375 0.23963133640552994
0 0.83671875 0.7396313364055299 0.0546875 0.28110599078341014
0 0.24765625 0.27419354838709675 0.0453125 0.22580645161290322
0 0.55703125 0.17050691244239632 0.0296875 0.2119815668202765
0 0.646875 0.35253456221198154 0.04375 0.2073732718894009