0 0.546875 0.29723502304147464 0.034375 0.10599078341013825
0 0.55859375 0.22811059907834103 0.0484375 0.10599078341013825
0 0.45546875 0.1543778801843318 0.0421875 0.10599078341013825
0 0.45703125 0.22119815668202766 0.0421875 0.11981566820276497
0 0.58828125 0.47465437788018433 0.0515625 0.2304147465437788
0 0.5671875 0.1774193548387097 0.04375 0.0967741935483871
0 0.39296875 0.39400921658986177 0.0390625 0.19815668202764977
0 0.36953125 0.0944700460829493 0.0359375 0.1889400921658986
0 0.49375 0.5898617511520737 0.065625 0.16589861751152074
0 0.45859375 0.34101382488479265 0.0609375 0.15668202764976957
0 0.403125 0.5460829493087558 0.04375 0.24423963133640553
0 0.478125 0.43548387096774194 0.0625 0.16129032258064516
0 0.36328125 0.3433179723502304 0.0390625 0.2073732718894009
0 0.80390625 0.3317972350230415 0.0390625 0.2304147465437788
0 0.690625 0.2857142857142857 0.046875 0.15668202764976957
0 0.540625 0.9170506912442397 0.04375 0.16589861751152074
0 0.65625 0.9055299539170507 0.06875 0.1889400921658986