0 0.6234375 0.42626728110599077 0.04375 0.2073732718894009
0 0.51953125 0.38018433179723504 0.0390625 0.17972350230414746
0 0.565625 0.4930875576036866 0.053125 0.2488479262672811
0 0.41171875 0.42857142857142855 0.0546875 0.22119815668202766
0 0.49765625 0.5921658986175116 0.0546875 0.271889400921659
0 0.78515625 0.49078341013824883 0.0703125 0.21658986175115208
0 0.54375 0.6059907834101382 0.059375 0.24423963133640553
0 0.44140625 0.5529953917050692 0.0578125 0.2857142857142857
0 0.07421875 0.47465437788018433 0.0421875 0.2672811059907834
0 0.428125 0.22350230414746544 0.05 0.19815668202764977
0 0.3671875 0.5299539170506913 0.05 0.23963133640552994
0 0.25703125 0.8617511520737328 0.0609375 0.23963133640552994