0 0.4984375 0.23046875 0.0640625 0.05859375
0 0.41328125 0.1515625 0.0578125 0.103125
0 0.409375 0.32890625 0.096875 0.175
0 0.37734375 0.246875 0.0984375 0.1609375
0 0.5203125 0.15703125 0.06875 0.0859375
0 0.5796875 0.3515625 0.090625 0.175
0 0.6984375 0.90390625 0.078125 0.19140625
0 0.51171875 0.95234375 0.0828125 0.0953125
0 0.35390625 0.08359375 0.0578125 0.15546875
0 0.5515625 0.0765625 0.078125 0.146875
0 0.7265625 0.30859375 0.059375 0.18359375
0 0.44296875 0.4015625 0.0953125 0.16953125
0 0.78046875 0.23046875 0.0578125 0.221875
1 0.128125 0.27109375 0.06875 0.19140625
0 0.67734375 0.6140625 0.0859375 0.24453125
0 0.4828125 0.634375 0.071875 0.21953125
0 0.55234375 0.26953125 0.0546875 0.11953125
0 0.50390625 0.3234375 0.0546875 0.1390625