0 0.4 0.5990783410138248 0.0375 0.2119815668202765
0 0.48125 0.5 0.034375 0.1889400921658986
0 0.365625 0.6082949308755761 0.040625 0.2304147465437788
0 0.5078125 0.6036866359447005 0.040625 0.2488479262672811
0 0.59609375 0.511520737327189 0.0296875 0.2304147465437788
0 0.55234375 0.4792626728110599 0.0359375 0.2304147465437788
0 0.45 0.5622119815668203 0.053125 0.2119815668202765
0 0.15078125 0.10829493087557604 0.0359375 0.15207373271889402
1 0.08828125 0.7488479262672811 0.0359375 0.2534562211981567
0 0.84609375 0.4032258064516129 0.0359375 0.17050691244239632
0 0.3328125 0.49539170506912444 0.046875 0.24423963133640553
1 0.08984375 0.2488479262672811 0.0421875 0.20276497695852536