0 0.99140625 0.45852534562211983 0.0171875 0.3271889400921659
0 0.540625 0.059907834101382486 0.05 0.11981566820276497
0 0.61328125 0.271889400921659 0.0703125 0.15668202764976957
0 0.503125 0.12903225806451613 0.04375 0.1382488479262673
0 0.5515625 0.1935483870967742 0.053125 0.16589861751152074
0 0.50234375 0.33640552995391704 0.0578125 0.17511520737327188
0 0.71171875 0.26036866359447003 0.0359375 0.271889400921659
0 0.61953125 0.16820276497695852 0.0578125 0.16129032258064516
0 0.58359375 0.868663594470046 0.0453125 0.2626728110599078
0 0.984375 0.06221198156682028 0.03125 0.12442396313364056
0 0.6015625 0.4078341013824885 0.06875 0.21658986175115208
0 0.2328125 0.1543778801843318 0.046875 0.24423963133640553
0 0.6328125 0.06451612903225806 0.06875 0.12903225806451613
0 0.43515625 0.3824884792626728 0.0546875 0.2304147465437788
0 0.434375 0.8640552995391705 0.08125 0.271889400921659
0 0.73828125 0.10368663594470046 0.0390625 0.2073732718894009
0 0.45703125 0.03686635944700461 0.0640625 0.07373271889400922