0 0.50859375 0.24193548387096775 0.0484375 0.10599078341013825
0 0.55625 0.6497695852534562 0.075 0.17511520737327188
0 0.5046875 0.1912442396313364 0.05625 0.1152073732718894
0 0.45234375 0.6175115207373272 0.0671875 0.2304147465437788
0 0.46015625 0.4838709677419355 0.0671875 0.14746543778801843
0 0.47109375 0.4055299539170507 0.0609375 0.12903225806451613
0 0.75 0.2488479262672811 0.046875 0.17511520737327188
0 0.45625 0.06682027649769585 0.04375 0.1336405529953917
0 0.51484375 0.3709677419354839 0.0671875 0.21658986175115208
0 0.74453125 0.43317972350230416 0.0484375 0.35023041474654376
0 0.83828125 0.12903225806451613 0.0453125 0.25806451612903225
0 0.434375 0.7142857142857143 0.065625 0.23963133640552994
0 0.4703125 0.271889400921659 0.05625 0.17511520737327188
0 0.1734375 0.315668202764977 0.05625 0.271889400921659
0 0.575 0.5253456221198156 0.084375 0.20276497695852536
0 0.9609375 0.0944700460829493 0.046875 0.1889400921658986
0 0.9125 0.8064516129032258 0.046875 0.3686635944700461
0 0.58203125 0.7741935483870968 0.0796875 0.2857142857142857
0 0.59609375 0.4423963133640553 0.0671875 0.2304147465437788
0 0.63203125 0.1774193548387097 0.0796875 0.19815668202764977
0 0.421875 0.10138248847926268 0.071875 0.20276497695852536