0 0.71796875 0.271889400921659 0.0578125 0.3870967741935484
0 0.596875 0.2557603686635945 0.084375 0.1889400921658986
0 0.4734375 0.3456221198156682 0.075 0.3686635944700461
0 0.54296875 0.4032258064516129 0.1046875 0.3640552995391705
0 0.6921875 0.05069124423963134 0.06875 0.10138248847926268
0 0.67890625 0.35944700460829493 0.0765625 0.423963133640553
0 0.43671875 0.06221198156682028 0.0671875 0.12442396313364056
0 0.615625 0.08755760368663594 0.078125 0.17511520737327188
0 0.75390625 0.5529953917050692 0.0984375 0.43317972350230416
0 0.5171875 0.09216589861751152 0.10625 0.18433179723502305
0 0.38046875 0.1313364055299539 0.0765625 0.2626728110599078
0 0.084375 0.7258064516129032 0.084375 0.4009216589861751
0 0.1578125 0.6497695852534562 0.08125 0.423963133640553