0 0.4510416666666667 0.5061633281972265 0.03958333333333333 0.22033898305084745
0 0.6106770833333334 0.08705701078582434 0.03802083333333333 0.12480739599383667
0 0.5234375 0.2103235747303544 0.042708333333333334 0.17103235747303544
0 0.49765625 0.33281972265023113 0.034895833333333334 0.15716486902927582
0 0.75 0.3559322033898305 0.036458333333333336 0.2280431432973806
0 0.5666666666666667 0.20801232665639446 0.04791666666666667 0.1941448382126348
0 0.4825520833333333 0.5431432973805855 0.044270833333333336 0.2357473035439137
0 0.48463541666666665 0.2280431432973806 0.0390625 0.20955315870570107
0 0.5184895833333333 0.47226502311248075 0.0484375 0.22342064714946072
0 0.61328125 0.20261941448382126 0.0328125 0.20184899845916796
0 0.31744791666666666 0.32126348228043144 0.0453125 0.21417565485362094
0 0.40911458333333334 0.662557781201849 0.0546875 0.23728813559322035
0 0.39947916666666666 0.3474576271186441 0.042708333333333334 0.22033898305084745
0 0.5158854166666667 0.6887519260400616 0.0390625 0.27426810477657937
0 0.4088541666666667 0.5485362095531587 0.07083333333333333 0.2280431432973806
0 0.5377604166666666 0.37519260400616333 0.0484375 0.24191063174114022
0 0.8505208333333333 0.04776579352850539 0.041666666666666664 0.09553158705701079
0 0.44921875 0.2950693374422188 0.0421875 0.2049306625577812
0 0.8330729166666667 0.6779661016949152 0.044270833333333336 0.24961479198767333