0 0.76796875 0.6129032258064516 0.1765625 0.17511520737327188
0 0.4703125 0.1382488479262673 0.09375 0.2119815668202765
0 0.47109375 0.38940092165898615 0.0984375 0.4009216589861751
0 0.728125 0.5529953917050692 0.08125 0.5990783410138248
0 0.559375 0.12211981566820276 0.0875 0.24423963133640553
0 0.64375 0.4308755760368664 0.09375 0.45622119815668205
0 0.22421875 0.6428571428571429 0.0828125 0.6129032258064516
0 0.55234375 0.391705069124424 0.0984375 0.6543778801843319
0 0.17265625 0.7211981566820277 0.0671875 0.5576036866359447
0 0.60703125 0.1543778801843318 0.0765625 0.3087557603686636
1 0.0765625 0.20276497695852536 0.11875 0.4055299539170507
1 0.04609375 0.6382488479262672 0.0859375 0.6036866359447005
0 0.39609375 0.3824884792626728 0.1765625 0.3870967741935484
0 0.8359375 0.25806451612903225 0.08125 0.5161290322580645
0 0.33515625 0.17050691244239632 0.0921875 0.34101382488479265