0 0.309375 0.4976958525345622 0.0875 0.14746543778801843
0 0.5296875 0.06221198156682028 0.0875 0.12442396313364056
0 0.21796875 0.2073732718894009 0.0734375 0.3778801843317972
0 0.61171875 0.06912442396313365 0.0796875 0.1382488479262673
0 0.42890625 0.195852534562212 0.0828125 0.31797235023041476
0 0.1734375 0.07834101382488479 0.0875 0.15668202764976957
0 0.10390625 0.10138248847926268 0.0890625 0.20276497695852536
0 0.23359375 0.3387096774193548 0.0859375 0.511520737327189
0 0.475 0.45161290322580644 0.09375 0.45161290322580644
0 0.53515625 0.29723502304147464 0.0859375 0.45622119815668205
0 0.425 0.7788018433179723 0.084375 0.4423963133640553
0 0.28828125 0.1336405529953917 0.0921875 0.2672811059907834