0 0.5234375 0.27251732101616627 0.03125 0.16166281755196305
0 0.490234375 0.4792147806004619 0.03359375 0.20554272517321015
0 0.45859375 0.476905311778291 0.0359375 0.23787528868360278
0 0.561328125 0.29445727482678985 0.03515625 0.16859122401847576
0 0.384765625 0.07159353348729793 0.03203125 0.14318706697459585
1 0.196875 0.1812933025404157 0.0234375 0.20092378752886836
0 0.4328125 0.44110854503464203 0.04375 0.19399538106235567
0 0.571484375 0.40993071593533487 0.04296875 0.15935334872979215
0 0.412109375 0.33371824480369516 0.03984375 0.15011547344110854
0 0.605078125 0.27367205542725176 0.04140625 0.22401847575057737
0 0.673046875 0.24133949191685913 0.03359375 0.21939953810623555
0 0.48984375 0.11547344110854503 0.034375 0.15242494226327943
1 0.75703125 0.5704387990762124 0.0390625 0.23556581986143188
0 0.646484375 0.3891454965357968 0.04296875 0.22863741339491916