0 0.5390625 0.40546875 0.0375 0.1390625
0 0.5828125 0.08359375 0.04375 0.121875
0 0.875 0.08203125 0.034375 0.1140625
0 0.39453125 0.44453125 0.0421875 0.15
0 0.62578125 0.4609375 0.0515625 0.14453125
1 0.81875 0.41796875 0.03125 0.15859375
0 0.69296875 0.14140625 0.0359375 0.128125
0 0.47578125 0.49140625 0.0578125 0.15
0 0.44140625 0.075 0.0390625 0.1390625
0 0.21875 0.359375 0.040625 0.1640625
0 0.43125 0.40703125 0.034375 0.10546875
0 0.5546875 0.30703125 0.0390625 0.103125
0 0.596875 0.3265625 0.0484375 0.1109375
0 0.49453125 0.3984375 0.040625 0.09140625