0 0.29140625 0.5138248847926268 0.0453125 0.1336405529953917
0 0.38046875 0.46543778801843316 0.0484375 0.11981566820276497
0 0.2921875 0.5967741935483871 0.046875 0.1889400921658986
0 0.328125 0.4308755760368664 0.04375 0.14285714285714285
0 0.36875 0.5230414746543779 0.040625 0.14285714285714285
0 0.528125 0.4055299539170507 0.03125 0.25806451612903225
0 0.31171875 0.3548387096774194 0.0453125 0.1382488479262673
0 0.14453125 0.4055299539170507 0.0484375 0.25806451612903225
0 0.22890625 0.37557603686635943 0.0296875 0.2073732718894009
0 0.38203125 0.6543778801843319 0.0453125 0.18433179723502305
0 0.3890625 0.21889400921658986 0.053125 0.15207373271889402
1 0.6125 0.4032258064516129 0.03125 0.21658986175115208
0 0.890625 0.18663594470046083 0.028125 0.19815668202764977
0 0.39609375 0.33640552995391704 0.0578125 0.1382488479262673
0 0.128125 0.35944700460829493 0.0375 0.20276497695852536
0 0.29765625 0.2764976958525346 0.0453125 0.15668202764976957
0 0.56328125 0.5483870967741935 0.0296875 0.23963133640552994
0 0.3390625 0.05069124423963134 0.046875 0.10138248847926268
0 0.59375 0.0576036866359447 0.028125 0.1152073732718894