0 0.61796875 0.1313364055299539 0.0453125 0.1336405529953917
0 0.77421875 0.18433179723502305 0.0359375 0.23963133640552994
0 0.53359375 0.12672811059907835 0.0453125 0.0967741935483871
0 0.53125 0.1889400921658986 0.05 0.11059907834101383
0 0.53046875 0.2695852534562212 0.0484375 0.1336405529953917
0 0.14296875 0.14516129032258066 0.0296875 0.21658986175115208
0 0.49609375 0.347926267281106 0.0578125 0.19815668202764977
0 0.403125 0.07373271889400922 0.028125 0.14746543778801843
0 0.39140625 0.23963133640552994 0.0328125 0.1935483870967742
1 0.2390625 0.14746543778801843 0.0375 0.22119815668202766
0 0.30234375 0.30184331797235026 0.0359375 0.22580645161290322
0 0.209375 0.7350230414746544 0.040625 0.2350230414746544
0 0.4359375 0.11981566820276497 0.03125 0.17511520737327188
0 0.61171875 0.8433179723502304 0.0671875 0.2119815668202765