1 0.006640625 0.21478060046189376 0.01328125 0.2632794457274827
0 0.4203125 0.5173210161662818 0.0515625 0.23556581986143188
0 0.219140625 0.6039260969976905 0.05546875 0.19168591224018475
0 0.739453125 0.825635103926097 0.04765625 0.26558891454965355
0 0.216015625 0.44341801385681295 0.04921875 0.24480369515011546
0 0.976171875 0.2748267898383372 0.04609375 0.23094688221709006
0 0.90546875 0.03002309468822171 0.0453125 0.06004618937644342
0 0.887109375 0.535796766743649 0.05390625 0.3094688221709007
0 0.616015625 0.6651270207852193 0.05390625 0.24480369515011546
0 0.371484375 0.6339491916859122 0.05859375 0.26558891454965355
0 0.6671875 0.4515011547344111 0.053125 0.24249422632794457
0 0.529296875 0.197459584295612 0.06640625 0.21478060046189376
0 0.944140625 0.13625866050808313 0.03671875 0.21247113163972287
0 0.76640625 0.18822170900692842 0.040625 0.22401847575057737
0 0.4640625 0.6535796766743649 0.0640625 0.24480369515011546
0 0.512109375 0.08891454965357967 0.05859375 0.17782909930715934
0 0.487109375 0.5150115473441108 0.07890625 0.23556581986143188
0 0.523828125 0.3648960739030023 0.06171875 0.21247113163972287
0 0.4140625 0.7297921478060047 0.0796875 0.24018475750577367