0 0.146875 0.09609375 0.05234375 0.153125
0 0.16875 0.19140625 0.046875 0.11640625
0 0.809375 0.221875 0.07109375 0.14140625
0 0.521875 0.44453125 0.0703125 0.175
0 0.5890625 0.390625 0.06875 0.128125
0 0.58984375 0.5015625 0.0765625 0.13359375
0 0.7328125 0.490625 0.06640625 0.1984375
0 0.5734375 0.2046875 0.05078125 0.140625
0 0.665625 0.48125 0.06796875 0.17109375
0 0.2703125 0.3640625 0.07265625 0.1859375
0 0.171875 0.31796875 0.0640625 0.1609375
0 0.11953125 0.153125 0.04375 0.15703125
0 0.0203125 0.14765625 0.03984375 0.1625
0 0.47734375 0.19609375 0.0578125 0.13359375
0 0.3109375 0.534375 0.08046875 0.1859375
0 0.4125 0.303125 0.05859375 0.1625
0 0.7515625 0.428125 0.06328125 0.1734375
0 0.36015625 0.51484375 0.065625 0.1625
0 0.509375 0.35078125 0.05703125 0.128125
0 0.20234375 0.103125 0.04296875 0.14609375