0 0.159765625 0.017321016166281754 0.04765625 0.03464203233256351
0 0.254296875 0.19861431870669746 0.03828125 0.19861431870669746
0 0.083203125 0.23441108545034642 0.04140625 0.16397228637413394
0 0.6546875 0.1905311778290993 0.0421875 0.14087759815242495
0 0.2078125 0.151270207852194 0.0359375 0.16859122401847576
0 0.1046875 0.06466512702078522 0.04375 0.12933025404157045
0 0.02421875 0.4953810623556582 0.0484375 0.19630484988452657
0 0.660546875 0.5519630484988453 0.04140625 0.17551963048498845
0 0.1328125 0.39838337182448036 0.0609375 0.20092378752886836
0 0.7515625 0.4907621247113164 0.0609375 0.22401847575057737
0 0.24453125 0.8094688221709007 0.078125 0.22863741339491916