0 0.64921875 0.01152073732718894 0.0453125 0.02304147465437788
0 0.64296875 0.12442396313364056 0.0421875 0.18433179723502305
0 0.57421875 0.02534562211981567 0.0484375 0.05069124423963134
0 0.67265625 0.15668202764976957 0.0515625 0.20276497695852536
0 0.82109375 0.08986175115207373 0.0421875 0.17972350230414746
0 0.5421875 0.195852534562212 0.065625 0.21658986175115208
1 0.28203125 0.05069124423963134 0.0390625 0.10138248847926268
0 0.1375 0.8202764976958525 0.05 0.30414746543778803
0 0.61953125 0.6682027649769585 0.0578125 0.30414746543778803
0 0.471875 0.1497695852534562 0.05 0.2534562211981567
0 0.59296875 0.8617511520737328 0.0890625 0.2764976958525346
0 0.2765625 0.6129032258064516 0.046875 0.2764976958525346
0 0.37265625 0.31336405529953915 0.0421875 0.23963133640552994
0 0.434375 0.06912442396313365 0.04375 0.1382488479262673
0 0.65390625 0.35023041474654376 0.0765625 0.2304147465437788