0 0.3828125 0.2073732718894009 0.059375 0.17511520737327188
0 0.51015625 0.2465437788018433 0.0578125 0.17972350230414746
0 0.4 0.3248847926267281 0.059375 0.2073732718894009
0 0.53515625 0.20046082949308755 0.0484375 0.15207373271889402
0 0.590625 0.17511520737327188 0.046875 0.18433179723502305
0 0.36796875 0.38940092165898615 0.0609375 0.1889400921658986
0 0.5984375 0.0967741935483871 0.053125 0.1935483870967742
0 0.4859375 0.3640552995391705 0.0625 0.18433179723502305
1 0.12265625 0.0944700460829493 0.0421875 0.1889400921658986
0 0.82421875 0.4147465437788018 0.0390625 0.31336405529953915
0 0.53359375 0.4470046082949309 0.0453125 0.3225806451612903
1 0.84609375 0.29493087557603687 0.0390625 0.30414746543778803
0 0.33984375 0.25806451612903225 0.0453125 0.23963133640552994
0 0.58203125 0.347926267281106 0.0515625 0.2626728110599078
0 0.6875 0.12903225806451613 0.040625 0.25806451612903225