0 0.76328125 0.3317972350230415 0.0609375 0.2672811059907834
0 0.5015625 0.3640552995391705 0.053125 0.2857142857142857
0 0.54765625 0.5898617511520737 0.0546875 0.34101382488479265
0 0.6578125 0.33640552995391704 0.040625 0.25806451612903225
0 0.62265625 0.543778801843318 0.0609375 0.23963133640552994
0 0.6296875 0.2880184331797235 0.04375 0.3087557603686636
0 0.70859375 0.4930875576036866 0.0484375 0.3225806451612903
0 0.4953125 0.543778801843318 0.05625 0.25806451612903225
0 0.7671875 0.44930875576036866 0.0625 0.271889400921659
0 0.3875 0.20506912442396313 0.09375 0.2626728110599078
0 0.53203125 0.3294930875576037 0.0609375 0.2903225806451613
0 0.45078125 0.22811059907834103 0.0578125 0.2903225806451613
0 0.6953125 0.6082949308755761 0.084375 0.31336405529953915
0 0.20390625 0.3087557603686636 0.0515625 0.2764976958525346