0 0.49296875 0.44110854503464203 0.046875 0.10623556581986143
0 0.48984375 0.535796766743649 0.046875 0.12933025404157045
0 0.491015625 0.37528868360277134 0.04921875 0.13625866050808313
0 0.54140625 0.43071593533487296 0.0296875 0.15473441108545036
0 0.5671875 0.4942263279445728 0.0390625 0.16628175519630484
0 0.474609375 0.5877598152424942 0.04453125 0.16859122401847576
1 0.26171875 0.4168591224018476 0.028125 0.18244803695150116
0 0.68125 0.3903002309468822 0.034375 0.22170900692840648
0 0.5375 0.06235565819861432 0.034375 0.12471131639722864
0 0.248046875 0.21939953810623555 0.02890625 0.15242494226327943
0 0.49296875 0.06812933025404157 0.0265625 0.13163972286374134
0 0.465625 0.17090069284064666 0.0265625 0.12933025404157045
0 0.398828125 0.4110854503464203 0.03359375 0.16166281755196305
0 0.53828125 0.6720554272517321 0.0515625 0.18475750577367206
0 0.58125 0.1581986143187067 0.040625 0.15935334872979215
0 0.48359375 0.8752886836027713 0.0390625 0.16628175519630484
0 0.24609375 0.6143187066974596 0.0328125 0.18475750577367206
0 0.58125 0.8568129330254042 0.05625 0.21247113163972287