0 0.2859375 0.26036866359447003 0.03125 0.16129032258064516
0 0.2890625 0.43548387096774194 0.03125 0.2534562211981567
0 0.2171875 0.3640552995391705 0.04375 0.17511520737327188
0 0.8421875 0.9308755760368663 0.05 0.1382488479262673
0 0.25546875 0.30184331797235026 0.0359375 0.21658986175115208
0 0.2421875 0.43548387096774194 0.034375 0.2350230414746544
0 0.503125 0.4055299539170507 0.046875 0.22119815668202766
0 0.46953125 0.4009216589861751 0.0484375 0.22119815668202766
0 0.4 0.3387096774193548 0.03125 0.2073732718894009
0 0.15234375 0.4976958525345622 0.0421875 0.20276497695852536
0 0.653125 0.18663594470046083 0.03125 0.19815668202764977
0 0.334375 0.3640552995391705 0.046875 0.23963133640552994