0 0.68046875 0.7142857142857143 0.0703125 0.2672811059907834
0 0.40234375 0.25806451612903225 0.0515625 0.22119815668202766
0 0.45625 0.12211981566820276 0.040625 0.17972350230414746
0 0.59140625 0.7327188940092166 0.0640625 0.29493087557603687
0 0.61171875 0.43317972350230416 0.0421875 0.2304147465437788
0 0.5109375 0.11981566820276497 0.03125 0.18433179723502305
0 0.65703125 0.5414746543778802 0.0421875 0.2534562211981567
0 0.7046875 0.34101382488479265 0.04375 0.2119815668202765
0 0.134375 0.03686635944700461 0.05 0.07373271889400922
0 0.3484375 0.03456221198156682 0.05625 0.06912442396313365
0 0.740625 0.4216589861751152 0.04375 0.2534562211981567
0 0.521875 0.4147465437788018 0.040625 0.2488479262672811
0 0.8765625 0.5483870967741935 0.040625 0.29493087557603687
0 0.5578125 0.5368663594470046 0.071875 0.24423963133640553
0 0.80546875 0.41244239631336405 0.0578125 0.21658986175115208