0 0.69375 0.08294930875576037 0.046875 0.16589861751152074
0 0.4625 0.5875576036866359 0.05 0.3824884792626728
0 0.6703125 0.3709677419354839 0.0625 0.41013824884792627
0 0.70625 0.31797235023041476 0.05625 0.4055299539170507
0 0.43203125 0.49078341013824883 0.0765625 0.3640552995391705
0 0.525 0.4447004608294931 0.096875 0.41935483870967744
0 0.61328125 0.12672811059907835 0.0734375 0.2534562211981567
0 0.14609375 0.5645161290322581 0.0703125 0.2903225806451613
0 0.153125 0.8525345622119815 0.096875 0.29493087557603687
0 0.93203125 0.5875576036866359 0.0796875 0.4377880184331797
0 0.790625 0.5299539170506913 0.071875 0.34101382488479265
0 0.75703125 0.1175115207373272 0.0765625 0.2350230414746544
0 0.346875 0.631336405529954 0.0625 0.43317972350230416
0 0.26875 0.39631336405529954 0.0875 0.39631336405529954
0 0.41015625 0.6589861751152074 0.0890625 0.3870967741935484
0 0.096875 0.16589861751152074 0.06875 0.3317972350230415
0 0.08046875 0.8663594470046083 0.0796875 0.2672811059907834