0 0.26953125 0.576036866359447 0.0421875 0.31336405529953915
0 0.5609375 0.6428571428571429 0.06875 0.16129032258064516
0 0.24921875 0.6935483870967742 0.0515625 0.2626728110599078
0 0.5890625 0.7649769585253456 0.065625 0.20276497695852536
0 0.72109375 0.08525345622119816 0.0359375 0.17050691244239632
0 0.44375 0.5230414746543779 0.053125 0.17972350230414746
0 0.44921875 0.6866359447004609 0.0765625 0.23963133640552994
0 0.50234375 0.4423963133640553 0.0515625 0.15668202764976957
0 0.63671875 0.8824884792626728 0.0578125 0.2350230414746544
0 0.725 0.23271889400921658 0.040625 0.22580645161290322
0 0.77265625 0.35253456221198154 0.0671875 0.2350230414746544
0 0.41640625 0.4838709677419355 0.0703125 0.1935483870967742
0 0.459375 0.7972350230414746 0.071875 0.3317972350230415
0 0.3625 0.2511520737327189 0.0625 0.2350230414746544
0 0.5265625 0.8594470046082949 0.075 0.28110599078341014
0 0.64453125 0.6451612903225806 0.0640625 0.29493087557603687
0 0.33203125 0.08986175115207373 0.0609375 0.17972350230414746