0 0.30078125 0.45852534562211983 0.0515625 0.2350230414746544
0 0.3328125 0.2465437788018433 0.028125 0.15207373271889402
0 0.353125 0.2534562211981567 0.034375 0.17511520737327188
0 0.3125 0.2626728110599078 0.034375 0.15668202764976957
0 0.34765625 0.4147465437788018 0.0453125 0.2304147465437788
0 0.6203125 0.7972350230414746 0.0375 0.2119815668202765
0 0.2890625 0.3709677419354839 0.040625 0.19815668202764977
0 0.69140625 0.7465437788018433 0.0421875 0.20276497695852536
0 0.53671875 0.35944700460829493 0.0484375 0.17511520737327188
0 0.68671875 0.17511520737327188 0.0265625 0.1935483870967742
0 0.37734375 0.43317972350230416 0.0453125 0.2119815668202765
0 0.5 0.3433179723502304 0.03125 0.1889400921658986
0 0.42109375 0.32027649769585254 0.0390625 0.22580645161290322