1 0.6546875 0.15234375 0.065625 0.2234375
0 0.90234375 0.490625 0.103125 0.24375
0 0.66875 0.31484375 0.078125 0.1859375
0 0.5234375 0.23828125 0.059375 0.1328125
0 0.47578125 0.2640625 0.0765625 0.2171875
0 0.41640625 0.3640625 0.075 0.240625
0 0.49296875 0.4125 0.0734375 0.2171875
0 0.51171875 0.6828125 0.0984375 0.3203125
0 0.66015625 0.7921875 0.08125 0.1828125
0 0.73125 0.77890625 0.0796875 0.2125
0 0.4375 0.67109375 0.1046875 0.3078125
0 0.28671875 0.71875 0.0609375 0.1890625
0 0.2421875 0.71796875 0.075 0.196875
0 0.30859375 0.5265625 0.0890625 0.1984375
0 0.21171875 0.47890625 0.090625 0.2578125