0 0.178125 0.6875 0.0640625 0.18359375
0 0.19296875 0.37421875 0.025 0.1984375
0 0.3328125 0.54921875 0.05546875 0.15625
0 0.34375 0.4328125 0.05546875 0.08671875
0 0.38515625 0.44609375 0.03515625 0.109375
0 0.42578125 0.4078125 0.05078125 0.059375
0 0.409375 0.3671875 0.0546875 0.04921875
0 0.4078125 0.3265625 0.0546875 0.05859375
0 0.46015625 0.30078125 0.040625 0.13671875
0 0.43984375 0.2296875 0.053125 0.1125
1 0.61015625 0.06640625 0.02109375 0.13046875
0 0.496875 0.12734375 0.0296875 0.12890625
0 0.75234375 0.13359375 0.021875 0.1390625
0 0.7734375 0.24453125 0.028125 0.16015625
0 0.76171875 0.40625 0.025 0.184375
0 0.7296875 0.3328125 0.03359375 0.15
0 0.65234375 0.54765625 0.0296875 0.2046875
0 0.58203125 0.69609375 0.03515625 0.22265625
0 0.52109375 0.33125 0.05625 0.04140625
0 0.52265625 0.37890625 0.059375 0.06875
0 0.5046875 0.45390625 0.0578125 0.115625
0 0.43984375 0.4984375 0.04921875 0.17421875