0 0.4375 0.21953125 0.046875 0.078125
0 0.58828125 0.25546875 0.0421875 0.0890625
0 0.4046875 0.309375 0.0375 0.10859375
0 0.3734375 0.34453125 0.053125 0.121875
0 0.453125 0.2890625 0.04375 0.0890625
0 0.353125 0.2609375 0.046875 0.10546875
0 0.41171875 0.14453125 0.0359375 0.1
0 0.7125 0.521875 0.0375 0.1609375
0 0.61640625 0.3359375 0.0546875 0.13359375
0 0.48671875 0.378125 0.0640625 0.10546875
0 0.91171875 0.23203125 0.0359375 0.146875
0 0.41875 0.42109375 0.05 0.153125
0 0.20546875 0.2875 0.0359375 0.1359375
0 0.3140625 0.14296875 0.053125 0.11953125
1 0.73046875 0.275 0.0390625 0.128125
0 0.4203125 0.553125 0.05625 0.15546875
0 0.2359375 0.2984375 0.03125 0.146875
0 0.6640625 0.72890625 0.046875 0.1640625
0 0.4453125 0.753125 0.071875 0.171875