0 0.426953125 0.5092378752886836 0.05078125 0.19630484988452657
0 0.30859375 0.2817551963048499 0.0375 0.12009237875288684
0 0.53984375 0.4561200923787529 0.046875 0.15935334872979215
0 0.494140625 0.06928406466512702 0.03671875 0.12933025404157045
0 0.307421875 0.3960739030023095 0.04140625 0.23325635103926096
0 0.49765625 0.1812933025404157 0.0390625 0.18244803695150116
0 0.81640625 0.22863741339491916 0.034375 0.21247113163972287
0 0.37265625 0.06697459584295612 0.0421875 0.13394919168591224
0 0.430859375 0.09237875288683603 0.03515625 0.18475750577367206
0 0.423828125 0.3094688221709007 0.04609375 0.18475750577367206
0 0.400390625 0.2471131639722864 0.05390625 0.18937644341801385
0 0.572265625 0.5900692840646651 0.04765625 0.23787528868360278
0 0.573828125 0.7944572748267898 0.03984375 0.24480369515011546
0 0.530078125 0.28868360277136257 0.06328125 0.18475750577367206
0 0.6640625 0.05542725173210162 0.03125 0.11085450346420324
1 0.81328125 0.4006928406466513 0.0453125 0.23325635103926096
0 0.808984375 0.7782909930715936 0.03828125 0.24480369515011546
0 0.63671875 0.29907621247113164 0.0515625 0.20092378752886836
0 0.516796875 0.7817551963048499 0.06171875 0.22401847575057737
0 0.440234375 0.894919168591224 0.05859375 0.21016166281755197