0 0.5591145833333333 0.12480739599383667 0.0296875 0.17257318952234207
0 0.5890625 0.1386748844375963 0.0375 0.12942989214175654
0 0.40963541666666664 0.10708782742681047 0.033854166666666664 0.21417565485362094
0 0.5536458333333333 0.040061633281972264 0.046875 0.08012326656394453
0 0.5552083333333333 0.3020030816640986 0.04895833333333333 0.21879815100154082
0 0.503125 0.0847457627118644 0.065625 0.1694915254237288
0 0.0203125 0.9036979969183359 0.03958333333333333 0.1926040061633282
0 0.5953125 0.27349768875192604 0.03854166666666667 0.22650231124807396
0 0.3932291666666667 0.17565485362095531 0.04583333333333333 0.2218798151001541
0 0.515625 0.16024653312788906 0.06666666666666667 0.18181818181818182
0 0.5825520833333333 0.05007704160246533 0.04739583333333333 0.10015408320493066
0 0.5559895833333334 0.4761171032357473 0.07447916666666667 0.2033898305084746
0 0.5359375 0.2288135593220339 0.051041666666666666 0.2295839753466872
0 0.6338541666666667 0.1140215716486903 0.03854166666666667 0.19106317411402157
0 0.82265625 0.13944530046224962 0.049479166666666664 0.18952234206471494
0 0.33541666666666664 0.4322033898305085 0.036458333333333336 0.2295839753466872
0 0.7005208333333334 0.15408320493066255 0.06041666666666667 0.19722650231124808
0 0.4986979166666667 0.9075500770416025 0.07447916666666667 0.18489984591679506