0 0.93671875 0.7125 0.0421875 0.146875
0 0.125 0.4515625 0.046875 0.14140625
0 0.9015625 0.87890625 0.0625 0.19140625
0 0.984375 0.909375 0.03125 0.175
0 0.44921875 0.390625 0.0328125 0.1359375
0 0.79921875 0.7265625 0.0484375 0.10859375
0 0.8734375 0.7640625 0.040625 0.171875
0 0.90390625 0.74453125 0.0453125 0.15546875
0 0.8046875 0.828125 0.05 0.15546875
0 0.97109375 0.7484375 0.0515625 0.18046875
0 0.48125 0.40390625 0.03125 0.153125
0 0.53203125 0.440625 0.0421875 0.146875
0 0.0625 0.29140625 0.046875 0.13359375
0 0.4640625 0.5515625 0.046875 0.125
0 0.67578125 0.359375 0.0390625 0.13046875
0 0.83828125 0.65 0.0484375 0.15
0 0.44609375 0.59140625 0.0515625 0.15
0 0.39140625 0.60859375 0.0484375 0.15
1 0.62734375 0.2015625 0.0359375 0.125
0 0.2453125 0.303125 0.04375 0.1109375