0 0.5125 0.20276497695852536 0.05 0.16589861751152074
0 0.46640625 0.10138248847926268 0.0390625 0.14746543778801843
0 0.49921875 0.2903225806451613 0.0484375 0.16589861751152074
0 0.521875 0.08986175115207373 0.04375 0.1336405529953917
0 0.43515625 0.271889400921659 0.0453125 0.17511520737327188
0 0.4015625 0.3387096774193548 0.05 0.17050691244239632
0 0.55 0.041474654377880185 0.053125 0.08294930875576037
0 0.51640625 0.7672811059907834 0.0421875 0.2350230414746544
0 0.66171875 0.09216589861751152 0.0390625 0.18433179723502305
0 0.64921875 0.21658986175115208 0.0390625 0.2119815668202765
0 0.21484375 0.07834101382488479 0.0328125 0.15668202764976957
0 0.5828125 0.38018433179723504 0.03125 0.2350230414746544
0 0.33984375 0.7304147465437788 0.0515625 0.24423963133640553