0 0.340625 0.3663594470046083 0.040625 0.16129032258064516
0 0.4046875 0.2534562211981567 0.0375 0.10138248847926268
0 0.3734375 0.1774193548387097 0.0375 0.12442396313364056
0 0.3109375 0.21658986175115208 0.034375 0.1382488479262673
0 0.33359375 0.26497695852534564 0.0328125 0.1336405529953917
0 0.28359375 0.03686635944700461 0.0328125 0.07373271889400922
0 0.34375 0.03917050691244239 0.028125 0.07834101382488479
0 0.4484375 0.41244239631336405 0.05625 0.19815668202764977
0 0.796875 0.09907834101382489 0.025 0.17050691244239632
0 0.34296875 0.4423963133640553 0.0609375 0.1935483870967742
0 0.57421875 0.3248847926267281 0.0328125 0.19815668202764977
0 0.2828125 0.12211981566820276 0.0375 0.15207373271889402
0 0.7859375 0.8894009216589862 0.04375 0.22119815668202766
0 0.46640625 0.11290322580645161 0.0265625 0.15207373271889402
0 0.22734375 0.2995391705069124 0.0421875 0.18433179723502305
0 0.88671875 0.47235023041474655 0.0390625 0.22580645161290322
0 0.41796875 0.652073732718894 0.0546875 0.2073732718894009
0 0.61015625 0.6175115207373272 0.0421875 0.2119815668202765
0 0.46171875 0.9377880184331797 0.0671875 0.12442396313364056