0 0.76796875 0.3248847926267281 0.0328125 0.1889400921658986
0 0.64140625 0.1912442396313364 0.0359375 0.1152073732718894
0 0.64921875 0.35253456221198154 0.0390625 0.17972350230414746
0 0.746875 0.24423963133640553 0.040625 0.22119815668202766
0 0.6484375 0.14516129032258066 0.040625 0.15207373271889402
0 0.56640625 0.12903225806451613 0.0484375 0.11981566820276497
0 0.56171875 0.30414746543778803 0.0546875 0.11981566820276497
0 0.61484375 0.27880184331797236 0.0359375 0.1336405529953917
0 0.21171875 0.8018433179723502 0.0359375 0.22119815668202766
0 0.4125 0.1152073732718894 0.03125 0.14746543778801843
0 0.665625 0.07603686635944701 0.040625 0.15207373271889402
0 0.50859375 0.2926267281105991 0.0328125 0.17972350230414746
0 0.56171875 0.4608294930875576 0.0546875 0.12903225806451613
0 0.42109375 0.5645161290322581 0.0296875 0.2073732718894009
0 0.65859375 0.5368663594470046 0.0453125 0.17972350230414746
0 0.63125 0.7142857142857143 0.053125 0.2119815668202765