0 0.54453125 0.31640625 0.0328125 0.06640625
0 0.565625 0.38203125 0.0375 0.096875
0 0.50546875 0.28359375 0.0390625 0.0609375
1 0.98515625 0.203125 0.0265625 0.1109375
0 0.42109375 0.11796875 0.0234375 0.0859375
0 0.76328125 0.2984375 0.0203125 0.10859375
0 0.496875 0.34140625 0.04375 0.071875
0 0.60546875 0.17890625 0.0234375 0.08046875
0 0.421875 0.2125 0.021875 0.096875
0 0.509375 0.2265625 0.046875 0.0640625
0 0.38359375 0.2734375 0.0296875 0.103125
0 0.03203125 0.3640625 0.0296875 0.11640625
0 0.40546875 0.371875 0.0296875 0.10546875
0 0.3015625 0.21953125 0.028125 0.10546875
0 0.490625 0.42109375 0.040625 0.09140625
0 0.43046875 0.68359375 0.0328125 0.128125
0 0.5515625 0.675 0.053125 0.10546875
0 0.57109375 0.296875 0.0328125 0.05546875
0 0.55625 0.271875 0.0171875 0.028125
0 0.56484375 0.25703125 0.0296875 0.04453125
0 0.56171875 0.2234375 0.025 0.05
0 0.58046875 0.215625 0.0265625 0.05546875