0 0.1546875 0.22863741339491916 0.0765625 0.2632794457274827
0 0.2984375 0.7136258660508084 0.0640625 0.36027713625866054
0 0.737890625 0.5034642032332564 0.08046875 0.3233256351039261
0 0.121875 0.5635103926096998 0.0625 0.3972286374133949
0 0.103125 0.24480369515011546 0.04375 0.2540415704387991
0 0.282421875 0.8383371824480369 0.07734375 0.3233256351039261
0 0.1703125 0.43187066974595845 0.0765625 0.3279445727482679
0 0.3734375 0.13163972286374134 0.0515625 0.2632794457274827
0 0.3484375 0.20785219399538107 0.0671875 0.2956120092378753
0 0.351171875 0.8210161662817552 0.06953125 0.3579676674364896
0 0.270703125 0.45958429561200925 0.05703125 0.27713625866050806
0 0.867578125 0.6154734411085451 0.08515625 0.3210161662817552
0 0.731640625 0.6247113163972287 0.09921875 0.3672055427251732
0 0.664453125 0.39838337182448036 0.05859375 0.3348729792147806
0 0.203515625 0.11778290993071594 0.07578125 0.23556581986143188