0 0.7010416666666667 0.15716486902927582 0.040625 0.14791987673343607
0 0.6377604166666667 0.2642526964560863 0.04010416666666667 0.14329738058551617
0 0.6716145833333333 0.35901386748844377 0.05260416666666667 0.19722650231124808
0 0.5658854166666667 0.32126348228043144 0.050520833333333334 0.14021571648690292
0 0.5807291666666666 0.26733436055469956 0.046875 0.14021571648690292
0 0.6166666666666667 0.14560862865947613 0.04375 0.13097072419106318
0 0.47630208333333335 0.19645608628659475 0.03697916666666667 0.2110939907550077
0 0.5403645833333334 0.4283513097072419 0.07135416666666666 0.15408320493066255
0 0.7184895833333333 0.05238828967642527 0.0421875 0.10477657935285054
0 0.7346354166666667 0.16101694915254236 0.044270833333333336 0.1864406779661017
0 0.4375 0.30277349768875195 0.046875 0.20184899845916796
0 0.3671875 0.5755007704160247 0.042708333333333334 0.24807395993836673
0 0.1015625 0.7218798151001541 0.05520833333333333 0.2727272727272727
0 0.4265625 0.09399075500770417 0.03958333333333333 0.18798151001540833
0 0.5744791666666667 0.6016949152542372 0.05520833333333333 0.23882896764252695
0 0.6283854166666667 0.6764252696456087 0.06197916666666667 0.2896764252696456
0 0.92890625 0.27349768875192604 0.04635416666666667 0.2295839753466872