0 0.12421875 0.44930875576036866 0.0421875 0.2073732718894009
0 0.49375 0.5230414746543779 0.05 0.21658986175115208
0 0.4171875 0.423963133640553 0.046875 0.2672811059907834
0 0.37734375 0.49078341013824883 0.0453125 0.2626728110599078
0 0.5953125 0.31797235023041476 0.059375 0.2857142857142857
0 0.23671875 0.9055299539170507 0.0453125 0.1889400921658986
0 0.1234375 0.6290322580645161 0.075 0.271889400921659
0 0.6859375 0.9493087557603687 0.05625 0.10138248847926268
0 0.43203125 0.5414746543778802 0.0671875 0.271889400921659
0 0.79453125 0.4423963133640553 0.0515625 0.2672811059907834
0 0.3140625 0.5 0.05625 0.2626728110599078
0 0.5484375 0.6705069124423964 0.075 0.2995391705069124
0 0.48359375 0.7119815668202765 0.0765625 0.271889400921659