0 0.578125 0.04608294930875576 0.03125 0.09216589861751152
0 0.5453125 0.195852534562212 0.034375 0.1152073732718894
0 0.565625 0.3064516129032258 0.0375 0.16129032258064516
0 0.50390625 0.14055299539170507 0.0390625 0.0967741935483871
1 0.984375 0.05069124423963134 0.028125 0.10138248847926268
0 0.4125 0.0576036866359447 0.021875 0.1152073732718894
0 0.76328125 0.16820276497695852 0.0203125 0.17972350230414746
0 0.4953125 0.23963133640552994 0.04375 0.11981566820276497
0 0.38203125 0.1175115207373272 0.0296875 0.17050691244239632
0 0.609375 0.05069124423963134 0.021875 0.10138248847926268
0 0.50859375 0.04838709677419355 0.0484375 0.0967741935483871
0 0.4046875 0.2764976958525346 0.025 0.1935483870967742
0 0.3015625 0.059907834101382486 0.028125 0.11981566820276497
0 0.03203125 0.27880184331797236 0.0296875 0.1889400921658986
0 0.490625 0.3709677419354839 0.040625 0.15207373271889402
0 0.43046875 0.8064516129032258 0.0328125 0.2119815668202765
0 0.55 0.7903225806451613 0.053125 0.17972350230414746