0 0.39375 0.21658986175115208 0.028125 0.11059907834101383
0 0.43125 0.2926267281105991 0.0375 0.12442396313364056
0 0.4359375 0.21889400921658986 0.034375 0.1152073732718894
0 0.34609375 0.4032258064516129 0.0390625 0.1336405529953917
0 0.41875 0.3640552995391705 0.0375 0.12903225806451613
0 0.540625 0.0576036866359447 0.021875 0.1152073732718894
0 0.45625 0.15207373271889402 0.0375 0.11059907834101383
0 0.5328125 0.2995391705069124 0.03125 0.14746543778801843
0 0.540625 0.1889400921658986 0.028125 0.16589861751152074
0 0.5109375 0.3778801843317972 0.025 0.17511520737327188
0 0.203125 0.20276497695852536 0.028125 0.15668202764976957
0 0.28515625 0.4700460829493088 0.0234375 0.16589861751152074
0 0.76796875 0.2511520737327189 0.0296875 0.17050691244239632
0 0.46015625 0.5460829493087558 0.0265625 0.1889400921658986