1 0.43411458333333336 0.11962134251290878 0.013020833333333334 0.13941480206540446
1 0.60546875 0.04388984509466437 0.0203125 0.08777969018932874
0 0.46015625 0.8898450946643718 0.022395833333333334 0.1342512908777969
0 0.6192708333333333 0.1712564543889845 0.014583333333333334 0.1359724612736661
0 0.7106770833333333 0.2762478485370052 0.018229166666666668 0.1566265060240964
1 0.7208333333333333 0.3657487091222031 0.016666666666666666 0.1359724612736661
1 0.18515625 0.6101549053356282 0.016145833333333335 0.1566265060240964
0 0.6645833333333333 0.04475043029259897 0.013541666666666667 0.08950086058519793
0 0.45 0.7994836488812392 0.023958333333333335 0.18072289156626506
0 0.6458333333333334 0.19707401032702238 0.01875 0.153184165232358
0 0.5494791666666666 0.18674698795180722 0.01875 0.1566265060240964
1 0.5703125 0.36316695352839934 0.016666666666666666 0.14802065404475043
0 0.45807291666666666 0.9629948364888123 0.0203125 0.07401032702237521
0 0.4236979166666667 0.346815834767642 0.024479166666666666 0.14629948364888123
0 0.3221354166666667 0.3123924268502582 0.019270833333333334 0.16351118760757316
0 0.4192708333333333 0.7685025817555938 0.021875 0.1738382099827883
0 0.22786458333333334 0.5292598967297762 0.019270833333333334 0.16006884681583478
0 0.50703125 0.6609294320137694 0.018229166666666668 0.16523235800344235
0 0.11979166666666667 0.5869191049913941 0.019791666666666666 0.17900172117039587
0 0.640625 0.7125645438898451 0.019791666666666666 0.1721170395869191