0 0.54609375 0.06682027649769585 0.0171875 0.0967741935483871
0 0.34921875 0.4216589861751152 0.0140625 0.0967741935483871
0 0.38984375 0.4055299539170507 0.0171875 0.11059907834101383
0 0.41953125 0.6612903225806451 0.0140625 0.12442396313364056
0 0.36640625 0.39631336405529954 0.0171875 0.10138248847926268
0 0.2484375 0.7811059907834101 0.015625 0.12442396313364056
0 0.41953125 0.5483870967741935 0.0171875 0.11059907834101383
0 0.36015625 0.7027649769585254 0.0140625 0.1152073732718894
0 0.39765625 0.6912442396313364 0.0140625 0.12903225806451613
0 0.303125 0.6290322580645161 0.015625 0.1336405529953917
0 0.30625 0.3778801843317972 0.015625 0.10138248847926268
0 0.33203125 0.7534562211981567 0.0171875 0.12442396313364056
0 0.39921875 0.9308755760368663 0.0171875 0.11981566820276497
0 0.2671875 0.6497695852534562 0.015625 0.12903225806451613