0 0.515625 0.8617511520737328 0.025 0.15668202764976957
0 0.4296875 0.9539170506912442 0.03125 0.09216589861751152
0 0.4078125 0.9308755760368663 0.025 0.1382488479262673
0 0.35546875 0.8341013824884793 0.0203125 0.11981566820276497
1 0.03359375 0.3617511520737327 0.0203125 0.16129032258064516
0 0.46484375 0.9700460829493087 0.0390625 0.059907834101382486
1 0.64375 0.5576036866359447 0.01875 0.17511520737327188
0 0.51796875 0.08755760368663594 0.0234375 0.16589861751152074
0 0.3234375 0.6612903225806451 0.025 0.21658986175115208
0 0.7671875 0.5552995391705069 0.025 0.14285714285714285
0 0.56953125 0.0967741935483871 0.0234375 0.14746543778801843
0 0.446875 0.6336405529953917 0.034375 0.15207373271889402
0 0.53359375 0.5092165898617511 0.0234375 0.16129032258064516