0 0.4708333333333333 0.6592082616179001 0.035416666666666666 0.12392426850258176
0 0.5015625 0.6506024096385542 0.03333333333333333 0.12736660929432014
0 0.44244791666666666 0.7142857142857143 0.0328125 0.12392426850258176
0 0.48828125 0.5387263339070568 0.044270833333333336 0.1342512908777969
1 0.6705729166666666 0.5576592082616179 0.0171875 0.18244406196213425
0 0.3265625 0.6712564543889845 0.035416666666666666 0.20309810671256454
1 0.020833333333333332 0.3476764199655766 0.01875 0.18244406196213425
0 0.3145833333333333 0.576592082616179 0.023958333333333335 0.14802065404475043
0 0.4390625 0.5998278829604131 0.03854166666666667 0.1359724612736661
0 0.46041666666666664 0.7788296041308089 0.030208333333333334 0.2082616179001721
0 0.81953125 0.47676419965576594 0.0265625 0.1721170395869191
0 0.5692708333333333 0.07917383820998279 0.023958333333333335 0.14457831325301204
0 0.4239583333333333 0.5111876075731497 0.040625 0.13080895008605853
0 0.5893229166666667 0.8339070567986231 0.030729166666666665 0.17728055077452667
0 0.5208333333333334 0.770223752151463 0.042708333333333334 0.14629948364888123
0 0.59140625 0.653184165232358 0.028645833333333332 0.16351118760757316
0 0.4309895833333333 0.8760757314974182 0.03697916666666667 0.16523235800344235
0 0.56875 0.4664371772805508 0.025 0.1721170395869191
0 0.36875 0.1351118760757315 0.0375 0.14974182444061962
0 0.546875 0.9328743545611016 0.04583333333333333 0.1342512908777969