0 0.29765625 0.22580645161290322 0.0171875 0.10138248847926268
0 0.12421875 0.6474654377880185 0.0203125 0.15207373271889402
1 0.8921875 0.5483870967741935 0.015625 0.11059907834101383
1 0.38203125 0.6451612903225806 0.0140625 0.12903225806451613
0 0.309375 0.26497695852534564 0.015625 0.1336405529953917
0 0.33359375 0.17050691244239632 0.0171875 0.10138248847926268
0 0.065625 0.5368663594470046 0.015625 0.12442396313364056
0 0.35234375 0.21428571428571427 0.0171875 0.12442396313364056
0 0.246875 0.6589861751152074 0.015625 0.1382488479262673
0 0.18125 0.5645161290322581 0.015625 0.12442396313364056
0 0.334375 0.652073732718894 0.015625 0.12442396313364056
0 0.16171875 0.8294930875576036 0.0203125 0.15668202764976957
0 0.3546875 0.4009216589861751 0.015625 0.11981566820276497
0 0.3671875 0.8640552995391705 0.015625 0.1336405529953917
0 0.29453125 0.6566820276497696 0.0171875 0.12442396313364056
0 0.2734375 0.7788018433179723 0.025 0.12903225806451613