1 0.06953125 0.4578313253012048 0.015104166666666667 0.14457831325301204
0 0.38046875 0.8898450946643718 0.022395833333333334 0.14113597246127366
0 0.4671875 0.8442340791738382 0.01875 0.16006884681583478
0 0.2890625 0.8838209982788297 0.026041666666666668 0.17728055077452667
0 0.37109375 0.9423407917383821 0.025520833333333333 0.1153184165232358
1 0.6072916666666667 0.6626506024096386 0.017708333333333333 0.1549053356282272
0 0.43020833333333336 0.9311531841652324 0.020833333333333332 0.13769363166953527
0 0.4622395833333333 0.6471600688468159 0.019270833333333334 0.15834767641996558
0 0.3606770833333333 0.6342512908777969 0.025520833333333333 0.13941480206540446
0 0.4041666666666667 0.9569707401032702 0.03333333333333333 0.08605851979345955
0 0.5138020833333333 0.6557659208261618 0.019270833333333334 0.16179001721170397
0 0.4078125 0.8209982788296041 0.029166666666666667 0.1549053356282272
0 0.5145833333333333 0.9802065404475043 0.01875 0.039586919104991396