0 0.27109375 0.2734375 0.0484375 0.23984375
0 0.94765625 0.59296875 0.06875 0.30859375
0 0.70625 0.56484375 0.0671875 0.27421875
0 0.66875 0.47578125 0.0546875 0.28125
0 0.64921875 0.7328125 0.053125 0.228125
0 0.6171875 0.79140625 0.0609375 0.11640625
0 0.52109375 0.70546875 0.06640625 0.3015625
0 0.540625 0.52109375 0.05 0.1375
0 0.49609375 0.36171875 0.03828125 0.12421875
0 0.465625 0.696875 0.04296875 0.28359375
0 0.44296875 0.590625 0.04296875 0.2984375
0 0.309375 0.7625 0.04609375 0.17109375
0 0.2734375 0.4640625 0.06640625 0.15546875
0 0.28125 0.61484375 0.08046875 0.13984375
0 0.33828125 0.5703125 0.04140625 0.2734375
0 0.39375 0.56484375 0.0421875 0.27109375