0 0.48203125 0.22748267898383373 0.034375 0.14087759815242495
0 0.45390625 0.1836027713625866 0.0375 0.15473441108545036
0 0.954296875 0.3418013856812933 0.04296875 0.23094688221709006
0 0.614453125 0.569284064665127 0.05703125 0.26096997690531176
0 0.4875 0.42032332563510394 0.040625 0.2863741339491917
0 0.465234375 0.47575057736720555 0.05390625 0.2632794457274827
0 0.85625 0.3833718244803695 0.0484375 0.21709006928406466
0 0.580859375 0.5646651270207852 0.06953125 0.2517321016166282
0 0.8578125 0.6073903002309469 0.0625 0.24942263279445728
0 0.80625 0.5981524249422633 0.0453125 0.27251732101616627
0 0.412890625 0.5531177829099307 0.06015625 0.22863741339491916
0 0.3921875 0.45265588914549654 0.0515625 0.27713625866050806
0 0.594921875 0.046189376443418015 0.05703125 0.09237875288683603
0 0.522265625 0.2967667436489607 0.05546875 0.25635103926096997
0 0.759375 0.2517321016166282 0.05 0.22632794457274827
0 0.6703125 0.6039260969976905 0.0671875 0.2702078521939954
0 0.671875 0.03464203233256351 0.046875 0.06928406466512702
0 0.4015625 0.23094688221709006 0.0625 0.20323325635103925
0 0.21875 0.3325635103926097 0.0609375 0.2586605080831409