1 0.96328125 0.1728110599078341 0.0328125 0.2534562211981567
0 0.45625 0.4400921658986175 0.053125 0.10599078341013825
0 0.5453125 0.6774193548387096 0.046875 0.14746543778801843
0 0.540625 0.5944700460829493 0.05 0.1382488479262673
0 0.4171875 0.5483870967741935 0.046875 0.15668202764976957
0 0.6359375 0.6451612903225806 0.04375 0.25806451612903225
0 0.42109375 0.7764976958525346 0.0578125 0.21658986175115208
0 0.540625 0.7949308755760369 0.053125 0.2073732718894009
0 0.68984375 0.15668202764976957 0.0359375 0.2488479262672811
1 0.80390625 0.5898617511520737 0.0453125 0.25806451612903225
0 0.6546875 0.4976958525345622 0.046875 0.22119815668202766
0 0.13984375 0.5576036866359447 0.0515625 0.25806451612903225
0 0.56640625 0.4631336405529954 0.0734375 0.16129032258064516
0 0.45390625 0.12211981566820276 0.0515625 0.2350230414746544