0 0.49375 0.3163972286374134 0.0578125 0.13394919168591224
0 0.23671875 0.18822170900692842 0.0359375 0.19168591224018475
0 0.4078125 0.1812933025404157 0.0453125 0.09468822170900693
0 0.642578125 0.3683602771362587 0.03203125 0.22401847575057737
0 0.6140625 0.3960739030023095 0.05 0.2471131639722864
0 0.43203125 0.24826789838337182 0.040625 0.15011547344110854
1 0.766015625 0.20092378752886836 0.02890625 0.21709006928406466
0 0.494921875 0.23094688221709006 0.06328125 0.13394919168591224
0 0.489453125 0.09468822170900693 0.05234375 0.15704387990762125
0 0.389453125 0.15473441108545036 0.04921875 0.15704387990762125
0 0.234765625 0.3117782909930716 0.03984375 0.21247113163972287
1 0.101953125 0.09699769053117784 0.03984375 0.19399538106235567
0 0.390625 0.3117782909930716 0.05 0.20323325635103925
0 0.508984375 0.394919168591224 0.06484375 0.15242494226327943
0 0.401171875 0.8394919168591224 0.04140625 0.26558891454965355
0 0.41640625 0.3995381062355658 0.0546875 0.22632794457274827
0 0.84296875 0.745958429561201 0.0359375 0.2956120092378753
0 0.34375 0.36027713625866054 0.0390625 0.21247113163972287