0 0.6625 0.2203125 0.0421875 0.1390625
0 0.44453125 0.30625 0.0484375 0.046875
0 0.440625 0.40859375 0.05 0.15625
0 0.4390625 0.25703125 0.04375 0.065625
0 0.30078125 0.38671875 0.0328125 0.1640625
0 0.28125 0.32265625 0.0359375 0.1625
0 0.48203125 0.62109375 0.059375 0.1703125
0 0.4421875 0.51015625 0.05625 0.153125
0 0.42578125 0.221875 0.05625 0.109375
0 0.37109375 0.20390625 0.046875 0.14375
0 0.54453125 0.20703125 0.034375 0.128125
0 0.69609375 0.3359375 0.0375 0.1265625
0 0.69921875 0.48359375 0.0421875 0.1546875
0 0.5703125 0.50625 0.0390625 0.159375
0 0.55078125 0.440625 0.025 0.16875
0 0.5546875 0.32734375 0.05 0.05625
0 0.5453125 0.28515625 0.046875 0.0625
0 0.84765625 0.3609375 0.0515625 0.165625
0 0.47578125 0.33203125 0.03125 0.0515625
0 0.5296875 0.15703125 0.0171875 0.0671875