0 0.322265625 0.42032332563510394 0.05234375 0.21709006928406466
0 0.41015625 0.9607390300230947 0.0453125 0.07852193995381063
0 0.65546875 0.8810623556581986 0.0359375 0.23787528868360278
0 0.290625 0.27136258660508084 0.059375 0.18706697459584296
0 0.421484375 0.8660508083140878 0.04296875 0.16166281755196305
0 0.47890625 0.8198614318706697 0.046875 0.17551963048498845
0 0.137109375 0.34757505773672054 0.03046875 0.21478060046189376
0 0.394921875 0.3856812933025404 0.04453125 0.20323325635103925
0 0.27734375 0.16628175519630484 0.059375 0.18937644341801385
0 0.415625 0.15935334872979215 0.0359375 0.18013856812933027
0 0.33125 0.7886836027713626 0.034375 0.2471131639722864
0 0.815234375 0.11200923787528869 0.04140625 0.22401847575057737
0 0.48203125 0.26558891454965355 0.0359375 0.21247113163972287
0 0.508984375 0.9457274826789839 0.06953125 0.10854503464203233