0 0.501953125 0.7621247113163973 0.05078125 0.12471131639722864
0 0.384375 0.43071593533487296 0.0359375 0.13625866050808313
0 0.612890625 0.3960739030023095 0.04140625 0.12702078521939955
0 0.60625 0.6247113163972287 0.0484375 0.11778290993071594
0 0.598046875 0.6778290993071594 0.04765625 0.11316397228637413
0 0.50546875 0.8337182448036952 0.0484375 0.22170900692840648
0 0.582421875 0.5427251732101617 0.04765625 0.12471131639722864
1 0.2765625 0.4930715935334873 0.034375 0.17321016166281755
0 0.50859375 0.6558891454965358 0.05 0.12933025404157045
0 0.214453125 0.2921478060046189 0.03203125 0.21016166281755197
0 0.508203125 0.4018475750577367 0.06171875 0.14780600461893764
0 0.26328125 0.6697459584295612 0.034375 0.24018475750577367
0 0.33515625 0.3094688221709007 0.034375 0.18937644341801385
0 0.750390625 0.5415704387990762 0.03203125 0.2471131639722864
0 0.376953125 0.5669745958429562 0.03671875 0.21478060046189376
0 0.6 0.7840646651270208 0.05 0.16859122401847576
0 0.673046875 0.7090069284064665 0.03046875 0.21247113163972287
0 0.640234375 0.38221709006928406 0.04296875 0.17321016166281755
0 0.6078125 0.4815242494226328 0.0390625 0.15935334872979215
0 0.5125 0.5184757505773672 0.0625 0.15935334872979215
0 0.85859375 0.5635103926096998 0.0453125 0.21247113163972287