0 0.49765625 0.8036951501154734 0.0609375 0.30484988452655887
0 0.537109375 0.394919168591224 0.04609375 0.14780600461893764
0 0.3796875 0.7321016166281755 0.04375 0.2586605080831409
0 0.49765625 0.5438799076212472 0.0390625 0.26558891454965355
0 0.28046875 0.6374133949191686 0.053125 0.2586605080831409
0 0.546875 0.5103926096997691 0.04375 0.30484988452655887
0 0.544921875 0.8071593533487298 0.04296875 0.3071593533487298
1 0.264453125 0.894919168591224 0.04296875 0.21016166281755197
0 0.411328125 0.7713625866050808 0.05078125 0.3279445727482679
0 0.324609375 0.6732101616628176 0.04921875 0.279445727482679
0 0.439453125 0.569284064665127 0.03984375 0.2702078521939954
0 0.6265625 0.7066974595842956 0.05 0.30484988452655887
0 0.70859375 0.6581986143187067 0.04375 0.2863741339491917
0 0.678515625 0.3741339491916859 0.03203125 0.24942263279445728
0 0.581640625 0.3972286374133949 0.04140625 0.27251732101616627