0 0.89296875 0.08984375 0.0828125 0.1796875
0 0.78984375 0.5 0.090625 0.2078125
0 0.4859375 0.4734375 0.0859375 0.1984375
0 0.02890625 0.41640625 0.0578125 0.1640625
0 0.08828125 0.86640625 0.0796875 0.2234375
0 0.6890625 0.1703125 0.071875 0.1765625
0 0.77109375 0.1046875 0.084375 0.209375
0 0.27421875 0.14765625 0.0609375 0.15
0 0.61015625 0.078125 0.0734375 0.15625
0 0.69375 0.05078125 0.06875 0.1015625
0 0.17109375 0.859375 0.0859375 0.2171875
0 0.64921875 0.1421875 0.046875 0.1421875
0 0.63203125 0.0296875 0.0484375 0.059375
0 0.68046875 0.07109375 0.03125 0.05625