0 0.53671875 0.3087557603686636 0.0390625 0.16589861751152074
0 0.5890625 0.02534562211981567 0.028125 0.05069124423963134
0 0.62890625 0.2073732718894009 0.0390625 0.16589861751152074
0 0.59375 0.6612903225806451 0.03125 0.15207373271889402
1 0.96484375 0.47465437788018433 0.0203125 0.18433179723502305
1 0.39609375 0.10599078341013825 0.0265625 0.12903225806451613
0 0.74140625 0.11981566820276497 0.0296875 0.20276497695852536
0 0.5671875 0.14285714285714285 0.0375 0.11059907834101383
0 0.46484375 0.1543778801843318 0.0265625 0.1336405529953917
0 0.2125 0.836405529953917 0.03125 0.1889400921658986
0 0.21953125 0.20276497695852536 0.0265625 0.15668202764976957
0 0.59609375 0.4861751152073733 0.0421875 0.1889400921658986
0 0.5796875 0.9516129032258065 0.053125 0.0967741935483871
0 0.4234375 0.5691244239631337 0.03125 0.17972350230414746