0 0.26171875 0.8778801843317973 0.0484375 0.24423963133640553
0 0.23359375 0.8225806451612904 0.0390625 0.22580645161290322
0 0.30234375 0.5783410138248848 0.0484375 0.19815668202764977
0 0.29375 0.7419354838709677 0.046875 0.2304147465437788
0 0.3859375 0.23732718894009217 0.040625 0.2073732718894009
0 0.62578125 0.4216589861751152 0.0484375 0.1889400921658986
0 0.33046875 0.7788018433179723 0.0515625 0.23963133640552994
0 0.12734375 0.631336405529954 0.0328125 0.2488479262672811
0 0.65546875 0.6612903225806451 0.0296875 0.21658986175115208
0 0.69609375 0.7557603686635944 0.0515625 0.2304147465437788
0 0.35546875 0.6705069124423964 0.0609375 0.22580645161290322
1 0.7421875 0.5506912442396313 0.034375 0.22580645161290322
0 0.23359375 0.543778801843318 0.0421875 0.2488479262672811
0 0.65078125 0.1774193548387097 0.0359375 0.17050691244239632
0 0.784375 0.815668202764977 0.046875 0.2119815668202765