0 0.653125 0.08525345622119816 0.025 0.14285714285714285
1 0.396875 0.10829493087557604 0.025 0.1336405529953917
0 0.678125 0.07142857142857142 0.034375 0.14285714285714285
0 0.19296875 0.15668202764976957 0.0265625 0.16589861751152074
1 0.96328125 0.4792626728110599 0.0203125 0.18433179723502305
0 0.56953125 0.6797235023041475 0.0328125 0.15207373271889402
0 0.525 0.347926267281106 0.034375 0.17972350230414746
0 0.60546875 0.26497695852534564 0.0359375 0.1336405529953917
0 0.45546875 0.22811059907834103 0.0234375 0.1336405529953917
0 0.590625 0.12211981566820276 0.0375 0.14285714285714285
0 0.5609375 0.4930875576036866 0.05 0.16589861751152074
0 0.5515625 0.9608294930875576 0.046875 0.07834101382488479
0 0.64921875 0.22580645161290322 0.0390625 0.15668202764976957
0 0.4171875 0.5852534562211982 0.025 0.15668202764976957
0 0.1953125 0.8317972350230415 0.0375 0.1889400921658986