0 0.509375 0.3548387096774194 0.03125 0.2119815668202765
0 0.49765625 0.17511520737327188 0.0265625 0.15668202764976957
0 0.4765625 0.1382488479262673 0.028125 0.18433179723502305
1 0.421875 0.3248847926267281 0.028125 0.22580645161290322
0 0.46015625 0.3294930875576037 0.0265625 0.24423963133640553
1 0.684375 0.11981566820276497 0.034375 0.20276497695852536
1 0.2984375 0.2465437788018433 0.04375 0.19815668202764977
0 0.61796875 0.2926267281105991 0.0234375 0.21658986175115208
0 0.48359375 0.391705069124424 0.0296875 0.23963133640552994
0 0.3234375 0.195852534562212 0.034375 0.16129032258064516
1 0.74609375 0.4400921658986175 0.0265625 0.22580645161290322
0 0.8875 0.2488479262672811 0.0375 0.2304147465437788
0 0.55859375 0.47235023041474655 0.0328125 0.2626728110599078
0 0.23515625 0.0576036866359447 0.0234375 0.1152073732718894
0 0.52890625 0.5645161290322581 0.0328125 0.2350230414746544
0 0.36875 0.7419354838709677 0.028125 0.23963133640552994