0 0.849609375 0.48614318706697457 0.06640625 0.6212471131639723
0 0.5609375 0.5484988452655889 0.06875 0.44110854503464203
0 0.6625 0.14665127020785218 0.06875 0.29330254041570436
0 0.636328125 0.4064665127020785 0.07578125 0.47113163972286376
0 0.716015625 0.3683602771362587 0.06171875 0.5658198614318707
0 0.683203125 0.5739030023094688 0.08203125 0.5103926096997691
0 0.899609375 0.4053117782909931 0.07421875 0.6351039260969977
0 0.09609375 0.5450346420323325 0.1171875 0.6096997690531177
0 0.81796875 0.6374133949191686 0.1078125 0.628175519630485
1 0.383203125 0.4515011547344111 0.07578125 0.5842956120092379
0 0.32734375 0.5773672055427251 0.078125 0.6189376443418014
0 0.80234375 0.10508083140877598 0.0796875 0.21016166281755197
0 0.5609375 0.8337182448036952 0.0828125 0.3325635103926097