0 0.57578125 0.3579676674364896 0.0421875 0.12471131639722864
1 0.950390625 0.06928406466512702 0.03046875 0.13856812933025403
0 0.70546875 0.3071593533487298 0.0296875 0.19861431870669746
0 0.584765625 0.2909930715935335 0.03828125 0.09237875288683603
0 0.52734375 0.41916859122401845 0.0453125 0.11316397228637413
0 0.59609375 0.45958429561200925 0.0390625 0.17551963048498845
1 0.98984375 0.5635103926096998 0.0203125 0.20785219399538107
0 0.594921875 0.24480369515011546 0.04296875 0.14318706697459585
0 0.51640625 0.3279445727482679 0.0453125 0.12471131639722864
0 0.43828125 0.4515011547344111 0.0296875 0.20554272517321015
1 0.333984375 0.36374133949191684 0.03515625 0.17321016166281755
0 0.516015625 0.5057736720554272 0.04140625 0.12471131639722864
0 0.43828125 0.28983833718244806 0.028125 0.16859122401847576
0 0.653125 0.4815242494226328 0.040625 0.15011547344110854
0 0.71953125 0.3833718244803695 0.0359375 0.16628175519630484
0 0.509375 0.21247113163972287 0.046875 0.15242494226327943
0 0.290234375 0.2390300230946882 0.02578125 0.19168591224018475
0 0.219921875 0.5889145496535797 0.02890625 0.20785219399538107
0 0.46640625 0.605080831408776 0.0328125 0.21709006928406466
0 0.657421875 0.6247113163972287 0.04921875 0.19168591224018475
0 0.634375 0.859122401847575 0.05625 0.21247113163972287
0 0.391796875 0.8660508083140878 0.03984375 0.20323325635103925