0 0.44921875 0.7188940092165899 0.0484375 0.17511520737327188
0 0.3921875 0.3317972350230415 0.046875 0.11981566820276497
0 0.36953125 0.5345622119815668 0.0546875 0.14746543778801843
0 0.409375 0.423963133640553 0.05625 0.15668202764976957
0 0.39921875 0.2350230414746544 0.0453125 0.12903225806451613
0 0.48203125 0.783410138248848 0.0421875 0.23963133640552994
0 0.3640625 0.6705069124423964 0.05 0.17972350230414746
0 0.57265625 0.3663594470046083 0.0359375 0.17972350230414746
1 0.665625 0.3778801843317972 0.0375 0.23963133640552994
0 0.81640625 0.0576036866359447 0.0390625 0.1152073732718894
0 0.57421875 0.5691244239631337 0.0328125 0.2626728110599078
0 0.4796875 0.3271889400921659 0.05625 0.15668202764976957
0 0.48515625 0.5576036866359447 0.0671875 0.17511520737327188
0 0.49453125 0.1728110599078341 0.0640625 0.1336405529953917
0 0.41875 0.9400921658986175 0.046875 0.11981566820276497
0 0.7921875 0.44930875576036866 0.040625 0.2350230414746544
0 0.1953125 0.5138248847926268 0.0375 0.2350230414746544
0 0.23359375 0.3709677419354839 0.0359375 0.2350230414746544
0 0.30859375 0.9331797235023042 0.0546875 0.1336405529953917
0 0.4359375 0.02534562211981567 0.046875 0.05069124423963134