0 0.176171875 0.5842956120092379 0.02265625 0.18937644341801385
0 0.16171875 0.546189376443418 0.0203125 0.18706697459584296
0 0.371875 0.5889145496535797 0.034375 0.18937644341801385
0 0.316796875 0.6304849884526559 0.03359375 0.13856812933025403
0 0.29375 0.546189376443418 0.0375 0.11778290993071594
1 0.562890625 0.6154734411085451 0.02734375 0.17321016166281755
0 0.277734375 0.7043879907621247 0.04140625 0.17090069284064666
0 0.369921875 0.7759815242494227 0.03984375 0.19861431870669746
0 0.3984375 0.061200923787528866 0.025 0.12240184757505773
0 0.33671875 0.054272517321016164 0.025 0.10854503464203233
0 0.305078125 0.33833718244803695 0.02578125 0.15473441108545036
0 0.41484375 0.15704387990762125 0.0234375 0.15242494226327943
0 0.48125 0.3729792147806005 0.01875 0.17321016166281755
0 0.439453125 0.6327944572748267 0.02265625 0.18937644341801385
0 0.366796875 0.9422632794457275 0.03359375 0.11547344110854503
0 0.30546875 0.15242494226327943 0.0421875 0.16166281755196305
0 0.389453125 0.4133949191685912 0.02578125 0.18013856812933027
0 0.870703125 0.43648960739030024 0.02265625 0.18013856812933027
0 0.273046875 0.9364896073903002 0.04921875 0.12702078521939955