0 0.669921875 0.11200923787528869 0.02734375 0.12702078521939955
0 0.608203125 0.3071593533487298 0.03203125 0.18937644341801385
0 0.767578125 0.24826789838337182 0.02890625 0.18706697459584296
0 0.56640625 0.025404157043879907 0.0265625 0.050808314087759814
0 0.690625 0.3556581986143187 0.0390625 0.19861431870669746
0 0.621484375 0.03117782909930716 0.03046875 0.06235565819861432
0 0.475390625 0.23672055427251731 0.02578125 0.17782909930715934
1 0.353125 0.18013856812933027 0.03125 0.17551963048498845
0 0.599609375 0.7909930715935335 0.05078125 0.16859122401847576
0 0.69921875 0.1489607390300231 0.0421875 0.17321016166281755
0 0.347265625 0.7817551963048499 0.03828125 0.19168591224018475
0 0.385546875 0.03926096997690531 0.03046875 0.07852193995381063
0 0.241796875 0.5242494226327945 0.02890625 0.18475750577367206
0 0.619921875 0.40300230946882215 0.05703125 0.17321016166281755