0 0.45625 0.5207373271889401 0.028125 0.15668202764976957
0 0.39296875 0.5368663594470046 0.0390625 0.2534562211981567
0 0.42421875 0.4308755760368664 0.0296875 0.14285714285714285
0 0.4421875 0.6013824884792627 0.028125 0.1889400921658986
0 0.38125 0.3617511520737327 0.028125 0.17050691244239632
0 0.34765625 0.532258064516129 0.0390625 0.2073732718894009
0 0.23359375 0.4976958525345622 0.0234375 0.1935483870967742
0 0.32734375 0.4976958525345622 0.0328125 0.22119815668202766
0 0.3609375 0.695852534562212 0.03125 0.22119815668202766
0 0.20859375 0.5299539170506913 0.0390625 0.2488479262672811
0 0.50703125 0.029953917050691243 0.0296875 0.059907834101382486
0 0.55546875 0.5023041474654378 0.0328125 0.20276497695852536
0 0.54765625 0.03917050691244239 0.0359375 0.07834101382488479
0 0.2546875 0.391705069124424 0.025 0.2304147465437788
0 0.52421875 0.6382488479262672 0.0421875 0.22580645161290322
0 0.475 0.6705069124423964 0.0375 0.22580645161290322
0 0.68359375 0.7857142857142857 0.0359375 0.2350230414746544
0 0.56640625 0.8317972350230415 0.0578125 0.2350230414746544
0 0.709375 0.24423963133640553 0.034375 0.20276497695852536