0 0.5390625 0.48359375 0.06875 0.1
0 0.44375 0.39140625 0.05625 0.08359375
0 0.53671875 0.38203125 0.0640625 0.11953125
0 0.4953125 0.1875 0.040625 0.13046875
0 0.7484375 0.02890625 0.05 0.0578125
0 0.209375 0.42109375 0.053125 0.175
0 0.50390625 0.29609375 0.0578125 0.10859375
0 0.19453125 0.3765625 0.0578125 0.153125
0 0.5515625 0.559375 0.05625 0.14140625
0 0.6953125 0.309375 0.05 0.1140625
0 0.884375 0.14609375 0.04375 0.14140625
0 0.9359375 0.74453125 0.059375 0.16640625
0 0.41484375 0.371875 0.0578125 0.10546875
1 0.85546875 0.375 0.0453125 0.171875
0 0.9328125 0.49140625 0.046875 0.178125
0 0.41953125 0.52109375 0.0703125 0.1359375
0 0.3875 0.31640625 0.05625 0.121875
0 0.4671875 0.81796875 0.08125 0.175
0 0.70234375 0.43203125 0.0484375 0.1640625
0 0.3421875 0.515625 0.059375 0.1640625
0 0.3109375 0.153125 0.065625 0.1390625