0 0.42890625 0.5625 0.0484375 0.0859375
0 0.36328125 0.52890625 0.0421875 0.096875
0 0.33515625 0.44140625 0.0421875 0.0609375
0 0.33671875 0.584375 0.0453125 0.125
0 0.42109375 0.503125 0.0453125 0.078125
0 0.4421875 0.61953125 0.034375 0.1390625
0 0.5296875 0.4265625 0.028125 0.096875
0 0.33828125 0.4859375 0.0390625 0.078125
1 0.6703125 0.49296875 0.03125 0.13046875
0 0.31015625 0.4375 0.0328125 0.10859375
0 0.5453125 0.51796875 0.028125 0.1359375
0 0.19296875 0.50390625 0.0234375 0.153125
0 0.4109375 0.11796875 0.021875 0.103125
0 0.709375 0.50546875 0.025 0.1390625
0 0.54296875 0.3109375 0.0265625 0.1109375
0 0.31796875 0.11640625 0.0359375 0.1
0 0.43046875 0.75390625 0.0359375 0.1359375
0 0.68125 0.275 0.021875 0.1109375
0 0.12734375 0.471875 0.0359375 0.11640625
0 0.33203125 0.75859375 0.0578125 0.128125
0 0.334375 0.28046875 0.04375 0.1109375
0 0.425 0.45703125 0.0453125 0.0390625