0 0.35625 0.2834101382488479 0.04375 0.1152073732718894
0 0.30234375 0.2511520737327189 0.0359375 0.14285714285714285
0 0.275 0.3271889400921659 0.040625 0.18433179723502305
0 0.278125 0.1935483870967742 0.034375 0.11059907834101383
0 0.34609375 0.07373271889400922 0.0453125 0.1382488479262673
0 0.846875 0.22350230414746544 0.021875 0.21658986175115208
0 0.45546875 0.16359447004608296 0.0328125 0.1336405529953917
0 0.35703125 0.37557603686635943 0.0515625 0.1336405529953917
0 0.2640625 0.1382488479262673 0.040625 0.15668202764976957
1 0.57265625 0.2119815668202765 0.0296875 0.18433179723502305
0 0.4640625 0.2995391705069124 0.03125 0.1935483870967742
0 0.14765625 0.2073732718894009 0.0265625 0.2119815668202765
0 0.28125 0.5184331797235023 0.05625 0.2073732718894009
0 0.57734375 0.5368663594470046 0.0359375 0.21658986175115208
0 0.6375 0.7004608294930875 0.03125 0.2304147465437788
0 0.2625 0.7672811059907834 0.05625 0.2073732718894009
0 0.09140625 0.17972350230414746 0.0328125 0.18433179723502305
0 0.38046875 0.9769585253456221 0.0390625 0.04608294930875576