0 0.3390625 0.546875 0.02578125 0.090625
0 0.2921875 0.58203125 0.03046875 0.075
0 0.365625 0.53984375 0.02421875 0.06796875
1 0.6359375 0.56640625 0.02265625 0.1109375
0 0.6734375 0.175 0.03828125 0.0859375
0 0.3 0.6515625 0.03515625 0.1109375
0 0.56875 0.43984375 0.03203125 0.09296875
0 0.3796875 0.5984375 0.03984375 0.096875
0 0.26875 0.51015625 0.02890625 0.10703125
0 0.628125 0.82734375 0.02734375 0.1375
0 0.6875 0.2546875 0.04453125 0.0875
0 0.296875 0.51171875 0.02734375 0.09609375
0 0.68828125 0.409375 0.0390625 0.1
0 0.25859375 0.60546875 0.0390625 0.0890625
0 0.7953125 0.2703125 0.03203125 0.1015625
0 0.4765625 0.621875 0.02734375 0.11796875
0 0.596875 0.81953125 0.05390625 0.13359375
0 0.7453125 0.4265625 0.04140625 0.1