0 0.71484375 0.2171875 0.0265625 0.06796875
0 0.7296875 0.340625 0.0359375 0.10390625
0 0.690625 0.334375 0.03671875 0.13203125
0 0.740625 0.2484375 0.028125 0.08359375
0 0.675 0.203125 0.02890625 0.078125
0 0.50625 0.1015625 0.034375 0.075
1 0.453125 0.29609375 0.02890625 0.10859375
0 0.665625 0.284375 0.03984375 0.1140625
0 0.390625 0.1890625 0.01953125 0.078125
0 0.5640625 0.31640625 0.0328125 0.0859375
0 0.5578125 0.24296875 0.0296875 0.1
0 0.6734375 0.72421875 0.0375 0.109375
0 0.6953125 0.125 0.02890625 0.078125
0 0.85078125 0.3015625 0.034375 0.11640625
0 0.81171875 0.24296875 0.034375 0.1
0 0.5796875 0.42578125 0.04921875 0.09609375
0 0.725 0.509375 0.03359375 0.11640625
0 0.6078125 0.71796875 0.034375 0.11640625
0 0.36328125 0.4828125 0.0453125 0.10390625