0 0.791796875 0.08891454965357967 0.05078125 0.17782909930715934
0 0.880859375 0.21939953810623555 0.03828125 0.24942263279445728
0 0.84453125 0.18475750577367206 0.046875 0.24942263279445728
0 0.768359375 0.07505773672055427 0.03203125 0.15011547344110854
0 0.212890625 0.054272517321016164 0.04921875 0.10854503464203233
0 0.737890625 0.06581986143187067 0.03828125 0.13163972286374134
0 0.85859375 0.054272517321016164 0.0546875 0.10854503464203233
0 0.972265625 0.14434180138568128 0.04453125 0.2748267898383372
0 0.41484375 0.7736720554272517 0.0453125 0.2632794457274827
0 0.323046875 0.32909930715935337 0.05234375 0.20092378752886836
1 0.405078125 0.10277136258660508 0.03671875 0.20554272517321015
0 0.2796875 0.6882217090069284 0.0484375 0.24018475750577367