0 0.55625 0.3433179723502304 0.05625 0.15207373271889402
0 0.5546875 0.17050691244239632 0.04375 0.14746543778801843
0 0.6328125 0.12442396313364056 0.040625 0.11059907834101383
0 0.79375 0.1889400921658986 0.034375 0.18433179723502305
0 0.71796875 0.7211981566820277 0.0296875 0.2073732718894009
0 0.56328125 0.07373271889400922 0.0390625 0.11059907834101383
0 0.65 0.391705069124424 0.04375 0.18433179723502305
0 0.446875 0.22119815668202766 0.03125 0.1935483870967742
0 0.56953125 0.4423963133640553 0.0515625 0.20276497695852536
0 0.78203125 0.2626728110599078 0.0328125 0.2304147465437788
0 0.484375 0.5990783410138248 0.040625 0.2119815668202765
0 0.6609375 0.08525345622119816 0.0375 0.16129032258064516
0 0.20546875 0.14285714285714285 0.0296875 0.1935483870967742
1 0.32890625 0.27419354838709675 0.0359375 0.19815668202764977
0 0.4921875 0.03686635944700461 0.03125 0.07373271889400922
0 0.5125 0.7972350230414746 0.04375 0.2488479262672811
0 0.64609375 0.6105990783410138 0.0515625 0.22580645161290322
0 0.45703125 0.38018433179723504 0.0359375 0.19815668202764977