0 0.5796875 0.4976958525345622 0.03125 0.18433179723502305
0 0.52421875 0.6082949308755761 0.0390625 0.17511520737327188
0 0.515625 0.7580645161290323 0.028125 0.17972350230414746
0 0.525 0.4216589861751152 0.03125 0.1336405529953917
0 0.5578125 0.6382488479262672 0.0375 0.17972350230414746
0 0.5546875 0.04608294930875576 0.021875 0.09216589861751152
1 0.35703125 0.43317972350230416 0.0265625 0.15668202764976957
0 0.46875 0.6221198156682027 0.03125 0.16589861751152074
0 0.61328125 0.5852534562211982 0.0265625 0.1382488479262673
0 0.6953125 0.03686635944700461 0.021875 0.07373271889400922
0 0.303125 0.5 0.03125 0.16129032258064516
0 0.4703125 0.4308755760368664 0.025 0.16129032258064516
0 0.60546875 0.3778801843317972 0.0359375 0.17511520737327188
0 0.71484375 0.5898617511520737 0.0390625 0.15668202764976957