0 0.337109375 0.4665127020785219 0.04453125 0.16628175519630484
0 0.351953125 0.2586605080831409 0.04609375 0.09237875288683603
0 0.35078125 0.32217090069284066 0.0484375 0.11316397228637413
0 0.983203125 0.7609699769053118 0.03359375 0.2702078521939954
0 0.2078125 0.3556581986143187 0.04375 0.24480369515011546
0 0.370703125 0.40415704387990764 0.05234375 0.17551963048498845
0 0.45625 0.24364896073903003 0.05625 0.15011547344110854
0 0.441796875 0.4353348729792148 0.07109375 0.16397228637413394
0 0.60625 0.2759815242494226 0.0390625 0.21016166281755197
0 0.451953125 0.32909930715935337 0.06640625 0.15935334872979215
0 0.174609375 0.4399538106235566 0.04609375 0.2471131639722864
0 0.430859375 0.6016166281755196 0.08359375 0.17321016166281755
0 0.501171875 0.018475750577367205 0.03828125 0.03695150115473441
0 0.30703125 0.5277136258660509 0.0609375 0.18706697459584296
0 0.559375 0.7401847575057737 0.0484375 0.2702078521939954
0 0.244921875 0.75635103926097 0.06953125 0.26096997690531176
0 0.595703125 0.46882217090069284 0.04765625 0.22170900692840648