0 0.48203125 0.34140625 0.0390625 0.06640625
0 0.57890625 0.44140625 0.0421875 0.0890625
0 0.54296875 0.384375 0.0359375 0.0859375
0 0.37265625 0.4984375 0.0328125 0.1359375
0 0.490625 0.2609375 0.025 0.1109375
0 0.090625 0.3359375 0.028125 0.121875
0 0.5890625 0.296875 0.03125 0.1
0 0.62265625 0.625 0.0234375 0.1390625
0 0.56796875 0.303125 0.0328125 0.06640625
0 0.48359375 0.3984375 0.0328125 0.11953125
0 0.41015625 0.30703125 0.0265625 0.125
0 0.42109375 0.58359375 0.0296875 0.14453125
0 0.49375 0.478125 0.040625 0.11640625
0 0.43203125 0.209375 0.0234375 0.10859375
0 0.54453125 0.596875 0.0328125 0.1390625
0 0.27109375 0.65390625 0.0296875 0.146875
0 0.671875 0.3609375 0.03125 0.121875
0 0.57578125 0.53046875 0.0390625 0.121875
0 0.0421875 0.5390625 0.040625 0.1390625
0 0.56015625 0.18203125 0.0234375 0.103125