0 0.26953125 0.53359375 0.0453125 0.121875
0 0.19453125 0.509375 0.0515625 0.1859375
0 0.16328125 0.4140625 0.0515625 0.178125
0 0.240625 0.4015625 0.046875 0.153125
0 0.72890625 0.378125 0.0515625 0.171875
0 0.2859375 0.4609375 0.05625 0.1890625
0 0.04375 0.7015625 0.05625 0.2359375
0 0.29765625 0.6515625 0.0546875 0.153125
0 0.47890625 0.484375 0.0453125 0.1859375
0 0.2375 0.6375 0.053125 0.20859375
0 0.04921875 0.51640625 0.0515625 0.18359375
1 0.884375 0.17109375 0.0375 0.146875
0 0.43125 0.62890625 0.04375 0.203125
0 0.36328125 0.3140625 0.0546875 0.1609375
0 0.36640625 0.58203125 0.0640625 0.225
0 0.1890625 0.41640625 0.04375 0.08359375