0 0.39140625 0.40703125 0.0328125 0.10859375
0 0.559375 0.46953125 0.034375 0.1109375
0 0.39140625 0.29296875 0.0296875 0.096875
1 0.34453125 0.10859375 0.0328125 0.0890625
0 0.559375 0.39296875 0.040625 0.10859375
0 0.97734375 0.453125 0.0296875 0.13359375
0 0.2921875 0.35703125 0.025 0.1140625
0 0.546875 0.578125 0.05 0.128125
0 0.42890625 0.20390625 0.0296875 0.09140625
0 0.46875 0.3390625 0.028125 0.09453125
0 0.81875 0.2625 0.025 0.10859375
0 0.38046875 0.1875 0.0296875 0.09140625
0 0.26875 0.371875 0.034375 0.128125
0 0.36953125 0.3359375 0.0328125 0.10546875
0 0.615625 0.596875 0.0375 0.128125
0 0.3625 0.44453125 0.04375 0.11640625
0 0.453125 0.45390625 0.059375 0.11953125
0 0.33515625 0.31640625 0.0515625 0.11640625
0 0.6046875 0.7875 0.059375 0.11953125
0 0.69140625 0.7765625 0.0484375 0.146875
0 0.50078125 0.47109375 0.0484375 0.11953125
0 0.44296875 0.3640625 0.0484375 0.121875