0 0.52734375 0.6221198156682027 0.0390625 0.31336405529953915
0 0.6203125 0.12903225806451613 0.05625 0.2119815668202765
0 0.3921875 0.2926267281105991 0.040625 0.2350230414746544
0 0.57578125 0.052995391705069124 0.0671875 0.10599078341013825
0 0.5609375 0.652073732718894 0.06875 0.3548387096774194
0 0.64765625 0.4861751152073733 0.0640625 0.33640552995391704
0 0.359375 0.3617511520737327 0.046875 0.31797235023041476
0 0.5234375 0.33410138248847926 0.04375 0.2626728110599078
0 0.85859375 0.4032258064516129 0.0453125 0.3271889400921659
0 0.896875 0.27419354838709675 0.046875 0.28110599078341014
0 0.06484375 0.4470046082949309 0.0609375 0.29493087557603687
0 0.85703125 0.8202764976958525 0.0546875 0.35023041474654376