0 0.23828125 0.3248847926267281 0.0515625 0.2903225806451613
0 0.47265625 0.44930875576036866 0.0609375 0.2073732718894009
0 0.5546875 0.41244239631336405 0.065625 0.16129032258064516
0 0.57734375 0.5506912442396313 0.0765625 0.22580645161290322
0 0.43671875 0.684331797235023 0.0734375 0.24423963133640553
0 0.25703125 0.41013824884792627 0.0546875 0.3317972350230415
0 0.7484375 0.33410138248847926 0.04375 0.3087557603686636
0 0.8125 0.347926267281106 0.040625 0.3548387096774194
0 0.059375 0.3064516129032258 0.065625 0.2534562211981567
0 0.4015625 0.055299539170506916 0.059375 0.11059907834101383
0 0.7734375 0.7764976958525346 0.059375 0.3548387096774194
0 0.56640625 0.7649769585253456 0.0859375 0.3225806451612903
0 0.60390625 0.041474654377880185 0.0328125 0.08294930875576037
0 0.55078125 0.1728110599078341 0.0703125 0.2626728110599078
0 0.453125 0.07603686635944701 0.065625 0.15207373271889402