0 0.6078125 0.03917050691244239 0.0375 0.07834101382488479
0 0.48671875 0.35944700460829493 0.0484375 0.14746543778801843
0 0.5546875 0.27880184331797236 0.0375 0.12442396313364056
0 0.5875 0.18663594470046083 0.0375 0.1152073732718894
0 0.43125 0.2073732718894009 0.040625 0.1382488479262673
0 0.18828125 0.0576036866359447 0.0234375 0.1152073732718894
0 0.57265625 0.41244239631336405 0.0390625 0.17050691244239632
0 0.5109375 0.16359447004608296 0.04375 0.12442396313364056
0 0.50625 0.27880184331797236 0.04375 0.1336405529953917
0 0.696875 0.3663594470046083 0.034375 0.19815668202764977
0 0.4078125 0.31105990783410137 0.040625 0.17972350230414746
0 0.48203125 0.4792626728110599 0.0609375 0.14746543778801843
0 0.546875 0.8179723502304147 0.0625 0.2350230414746544
0 0.54140625 0.03917050691244239 0.0296875 0.07834101382488479
0 0.2953125 0.4539170506912442 0.046875 0.22580645161290322
0 0.42109375 0.8248847926267281 0.0453125 0.2119815668202765