0 0.53671875 0.3709677419354839 0.0484375 0.17050691244239632
0 0.565625 0.2488479262672811 0.046875 0.09216589861751152
0 0.4 0.2764976958525346 0.0375 0.11981566820276497
0 0.5703125 0.3225806451612903 0.040625 0.11981566820276497
0 0.48203125 0.2926267281105991 0.0484375 0.12442396313364056
0 0.47578125 0.3847926267281106 0.0453125 0.1336405529953917
0 0.4828125 0.21428571428571427 0.040625 0.10599078341013825
0 0.5515625 0.15207373271889402 0.040625 0.20276497695852536
0 0.30078125 0.0944700460829493 0.0296875 0.1889400921658986
0 0.08046875 0.28110599078341014 0.0296875 0.2304147465437788
0 0.63359375 0.22811059907834103 0.0265625 0.2073732718894009
0 0.57421875 0.4539170506912442 0.0421875 0.19815668202764977
0 0.47734375 0.5069124423963134 0.0515625 0.15668202764976957
0 0.59921875 0.22119815668202766 0.0359375 0.16589861751152074
0 0.42109375 0.14285714285714285 0.0265625 0.22119815668202766
0 0.39453125 0.41244239631336405 0.0390625 0.22580645161290322
0 0.18984375 0.5483870967741935 0.0296875 0.25806451612903225
0 0.7984375 0.347926267281106 0.040625 0.2073732718894009