0 0.61328125 0.21889400921658986 0.0609375 0.17050691244239632
0 0.63671875 0.3225806451612903 0.0640625 0.2488479262672811
0 0.6859375 0.03917050691244239 0.046875 0.07834101382488479
0 0.565625 0.1543778801843318 0.05625 0.17972350230414746
0 0.4796875 0.9216589861751152 0.053125 0.1382488479262673
0 0.6015625 0.07373271889400922 0.046875 0.14746543778801843
0 0.171875 0.5737327188940092 0.040625 0.2995391705069124
0 0.6578125 0.17050691244239632 0.05 0.16589861751152074
0 0.178125 0.09216589861751152 0.046875 0.18433179723502305
0 0.690625 0.1382488479262673 0.0625 0.18433179723502305
0 0.42109375 0.1359447004608295 0.0421875 0.2534562211981567
0 0.5203125 0.2557603686635945 0.0625 0.15207373271889402
0 0.50546875 0.4216589861751152 0.0765625 0.2073732718894009
0 0.17734375 0.8387096774193549 0.0453125 0.3225806451612903
0 0.80703125 0.19815668202764977 0.0359375 0.2764976958525346
0 0.36953125 0.38018433179723504 0.0359375 0.28110599078341014
0 0.50625 0.02534562211981567 0.028125 0.05069124423963134
0 0.57421875 0.44930875576036866 0.0609375 0.2903225806451613
0 0.55390625 0.6751152073732719 0.0859375 0.31797235023041476