0 0.61640625 0.21658986175115208 0.0640625 0.16589861751152074
0 0.63671875 0.32027649769585254 0.0671875 0.2534562211981567
0 0.47890625 0.9285714285714286 0.0546875 0.1336405529953917
0 0.56796875 0.15898617511520738 0.0546875 0.17972350230414746
0 0.68828125 0.041474654377880185 0.0453125 0.08294930875576037
0 0.60234375 0.07603686635944701 0.0453125 0.15207373271889402
0 0.690625 0.1382488479262673 0.0625 0.18433179723502305
0 0.521875 0.26036866359447003 0.0625 0.16129032258064516
0 0.51484375 0.02534562211981567 0.0390625 0.05069124423963134
0 0.07265625 0.631336405529954 0.0421875 0.2857142857142857
0 0.659375 0.17511520737327188 0.053125 0.16589861751152074
0 0.06484375 0.8732718894009217 0.0546875 0.2534562211981567
0 0.83046875 0.1912442396313364 0.0390625 0.2903225806451613
0 0.421875 0.1313364055299539 0.04375 0.2534562211981567
0 0.5078125 0.43317972350230416 0.075 0.18433179723502305
0 0.57578125 0.4470046082949309 0.0609375 0.29493087557603687
0 0.55546875 0.6751152073732719 0.0828125 0.31797235023041476
0 0.371875 0.3870967741935484 0.040625 0.2764976958525346