0 0.5171875 0.2903225806451613 0.0375 0.18433179723502305
0 0.99140625 0.2626728110599078 0.0171875 0.20276497695852536
0 0.459375 0.391705069124424 0.034375 0.25806451612903225
0 0.51953125 0.5138248847926268 0.0390625 0.1889400921658986
0 0.4359375 0.43317972350230416 0.034375 0.23963133640552994
0 0.89140625 0.3778801843317972 0.0359375 0.23963133640552994
0 0.984375 0.6359447004608295 0.03125 0.2672811059907834
0 0.49921875 0.3387096774193548 0.0390625 0.2073732718894009
0 0.3921875 0.4769585253456221 0.040625 0.2073732718894009
0 0.55390625 0.5576036866359447 0.0421875 0.2119815668202765
0 0.02890625 0.7926267281105991 0.0515625 0.2488479262672811
0 0.734375 0.3087557603686636 0.03125 0.2119815668202765