0 0.4203125 0.2880184331797235 0.03125 0.1336405529953917
0 0.4703125 0.15207373271889402 0.040625 0.12903225806451613
1 0.8171875 0.05069124423963134 0.025 0.10138248847926268
0 0.40546875 0.15898617511520738 0.0328125 0.1336405529953917
0 0.29609375 0.18433179723502305 0.0234375 0.20276497695852536
0 0.60078125 0.24423963133640553 0.0234375 0.1935483870967742
0 0.496875 0.2465437788018433 0.040625 0.1336405529953917
0 0.39765625 0.35253456221198154 0.0328125 0.19815668202764977
0 0.4921875 0.3778801843317972 0.05 0.1382488479262673
0 0.3953125 0.12211981566820276 0.0375 0.14285714285714285
0 0.5796875 0.1382488479262673 0.025 0.17511520737327188
0 0.28125 0.1382488479262673 0.03125 0.15668202764976957
0 0.7046875 0.868663594470046 0.028125 0.2350230414746544
0 0.59296875 0.4861751152073733 0.0296875 0.1889400921658986
0 0.39609375 0.029953917050691243 0.0390625 0.059907834101382486
0 0.39453125 0.5276497695852534 0.0546875 0.2073732718894009
0 0.46484375 0.8870967741935484 0.0515625 0.22580645161290322