0 0.453125 0.33640552995391704 0.03125 0.1382488479262673
0 0.4234375 0.4377880184331797 0.053125 0.15668202764976957
0 0.50703125 0.31797235023041476 0.0546875 0.11981566820276497
0 0.4140625 0.2995391705069124 0.0375 0.1382488479262673
0 0.49765625 0.49078341013824883 0.0546875 0.15207373271889402
0 0.44140625 0.19815668202764977 0.0390625 0.11059907834101383
0 0.509375 0.41705069124423966 0.0625 0.14285714285714285
0 0.62578125 0.2695852534562212 0.0390625 0.10599078341013825
0 0.52578125 0.2119815668202765 0.0578125 0.12903225806451613
0 0.428125 0.5184331797235023 0.05 0.17050691244239632
0 0.978125 0.511520737327189 0.040625 0.2488479262672811
0 0.34921875 0.9124423963133641 0.0640625 0.17511520737327188
0 0.19921875 0.3087557603686636 0.0390625 0.2119815668202765
0 0.6296875 0.39631336405529954 0.040625 0.2304147465437788
0 0.4765625 0.9331797235023042 0.040625 0.1336405529953917
0 0.60859375 0.4861751152073733 0.0390625 0.21658986175115208
0 0.68359375 0.19815668202764977 0.0328125 0.20276497695852536
0 0.36015625 0.47465437788018433 0.0421875 0.20276497695852536