0 0.59140625 0.4608294930875576 0.0390625 0.1382488479262673
0 0.1625 0.059907834101382486 0.03125 0.11981566820276497
0 0.5765625 0.3640552995391705 0.046875 0.09216589861751152
0 0.5875 0.6244239631336406 0.053125 0.17972350230414746
0 0.1234375 0.8548387096774194 0.0375 0.2903225806451613
0 0.35703125 0.35944700460829493 0.0359375 0.22119815668202766
0 0.4765625 0.6405529953917051 0.0625 0.2672811059907834
0 0.6453125 0.532258064516129 0.0375 0.271889400921659
0 0.36328125 0.5184331797235023 0.0453125 0.24423963133640553
0 0.59453125 0.14516129032258066 0.0484375 0.21658986175115208
0 0.4734375 0.30414746543778803 0.053125 0.2119815668202765
0 0.434375 0.18202764976958524 0.05 0.17972350230414746
0 0.846875 0.4815668202764977 0.040625 0.2350230414746544
0 0.546875 0.027649769585253458 0.046875 0.055299539170506916
0 0.60703125 0.8133640552995391 0.0703125 0.271889400921659