0 0.5703125 0.009216589861751152 0.040625 0.018433179723502304
0 0.69375 0.06451612903225806 0.034375 0.12903225806451613
0 0.50859375 0.08755760368663594 0.0546875 0.1382488479262673
0 0.11484375 0.03917050691244239 0.0265625 0.07834101382488479
0 0.41875 0.0576036866359447 0.028125 0.1152073732718894
0 0.43359375 0.14746543778801843 0.0328125 0.18433179723502305
0 0.69609375 0.6612903225806451 0.0578125 0.24423963133640553
0 0.52421875 0.17511520737327188 0.0546875 0.15668202764976957
0 0.609375 0.195852534562212 0.046875 0.1889400921658986
0 0.25859375 0.6474654377880185 0.0421875 0.2350230414746544
0 0.67421875 0.3709677419354839 0.0484375 0.21658986175115208
0 0.0609375 0.35023041474654376 0.034375 0.22119815668202766
0 0.5046875 0.3686635944700461 0.0375 0.20276497695852536