0 0.51953125 0.45852534562211983 0.0515625 0.2350230414746544
0 0.4640625 0.31336405529953915 0.04375 0.2304147465437788
0 0.5453125 0.35253456221198154 0.046875 0.17050691244239632
0 0.64453125 0.41244239631336405 0.0484375 0.2903225806451613
0 0.4609375 0.17972350230414746 0.04375 0.16589861751152074
0 0.62890625 0.2488479262672811 0.0390625 0.25806451612903225
0 0.659375 0.23271889400921658 0.034375 0.22580645161290322
0 0.38671875 0.23271889400921658 0.0484375 0.24423963133640553
0 0.6359375 0.08064516129032258 0.05 0.16129032258064516
0 0.37265625 0.4861751152073733 0.0421875 0.2534562211981567
0 0.5828125 0.4400921658986175 0.059375 0.28110599078341014
0 0.59609375 0.7188940092165899 0.0828125 0.3317972350230415
0 0.42734375 0.3225806451612903 0.0609375 0.25806451612903225
0 0.171875 0.4009216589861751 0.071875 0.29493087557603687
0 0.75546875 0.6359447004608295 0.0828125 0.29493087557603687
0 0.521875 0.6774193548387096 0.065625 0.2857142857142857
0 0.8515625 0.06912442396313365 0.053125 0.1382488479262673
0 0.4734375 0.4631336405529954 0.071875 0.271889400921659