0 0.3421875 0.5015625 0.05625 0.05859375
0 0.4234375 0.55 0.05625 0.10546875
0 0.3828125 0.45546875 0.040625 0.09453125
0 0.44140625 0.4984375 0.0671875 0.09140625
0 0.36796875 0.359375 0.0484375 0.075
0 0.1515625 0.5 0.04375 0.14453125
0 0.4640625 0.359375 0.065625 0.09140625
0 0.93359375 0.30859375 0.0359375 0.13359375
0 0.58828125 0.415625 0.0296875 0.153125
0 0.340625 0.55546875 0.059375 0.1109375
0 0.4453125 0.44609375 0.065625 0.096875
0 0.5265625 0.09609375 0.0375 0.09140625
0 0.56640625 0.515625 0.0484375 0.14140625
0 0.19453125 0.4265625 0.0390625 0.146875
0 0.72734375 0.603125 0.0390625 0.16640625
0 0.628125 0.85 0.05 0.10546875
0 0.4015625 0.08203125 0.04375 0.1140625
0 0.61484375 0.29609375 0.0359375 0.125
0 0.22109375 0.82890625 0.0609375 0.153125
0 0.40703125 0.2109375 0.0421875 0.121875