0 0.54296875 0.18202764976958524 0.0265625 0.1889400921658986
0 0.5984375 0.41244239631336405 0.059375 0.1889400921658986
0 0.69375 0.347926267281106 0.04375 0.14285714285714285
0 0.70859375 0.47465437788018433 0.0515625 0.20276497695852536
0 0.69140625 0.195852534562212 0.0421875 0.14285714285714285
0 0.65859375 0.28110599078341014 0.0296875 0.14746543778801843
0 0.8296875 0.347926267281106 0.034375 0.19815668202764977
0 0.81640625 0.25806451612903225 0.0296875 0.2119815668202765
0 0.6953125 0.06451612903225806 0.046875 0.12903225806451613
0 0.3875 0.37327188940092165 0.025 0.2119815668202765
0 0.6 0.26497695852534564 0.04375 0.0967741935483871
0 0.7453125 0.31797235023041476 0.025 0.2304147465437788
0 0.52578125 0.2926267281105991 0.0328125 0.21658986175115208
1 0.065625 0.2304147465437788 0.03125 0.20276497695852536
0 0.61796875 0.17050691244239632 0.0421875 0.12903225806451613
0 0.68046875 0.5806451612903226 0.0515625 0.2119815668202765
0 0.52734375 0.055299539170506916 0.0296875 0.11059907834101383
0 0.58828125 0.6036866359447005 0.0328125 0.1935483870967742
0 0.4875 0.4838709677419355 0.03125 0.18433179723502305