0 0.186328125 0.1905311778290993 0.03515625 0.20092378752886836
0 0.5234375 0.371824480369515 0.05 0.2540415704387991
0 0.208984375 0.23210161662817552 0.04453125 0.23325635103926096
0 0.558203125 0.19861431870669746 0.03515625 0.19399538106235567
0 0.619140625 0.49191685912240185 0.05234375 0.24018475750577367
0 0.64453125 0.5150115473441108 0.05 0.27251732101616627
0 0.5421875 0.4607390300230947 0.0453125 0.23787528868360278
0 0.75625 0.34295612009237875 0.0375 0.26558891454965355
0 0.5921875 0.24249422632794457 0.0453125 0.22170900692840648
0 0.20390625 0.9630484988452656 0.0796875 0.07390300230946882
0 0.144140625 0.1581986143187067 0.03984375 0.17782909930715934
0 0.043359375 0.021939953810623556 0.05859375 0.04387990762124711
0 0.441015625 0.46997690531177827 0.04765625 0.24249422632794457
1 0.834375 0.09122401847575058 0.0421875 0.18244803695150116