0 0.09921875 0.21640625 0.0390625 0.0890625
0 0.534375 0.25390625 0.053125 0.09453125
0 0.6140625 0.30859375 0.05 0.19140625
0 0.5484375 0.353125 0.04921875 0.134375
0 0.690625 0.29921875 0.06953125 0.17890625
0 0.0640625 0.25078125 0.078125 0.15703125
0 0.5640625 0.51328125 0.06015625 0.22890625
0 0.47109375 0.471875 0.0640625 0.24296875
0 0.61171875 0.40078125 0.0765625 0.17890625
0 0.7609375 0.30703125 0.07734375 0.16953125
0 0.5328125 0.9421875 0.065625 0.115625
0 0.328125 0.88828125 0.06875 0.2234375
0 0.5046875 0.328125 0.0484375 0.0859375
0 0.61328125 0.20625 0.02890625 0.0734375