0 0.54453125 0.421875 0.0390625 0.09453125
0 0.378125 0.175 0.03125 0.10546875
0 0.53671875 0.340625 0.0484375 0.05859375
0 0.50546875 0.45546875 0.0546875 0.10546875
0 0.45859375 0.35390625 0.0484375 0.06953125
0 0.4578125 0.4109375 0.046875 0.08359375
0 0.54765625 0.5359375 0.0515625 0.121875
0 0.32421875 0.42890625 0.0421875 0.125
0 0.6921875 0.46796875 0.05625 0.1140625
0 0.31640625 0.359375 0.0390625 0.10859375
0 0.43046875 0.48046875 0.0515625 0.11640625
0 0.43984375 0.59609375 0.0734375 0.103125
0 0.56640625 0.178125 0.0484375 0.121875
0 0.54921875 0.66796875 0.0671875 0.153125
0 0.325 0.51796875 0.040625 0.125
0 0.840625 0.453125 0.046875 0.1390625
0 0.41640625 0.2765625 0.0328125 0.11953125
0 0.259375 0.69296875 0.040625 0.15859375