0 0.41171875 0.41244239631336405 0.0328125 0.17972350230414746
0 0.37734375 0.45622119815668205 0.0578125 0.1935483870967742
0 0.5109375 0.14746543778801843 0.046875 0.15668202764976957
0 0.43671875 0.35023041474654376 0.0359375 0.18433179723502305
0 0.41640625 0.27419354838709675 0.0421875 0.10599078341013825
0 0.421875 0.1889400921658986 0.046875 0.11981566820276497
0 0.50390625 0.4470046082949309 0.0703125 0.16589861751152074
0 0.52265625 0.2695852534562212 0.0734375 0.1889400921658986
0 0.48984375 0.5414746543778802 0.0703125 0.1889400921658986
0 0.23671875 0.3064516129032258 0.0484375 0.24423963133640553
0 0.60078125 0.8594470046082949 0.0515625 0.2626728110599078
0 0.76015625 0.5714285714285714 0.0453125 0.2672811059907834
0 0.5453125 0.08064516129032258 0.0375 0.16129032258064516
0 0.45703125 0.07603686635944701 0.0453125 0.15207373271889402
0 0.278125 0.967741935483871 0.053125 0.06451612903225806
0 0.378125 0.5368663594470046 0.0625 0.271889400921659
0 0.303125 0.7972350230414746 0.0625 0.2857142857142857