0 0.5703125 0.01152073732718894 0.040625 0.02304147465437788
0 0.56015625 0.06682027649769585 0.0328125 0.12442396313364056
0 0.50546875 0.03917050691244239 0.0484375 0.07834101382488479
0 0.69375 0.06221198156682028 0.034375 0.12442396313364056
0 0.51015625 0.0967741935483871 0.0515625 0.11059907834101383
0 0.4203125 0.059907834101382486 0.028125 0.11981566820276497
0 0.434375 0.14285714285714285 0.034375 0.18433179723502305
0 0.5234375 0.1728110599078341 0.05 0.16129032258064516
0 0.69609375 0.663594470046083 0.0578125 0.23963133640552994
0 0.11953125 0.03917050691244239 0.0328125 0.07834101382488479
0 0.06796875 0.3456221198156682 0.0296875 0.2304147465437788
0 0.50625 0.3617511520737327 0.034375 0.22580645161290322
0 0.609375 0.195852534562212 0.046875 0.1889400921658986
0 0.67421875 0.37327188940092165 0.0484375 0.22119815668202766
0 0.25703125 0.6474654377880185 0.0421875 0.2350230414746544