0 0.62421875 0.14780600461893764 0.040625 0.10623556581986143
0 0.5515625 0.16859122401847576 0.0484375 0.13856812933025403
0 0.605078125 0.21593533487297922 0.03515625 0.12702078521939955
0 0.74296875 0.17551963048498845 0.03125 0.20323325635103925
0 0.637890625 0.33371824480369516 0.04921875 0.20554272517321015
0 0.746875 0.8163972286374134 0.05625 0.18706697459584296
0 0.080859375 0.06697459584295612 0.02578125 0.13394919168591224
1 0.933984375 0.04387990762124711 0.03359375 0.08775981524249422
0 0.555078125 0.2702078521939954 0.04921875 0.11085450346420324
0 0.486328125 0.16397228637413394 0.03984375 0.15704387990762125
0 0.571484375 0.36374133949191684 0.05234375 0.13625866050808313
0 0.512890625 0.4515011547344111 0.02890625 0.21939953810623555
0 0.537890625 0.8418013856812933 0.04921875 0.13625866050808313
0 0.69453125 0.5150115473441108 0.0546875 0.19861431870669746
0 0.369921875 0.2702078521939954 0.03359375 0.16628175519630484