0 0.56171875 0.0944700460829493 0.0390625 0.15207373271889402
0 0.50078125 0.08755760368663594 0.0453125 0.17511520737327188
0 0.5640625 0.18433179723502305 0.04375 0.17511520737327188
0 0.628125 0.013824884792626729 0.034375 0.027649769585253458
0 0.71640625 0.07373271889400922 0.0390625 0.14746543778801843
0 0.38671875 0.35944700460829493 0.0265625 0.18433179723502305
0 0.603125 0.08294930875576037 0.0375 0.16589861751152074
0 0.68984375 0.02304147465437788 0.0359375 0.04608294930875576
0 0.646875 0.12211981566820276 0.05625 0.21658986175115208
0 0.5546875 0.33410138248847926 0.053125 0.1889400921658986
0 0.19453125 0.6682027649769585 0.0484375 0.2119815668202765
0 0.60390625 0.6751152073732719 0.0734375 0.2073732718894009