0 0.3078125 0.055299539170506916 0.046875 0.11059907834101383
0 0.61796875 0.15207373271889402 0.0390625 0.2304147465437788
0 0.5734375 0.12442396313364056 0.0375 0.2488479262672811
0 0.19921875 0.6705069124423964 0.0515625 0.2534562211981567
0 0.6671875 0.25806451612903225 0.0375 0.2488479262672811
0 0.6875 0.22350230414746544 0.034375 0.2350230414746544
0 0.3 0.8202764976958525 0.05 0.2764976958525346
0 0.63125 0.22580645161290322 0.05 0.23963133640552994
0 0.26796875 0.16589861751152074 0.0421875 0.2304147465437788
0 0.26953125 0.45161290322580644 0.0703125 0.25806451612903225
0 0.7390625 0.1175115207373272 0.059375 0.2350230414746544