0 0.57109375 0.01152073732718894 0.0421875 0.02304147465437788
0 0.5609375 0.06451612903225806 0.03125 0.12903225806451613
0 0.50390625 0.03917050691244239 0.0484375 0.07834101382488479
0 0.5109375 0.0967741935483871 0.053125 0.11059907834101383
0 0.509375 0.3271889400921659 0.028125 0.20276497695852536
0 0.69375 0.059907834101382486 0.03125 0.11981566820276497
0 0.4203125 0.059907834101382486 0.028125 0.11981566820276497
0 0.5234375 0.17050691244239632 0.05 0.14746543778801843
0 0.12734375 0.03917050691244239 0.0296875 0.07834101382488479
0 0.08984375 0.3271889400921659 0.0328125 0.22119815668202766
0 0.43671875 0.14285714285714285 0.0328125 0.18433179723502305
0 0.61015625 0.195852534562212 0.0484375 0.1889400921658986
0 0.69765625 0.6543778801843319 0.0578125 0.23963133640552994
0 0.2609375 0.6428571428571429 0.04375 0.2350230414746544
0 0.67421875 0.3709677419354839 0.0484375 0.22580645161290322