0 0.671875 0.3317972350230415 0.03125 0.14746543778801843
0 0.7328125 0.4815668202764977 0.05625 0.24423963133640553
0 0.70703125 0.31797235023041476 0.0359375 0.20276497695852536
1 0.98046875 0.06221198156682028 0.0390625 0.12442396313364056
0 0.83671875 0.3433179723502304 0.0390625 0.2534562211981567
0 0.67734375 0.44930875576036866 0.0546875 0.24423963133640553
0 0.7890625 0.5046082949308756 0.05625 0.24423963133640553
0 0.2953125 0.06451612903225806 0.03125 0.11981566820276497
0 0.8640625 0.47235023041474655 0.059375 0.24423963133640553
0 0.465625 0.12672811059907835 0.034375 0.1889400921658986
0 0.0359375 0.19815668202764977 0.04375 0.2488479262672811
0 0.63671875 0.4792626728110599 0.0515625 0.2672811059907834
0 0.4203125 0.9631336405529954 0.0375 0.07373271889400922
0 0.11484375 0.6912442396313364 0.0421875 0.2488479262672811
0 0.625 0.37557603686635943 0.05 0.22580645161290322
0 0.28515625 0.22350230414746544 0.0453125 0.22580645161290322
0 0.171875 0.30184331797235026 0.03125 0.24423963133640553