0 0.55390625 0.4400921658986175 0.0421875 0.14285714285714285
0 0.67421875 0.38018433179723504 0.0390625 0.1889400921658986
0 0.4953125 0.5944700460829493 0.05 0.2304147465437788
0 0.58515625 0.4377880184331797 0.0484375 0.2119815668202765
0 0.57578125 0.8433179723502304 0.0609375 0.31336405529953915
0 0.5875 0.6912442396313364 0.05 0.34101382488479265
0 0.67109375 0.5990783410138248 0.0515625 0.35944700460829493
0 0.33671875 0.4009216589861751 0.0546875 0.35023041474654376
0 0.49921875 0.8387096774193549 0.0640625 0.3225806451612903
0 0.434375 0.7465437788018433 0.06875 0.3686635944700461
0 0.64296875 0.716589861751152 0.0609375 0.3824884792626728
0 0.7640625 0.5944700460829493 0.059375 0.3778801843317972
0 0.4671875 0.2926267281105991 0.0625 0.3087557603686636
0 0.321875 0.7788018433179723 0.05625 0.35023041474654376