0 0.0140625 0.9308755760368663 0.028125 0.1382488479262673
0 0.67265625 0.5645161290322581 0.0484375 0.271889400921659
0 0.87578125 0.5138248847926268 0.0609375 0.2903225806451613
0 0.84375 0.48847926267281105 0.040625 0.2672811059907834
0 0.3640625 0.12672811059907835 0.046875 0.2350230414746544
0 0.92890625 0.5391705069124424 0.0609375 0.25806451612903225
0 0.7140625 0.6290322580645161 0.046875 0.2995391705069124
0 0.46171875 0.6036866359447005 0.0484375 0.2857142857142857
0 0.3421875 0.20276497695852536 0.05625 0.2488479262672811
0 0.55625 0.716589861751152 0.0625 0.31797235023041476
0 0.76796875 0.4308755760368664 0.0734375 0.271889400921659