0 0.5296875 0.3986175115207373 0.05625 0.10599078341013825
0 0.615625 0.2119815668202765 0.04375 0.09216589861751152
0 0.5296875 0.2834101382488479 0.0375 0.12442396313364056
0 0.16484375 0.4792626728110599 0.0328125 0.2304147465437788
0 0.465625 0.16820276497695852 0.0375 0.16129032258064516
0 0.53359375 0.47465437788018433 0.0640625 0.15668202764976957
0 0.4234375 0.29493087557603687 0.034375 0.18433179723502305
0 0.40859375 0.3709677419354839 0.0296875 0.22580645161290322
0 0.62890625 0.43317972350230416 0.0421875 0.18433179723502305
0 0.6453125 0.16129032258064516 0.034375 0.1382488479262673
0 0.8734375 0.33410138248847926 0.034375 0.19815668202764977
0 0.290625 0.08755760368663594 0.028125 0.16589861751152074
0 0.46953125 0.8847926267281107 0.0390625 0.22119815668202766
0 0.64296875 0.868663594470046 0.0609375 0.2350230414746544