0 0.703125 0.0967741935483871 0.071875 0.1935483870967742
0 0.45234375 0.3640552995391705 0.0578125 0.35023041474654376
0 0.63828125 0.11981566820276497 0.0578125 0.23963133640552994
0 0.76640625 0.2511520737327189 0.0765625 0.3087557603686636
0 0.9453125 0.3709677419354839 0.0875 0.3456221198156682
0 0.728125 0.35023041474654376 0.059375 0.34101382488479265
0 0.684375 0.39400921658986177 0.075 0.31797235023041476
0 0.84296875 0.37327188940092165 0.0796875 0.34101382488479265
0 0.41796875 0.08755760368663594 0.0671875 0.17511520737327188
0 0.2453125 0.09216589861751152 0.084375 0.18433179723502305
0 0.5671875 0.4608294930875576 0.0875 0.3317972350230415