0 0.39609375 0.45852534562211983 0.0484375 0.12442396313364056
0 0.22578125 0.3640552995391705 0.0453125 0.1382488479262673
0 0.4734375 0.4423963133640553 0.053125 0.16589861751152074
0 0.41640625 0.3824884792626728 0.0609375 0.1382488479262673
0 0.5109375 0.5460829493087558 0.05 0.2073732718894009
0 0.4078125 0.31336405529953915 0.059375 0.12903225806451613
0 0.21015625 0.511520737327189 0.0453125 0.22119815668202766
0 0.3578125 0.029953917050691243 0.046875 0.059907834101382486
0 0.37734375 0.5622119815668203 0.0671875 0.17511520737327188
0 0.390625 0.17972350230414746 0.046875 0.1935483870967742
0 0.39453125 0.6797235023041475 0.0609375 0.22580645161290322
0 0.34453125 0.8778801843317973 0.0515625 0.24423963133640553
0 0.61484375 0.5184331797235023 0.0453125 0.2350230414746544
0 0.79296875 0.42857142857142855 0.0453125 0.22119815668202766
0 0.48203125 0.8571428571428571 0.0796875 0.2857142857142857