0 0.61328125 0.20276497695852536 0.0359375 0.11059907834101383
0 0.53828125 0.2350230414746544 0.0484375 0.11981566820276497
0 0.596875 0.3317972350230415 0.04375 0.16589861751152074
0 0.62890625 0.43317972350230416 0.0453125 0.18433179723502305
0 0.52734375 0.3387096774193548 0.0515625 0.17050691244239632
0 0.53359375 0.45852534562211983 0.0578125 0.2073732718894009
0 0.66796875 0.39631336405529954 0.0296875 0.22119815668202766
0 0.39921875 0.43317972350230416 0.0296875 0.22119815668202766
0 0.4234375 0.33410138248847926 0.040625 0.1889400921658986
0 0.28515625 0.10599078341013825 0.0296875 0.16589861751152074
0 0.87265625 0.33640552995391704 0.0328125 0.20276497695852536
0 0.1578125 0.49539170506912444 0.03125 0.22580645161290322
0 0.46875 0.8847926267281107 0.0375 0.22119815668202766
0 0.6421875 0.8709677419354839 0.059375 0.2304147465437788