0 0.43515625 0.347926267281106 0.0421875 0.2073732718894009
0 0.47890625 0.07142857142857142 0.0328125 0.14285714285714285
0 0.246875 0.29493087557603687 0.046875 0.1935483870967742
0 0.7328125 0.059907834101382486 0.025 0.11981566820276497
0 0.42109375 0.9539170506912442 0.0546875 0.09216589861751152
0 0.54609375 0.9377880184331797 0.0703125 0.12442396313364056
0 0.5578125 0.5737327188940092 0.053125 0.19815668202764977
0 0.41875 0.02304147465437788 0.034375 0.04608294930875576
0 0.4703125 0.967741935483871 0.053125 0.06451612903225806
0 0.90859375 0.8870967741935484 0.0421875 0.22580645161290322
0 0.384375 0.3640552995391705 0.046875 0.20276497695852536