0 0.3875 0.4930662557781202 0.052083333333333336 0.18798151001540833
0 0.3815104166666667 0.3428351309707242 0.04739583333333333 0.18335901386748846
0 0.35625 0.5546995377503852 0.04791666666666667 0.17257318952234207
0 0.32083333333333336 0.5693374422187981 0.04583333333333333 0.15254237288135594
0 0.4549479166666667 0.04314329738058552 0.04739583333333333 0.08628659476117104
0 0.321875 0.7126348228043143 0.05416666666666667 0.2049306625577812
0 0.246875 0.3983050847457627 0.04583333333333333 0.2357473035439137
0 0.46015625 0.5069337442218799 0.059895833333333336 0.18798151001540833
0 0.2598958333333333 0.7134052388289677 0.052083333333333336 0.24345146379044685
0 0.2125 0.43759630200308164 0.034375 0.2650231124807396
0 0.44609375 0.6440677966101694 0.06302083333333333 0.20955315870570107
0 0.46901041666666665 0.40215716486902925 0.05572916666666667 0.17565485362095531
1 0.7317708333333334 0.5315870570107858 0.04479166666666667 0.23728813559322035
0 0.9828125 0.09399075500770417 0.034375 0.18798151001540833
0 0.4114583333333333 0.7249614791987673 0.06354166666666666 0.25115562403698
0 0.7671875 0.9152542372881356 0.040625 0.1694915254237288
0 0.6734375 0.07473035439137134 0.03125 0.14946070878274267
0 0.62109375 0.3713405238828968 0.034895833333333334 0.24961479198767333
0 0.5927083333333333 0.6101694915254238 0.04375 0.24345146379044685
0 0.7846354166666667 0.7026194144838213 0.0421875 0.2711864406779661