0 0.42890625 0.3294930875576037 0.0453125 0.08755760368663594
0 0.37421875 0.4377880184331797 0.0453125 0.16589861751152074
0 0.33046875 0.39400921658986177 0.0421875 0.12442396313364056
0 0.3484375 0.29723502304147464 0.040625 0.10599078341013825
0 0.33515625 0.5138248847926268 0.0484375 0.2073732718894009
0 0.3 0.5691244239631337 0.040625 0.21658986175115208
0 0.28203125 0.3087557603686636 0.0296875 0.2119815668202765
0 0.55390625 0.3317972350230415 0.0328125 0.2119815668202765
0 0.43984375 0.2350230414746544 0.0515625 0.15668202764976957
0 0.5 0.619815668202765 0.028125 0.2626728110599078
0 0.4234375 0.5552995391705069 0.040625 0.2534562211981567
0 0.59765625 0.45622119815668205 0.0359375 0.22119815668202766
0 0.40703125 0.8847926267281107 0.0421875 0.2304147465437788
0 0.07890625 0.4078341013824885 0.0328125 0.2350230414746544
0 0.29765625 0.8548387096774194 0.0609375 0.24423963133640553