0 0.1875 0.14516129032258066 0.05 0.2903225806451613
0 0.415625 0.9055299539170507 0.0875 0.1889400921658986
0 0.12578125 0.15668202764976957 0.0515625 0.25806451612903225
0 0.43671875 0.7258064516129032 0.0578125 0.3824884792626728
0 0.41484375 0.7857142857142857 0.0484375 0.28110599078341014
0 0.965625 0.511520737327189 0.059375 0.35944700460829493
0 0.9625 0.8433179723502304 0.071875 0.31336405529953915
0 0.328125 0.4815668202764977 0.059375 0.3456221198156682
0 0.90078125 0.8410138248847926 0.0796875 0.31797235023041476
0 0.3359375 0.7580645161290323 0.06875 0.4009216589861751
0 0.75859375 0.6082949308755761 0.0640625 0.3870967741935484
0 0.30546875 0.8940092165898618 0.0578125 0.2119815668202765
0 0.8203125 0.5875576036866359 0.08125 0.391705069124424
0 0.228125 0.6267281105990783 0.059375 0.35023041474654376