0 0.28671875 0.27890625 0.0296875 0.1359375
0 0.64296875 0.36953125 0.0328125 0.0890625
0 0.321875 0.29609375 0.071875 0.146875
0 0.61171875 0.28046875 0.0453125 0.121875
0 0.66328125 0.478125 0.0546875 0.1609375
0 0.44609375 0.45390625 0.0359375 0.1640625
0 0.61171875 0.45703125 0.0609375 0.14140625
0 0.7578125 0.46796875 0.034375 0.13046875
0 0.45546875 0.23359375 0.0390625 0.14453125
0 0.8109375 0.43046875 0.053125 0.178125
0 0.546875 0.3984375 0.0625 0.175
0 0.4796875 0.3609375 0.05 0.13359375
0 0.47734375 0.621875 0.0609375 0.18359375
0 0.05625 0.2875 0.046875 0.146875
1 0.2578125 0.44453125 0.040625 0.171875
0 0.36328125 0.509375 0.0453125 0.15859375
0 0.26953125 0.18359375 0.0390625 0.13359375
0 0.5890625 0.421875 0.065625 0.171875
0 0.4125 0.6484375 0.0625 0.196875