0 0.4484375 0.08012326656394453 0.034375 0.16024653312788906
0 0.4119791666666667 0.06394453004622497 0.040625 0.12788906009244994
0 0.5119791666666667 0.0724191063174114 0.034375 0.1448382126348228
0 0.46588541666666666 0.23651771956856701 0.04010416666666667 0.20801232665639446
0 0.6927083333333334 0.6510015408320493 0.06458333333333334 0.2110939907550077
0 0.6838541666666667 0.03543913713405239 0.026041666666666668 0.07087827426810478
0 0.6856770833333333 0.2711864406779661 0.049479166666666664 0.17873651771956856
0 0.58984375 0.08936825885978428 0.0421875 0.17873651771956856
0 0.6299479166666667 0.07858243451463791 0.033854166666666664 0.15716486902927582
0 0.36822916666666666 0.17257318952234207 0.0375 0.20955315870570107
0 0.6421875 0.9183359013867488 0.07083333333333333 0.1633281972265023
0 0.29661458333333335 0.19799691833590138 0.0265625 0.1864406779661017
0 0.82265625 0.8959938366718028 0.06510416666666667 0.20801232665639446