0 0.54453125 0.4792626728110599 0.0484375 0.10138248847926268
0 0.5640625 0.37557603686635943 0.04375 0.21658986175115208
0 0.46328125 0.4470046082949309 0.0546875 0.11059907834101383
0 0.0109375 0.5069124423963134 0.021875 0.2857142857142857
0 0.4609375 0.21428571428571427 0.059375 0.1889400921658986
0 0.521875 0.3870967741935484 0.053125 0.14746543778801843
0 0.55859375 0.2350230414746544 0.0484375 0.11981566820276497
0 0.53984375 0.576036866359447 0.0546875 0.17511520737327188
0 0.31484375 0.30184331797235026 0.0390625 0.15207373271889402
0 0.465625 0.5552995391705069 0.05 0.21658986175115208
0 0.44921875 0.3709677419354839 0.0609375 0.15207373271889402
0 0.34140625 0.08986175115207373 0.0359375 0.17972350230414746
0 0.1796875 0.8410138248847926 0.040625 0.28110599078341014
0 0.3046875 0.4631336405529954 0.0375 0.24423963133640553
0 0.48515625 0.018433179723502304 0.0359375 0.03686635944700461
0 0.68984375 0.5253456221198156 0.0453125 0.18433179723502305
0 0.82265625 0.3870967741935484 0.0421875 0.2488479262672811
0 0.60390625 0.728110599078341 0.0609375 0.25806451612903225
0 0.4046875 0.6221198156682027 0.0625 0.25806451612903225