0 0.583203125 0.021939953810623556 0.02578125 0.04387990762124711
0 0.48046875 0.019630484988452657 0.028125 0.03926096997690531
0 0.550390625 0.11778290993071594 0.05546875 0.23556581986143188
0 0.452734375 0.09122401847575058 0.04140625 0.18244803695150116
0 0.598046875 0.21247113163972287 0.03671875 0.23556581986143188
0 0.520703125 0.1235565819861432 0.03671875 0.22863741339491916
0 0.66484375 0.4295612009237875 0.0453125 0.2586605080831409
0 0.708984375 0.4387990762124711 0.07109375 0.2956120092378753
0 0.423046875 0.08429561200923788 0.05390625 0.16859122401847576
0 0.482421875 0.13625866050808313 0.04921875 0.27251732101616627
0 0.8828125 0.6616628175519631 0.0390625 0.279445727482679
0 0.75546875 0.07505773672055427 0.0328125 0.15011547344110854
0 0.193359375 0.4110854503464203 0.04921875 0.2909930715935335
0 0.84609375 0.31986143187066973 0.065625 0.26558891454965355