0 0.33229166666666665 0.6209553158705701 0.053125 0.14175654853620956
0 0.37395833333333334 0.4214175654853621 0.04895833333333333 0.14021571648690292
0 0.3841145833333333 0.3220338983050847 0.044270833333333336 0.13559322033898305
0 0.39140625 0.5046224961479199 0.05260416666666667 0.1679506933744222
0 0.46067708333333335 0.5130970724191063 0.05364583333333333 0.17257318952234207
0 0.35494791666666664 0.5747303543913713 0.049479166666666664 0.17257318952234207
0 0.24583333333333332 0.3983050847457627 0.042708333333333334 0.2357473035439137
0 0.21640625 0.4322033898305085 0.0296875 0.27889060092449924
0 0.453125 0.04314329738058552 0.046875 0.08628659476117104
0 0.7869791666666667 0.6848998459167951 0.036458333333333336 0.26348228043143296
0 0.3203125 0.7226502311248074 0.05520833333333333 0.19106317411402157
1 0.7317708333333334 0.5308166409861325 0.04479166666666667 0.23882896764252695
0 0.2559895833333333 0.7026194144838213 0.0453125 0.24345146379044685
0 0.4700520833333333 0.401386748844376 0.05260416666666667 0.17411402157164868
0 0.44505208333333335 0.652542372881356 0.06197916666666667 0.1926040061633282
0 0.7526041666666666 0.9060092449922958 0.041666666666666664 0.18798151001540833
0 0.9703125 0.10092449922958398 0.034375 0.20184899845916796
0 0.4109375 0.7295839753466872 0.057291666666666664 0.2727272727272727
0 0.5955729166666667 0.610939907550077 0.043229166666666666 0.25115562403698
0 0.6723958333333333 0.07704160246533127 0.030208333333333334 0.15408320493066255
0 0.6234375 0.36902927580893685 0.0375 0.2573189522342065