0 0.36015625 0.46543778801843316 0.0421875 0.1935483870967742
0 0.33125 0.5092165898617511 0.0375 0.2073732718894009
0 0.42421875 0.30184331797235026 0.0546875 0.1889400921658986
0 0.3578125 0.3617511520737327 0.034375 0.12442396313364056
0 0.2921875 0.39400921658986177 0.04375 0.19815668202764977
0 0.31796875 0.271889400921659 0.0359375 0.15668202764976957
1 0.59765625 0.4423963133640553 0.0359375 0.22119815668202766
0 0.36484375 0.23732718894009217 0.0390625 0.17050691244239632
0 0.32890625 0.3433179723502304 0.0390625 0.16129032258064516
0 0.56484375 0.3064516129032258 0.0328125 0.2073732718894009
0 0.42734375 0.195852534562212 0.0328125 0.14285714285714285
0 0.30546875 0.5737327188940092 0.0453125 0.2350230414746544
0 0.38828125 0.5622119815668203 0.0421875 0.23963133640552994
0 0.353125 0.8594470046082949 0.046875 0.2534562211981567
0 0.4203125 0.880184331797235 0.04375 0.23963133640552994
0 0.08984375 0.43317972350230416 0.0515625 0.20276497695852536
0 0.54609375 0.652073732718894 0.0359375 0.2534562211981567