0 0.68671875 0.3456221198156682 0.0609375 0.3225806451612903
0 0.86328125 0.5852534562211982 0.0546875 0.4055299539170507
0 0.96171875 0.5092165898617511 0.0703125 0.37327188940092165
0 0.4765625 0.4423963133640553 0.078125 0.39631336405529954
0 0.56796875 0.4700460829493088 0.0609375 0.3870967741935484
0 0.1390625 0.16129032258064516 0.046875 0.3225806451612903
0 0.41015625 0.4400921658986175 0.0859375 0.3824884792626728
0 0.74765625 0.3986175115207373 0.0984375 0.3548387096774194
0 0.03359375 0.2764976958525346 0.0453125 0.34101382488479265
0 0.81015625 0.5668202764976958 0.0984375 0.3870967741935484
0 0.6578125 0.41935483870967744 0.0875 0.3870967741935484