0 0.492578125 0.3163972286374134 0.03046875 0.19861431870669746
0 0.480078125 0.21478060046189376 0.03203125 0.13394919168591224
0 0.557421875 0.23556581986143188 0.04453125 0.15704387990762125
0 0.228125 0.34526558891454967 0.0390625 0.25635103926096997
0 0.46484375 0.37759815242494227 0.0390625 0.26558891454965355
0 0.445703125 0.23094688221709006 0.05546875 0.24942263279445728
0 0.5421875 0.4214780600461894 0.0375 0.2748267898383372
0 0.70546875 0.3163972286374134 0.040625 0.24942263279445728
0 0.59921875 0.9653579676674365 0.053125 0.06928406466512702
0 0.366796875 0.22632794457274827 0.03359375 0.23094688221709006
0 0.39921875 0.3279445727482679 0.0390625 0.23094688221709006
0 0.67890625 0.42494226327944573 0.046875 0.2586605080831409
0 0.528125 0.7702078521939953 0.065625 0.2517321016166282
0 0.73203125 0.6478060046189377 0.046875 0.2517321016166282
0 0.75625 0.20785219399538107 0.0390625 0.21709006928406466