0 0.43203125 0.39599383667180277 0.05260416666666667 0.10477657935285054
0 0.42473958333333334 0.23959938366718028 0.04635416666666667 0.2110939907550077
0 0.41822916666666665 0.5169491525423728 0.035416666666666666 0.1679506933744222
0 0.5341145833333333 0.26194144838212635 0.0421875 0.24036979969183359
0 0.2390625 0.5338983050847458 0.042708333333333334 0.24807395993836673
0 0.48854166666666665 0.6956856702619415 0.06354166666666666 0.18952234206471494
0 0.5513020833333333 0.10323574730354391 0.03802083333333333 0.20647149460708783
0 0.4278645833333333 0.33821263482280434 0.05677083333333333 0.18335901386748846
0 0.2674479166666667 0.4090909090909091 0.03802083333333333 0.2665639445300462
0 0.3893229166666667 0.5701078582434514 0.05260416666666667 0.2218798151001541
0 0.4544270833333333 0.49229583975346686 0.0515625 0.17719568567026195
0 0.6635416666666667 0.4029275808936826 0.03854166666666667 0.24191063174114022
0 0.51015625 0.5755007704160247 0.06927083333333334 0.19568567026194145
0 0.62109375 0.5315870570107858 0.04114583333333333 0.23728813559322035
0 0.47291666666666665 0.09861325115562404 0.042708333333333334 0.19722650231124808
0 0.45703125 0.8281972265023112 0.05260416666666667 0.23266563944530047
0 0.5341145833333333 0.4676425269645609 0.0609375 0.15562403697996918
0 0.37916666666666665 0.7966101694915254 0.06875 0.2526964560862866