0 0.48463541666666665 0.3697996918335901 0.0484375 0.21263482280431434
0 0.44114583333333335 0.37750385208012327 0.035416666666666666 0.24036979969183359
0 0.40859375 0.24499229583975346 0.03697916666666667 0.1386748844375963
0 0.40130208333333334 0.3983050847457627 0.04739583333333333 0.2573189522342065
0 0.5015625 0.24961479198767333 0.040625 0.20955315870570107
0 0.225 0.31741140215716485 0.04479166666666667 0.24961479198767333
0 0.53125 0.49922958397534667 0.04583333333333333 0.25577812018489987
0 0.5572916666666666 0.3505392912172573 0.040625 0.19568567026194145
0 0.1484375 0.07010785824345146 0.06354166666666666 0.14021571648690292
0 0.7505208333333333 0.3844375963020031 0.05 0.26348228043143296
0 0.4708333333333333 0.4460708782742681 0.057291666666666664 0.26348228043143296
0 0.34348958333333335 0.21956856702619415 0.03802083333333333 0.2357473035439137
0 0.25052083333333336 0.7211093990755008 0.07083333333333333 0.24345146379044685
0 0.18828125 0.040832049306625574 0.06822916666666666 0.08166409861325115
0 0.39427083333333335 0.07010785824345146 0.03125 0.14021571648690292
0 0.57734375 0.07164869029275808 0.0359375 0.14329738058551617
0 0.28984375 0.4815100154083205 0.06197916666666667 0.2295839753466872