0 0.66015625 0.29493087557603687 0.0421875 0.25806451612903225
0 0.73359375 0.4055299539170507 0.0453125 0.2857142857142857
0 0.0390625 0.1543778801843318 0.06875 0.3087557603686636
0 0.58515625 0.6267281105990783 0.0765625 0.30414746543778803
0 0.62421875 0.33640552995391704 0.0828125 0.35944700460829493
0 0.17578125 0.4032258064516129 0.0515625 0.3640552995391705
0 0.50234375 0.5069124423963134 0.0578125 0.35023041474654376
0 0.078125 0.5552995391705069 0.053125 0.3456221198156682
0 0.74140625 0.619815668202765 0.0859375 0.3271889400921659
0 0.63984375 0.6705069124423964 0.0828125 0.3640552995391705
0 0.346875 0.4815668202764977 0.084375 0.3456221198156682
0 0.81875 0.6290322580645161 0.0625 0.37327188940092165
0 0.44140625 0.45852534562211983 0.0640625 0.37327188940092165