0 0.978125 0.8383371824480369 0.0421875 0.3233256351039261
0 0.41875 0.5265588914549654 0.05 0.24480369515011546
0 0.90234375 0.9665127020785219 0.046875 0.06697459584295612
0 0.9359375 0.9260969976905312 0.0546875 0.14780600461893764
0 0.81796875 0.9203233256351039 0.0546875 0.15935334872979215
0 0.372265625 0.5508083140877598 0.05859375 0.22401847575057737
0 0.769921875 0.9076212471131639 0.06171875 0.18475750577367206
0 0.406640625 0.3279445727482679 0.04140625 0.19399538106235567
0 0.339453125 0.8752886836027713 0.06171875 0.24942263279445728
0 0.308984375 0.7782909930715936 0.04921875 0.27251732101616627
1 0.17890625 0.8729792147806005 0.0421875 0.2540415704387991
0 0.155078125 0.36027713625866054 0.05546875 0.21247113163972287