0 0.5546875 0.4447004608294931 0.059375 0.271889400921659
0 0.590625 0.15207373271889402 0.05625 0.2304147465437788
0 0.62421875 0.41705069124423966 0.0640625 0.3087557603686636
0 0.5765625 0.6912442396313364 0.065625 0.2488479262672811
0 0.75390625 0.3986175115207373 0.0546875 0.3087557603686636
0 0.6359375 0.21658986175115208 0.053125 0.2672811059907834
0 0.253125 0.4769585253456221 0.05 0.2995391705069124
0 0.51796875 0.3248847926267281 0.0703125 0.271889400921659
0 0.18671875 0.6820276497695853 0.0578125 0.25806451612903225
0 0.24375 0.2465437788018433 0.04375 0.17972350230414746
0 0.62109375 0.5599078341013825 0.0609375 0.2995391705069124
0 0.44375 0.1382488479262673 0.075 0.23963133640552994
0 0.41640625 0.7373271889400922 0.0796875 0.29493087557603687
0 0.12265625 0.08294930875576037 0.0671875 0.16589861751152074
0 0.27890625 0.6728110599078341 0.0453125 0.2672811059907834