0 0.6234375 0.25192604006163327 0.03854166666666667 0.19568567026194145
0 0.6703125 0.16101694915254236 0.026041666666666668 0.14021571648690292
0 0.7265625 0.2935285053929122 0.026041666666666668 0.17103235747303544
0 0.31588541666666664 0.6548536209553159 0.033854166666666664 0.1941448382126348
0 0.70078125 0.30585516178736516 0.0421875 0.1679506933744222
0 0.23255208333333333 0.29198767334360554 0.0296875 0.14946070878274267
0 0.30807291666666664 0.12326656394453005 0.0265625 0.17565485362095531
0 0.6705729166666666 0.32280431432973805 0.0421875 0.2049306625577812
1 0.38385416666666666 0.20801232665639446 0.029166666666666667 0.18798151001540833
0 0.42239583333333336 0.061633281972265024 0.03229166666666667 0.12326656394453005
0 0.34296875 0.6533127889060092 0.04635416666666667 0.18798151001540833
0 0.23229166666666667 0.47919876733436056 0.034375 0.16640986132511557
0 0.4044270833333333 0.9268104776579353 0.034895833333333334 0.14637904468412943
0 0.340625 0.3852080123266564 0.034375 0.17257318952234207
0 0.35442708333333334 0.03775038520801233 0.0359375 0.07550077041602465
0 0.3380208333333333 0.9298921417565486 0.0375 0.14021571648690292
0 0.62421875 0.3852080123266564 0.0546875 0.15716486902927582
0 0.80234375 0.25654853620955315 0.03177083333333333 0.1864406779661017