0 0.5526041666666667 0.06779661016949153 0.030208333333333334 0.13559322033898305
0 0.5192708333333333 0.11556240369799692 0.03958333333333333 0.1941448382126348
0 0.7729166666666667 0.13405238828967642 0.042708333333333334 0.22496147919876733
0 0.7518229166666667 0.04160246533127889 0.043229166666666666 0.08320493066255778
0 0.42213541666666665 0.04699537750385208 0.03802083333333333 0.09399075500770417
0 0.5950520833333334 0.02773497688751926 0.0421875 0.05546995377503852
0 0.5018229166666667 0.09476117103235747 0.043229166666666666 0.18952234206471494
0 0.4471354166666667 0.0362095531587057 0.03802083333333333 0.0724191063174114
0 0.9763020833333333 0.9661016949152542 0.04739583333333333 0.06779661016949153
0 0.46171875 0.17026194144838214 0.0578125 0.1926040061633282
0 0.2916666666666667 0.28659476117103233 0.0375 0.23728813559322035
0 0.7971354166666667 0.32126348228043144 0.034895833333333334 0.1987673343605547
0 0.8067708333333333 0.6818181818181818 0.051041666666666666 0.25115562403698
0 0.696875 0.045454545454545456 0.03854166666666667 0.09090909090909091
0 0.3453125 0.06086286594761171 0.041666666666666664 0.12172573189522343
0 0.9432291666666667 0.6918335901386748 0.06145833333333333 0.23112480739599384