0 0.344140625 0.31062355658198615 0.03515625 0.20554272517321015
0 0.31875 0.371824480369515 0.0453125 0.3140877598152425
0 0.216796875 0.4676674364896074 0.05234375 0.29330254041570436
0 0.284765625 0.5 0.04765625 0.29330254041570436
0 0.3609375 0.46420323325635104 0.0515625 0.27251732101616627
0 0.837109375 0.09584295612009237 0.06015625 0.19168591224018475
0 0.82421875 0.21709006928406466 0.0421875 0.23094688221709006
0 0.2453125 0.4838337182448037 0.0625 0.325635103926097
0 0.923046875 0.9515011547344111 0.05546875 0.09699769053117784
0 0.8703125 0.19168591224018475 0.065625 0.24480369515011546
0 0.43828125 0.46882217090069284 0.0703125 0.2817551963048499
0 0.8765625 0.9387990762124712 0.0484375 0.12240184757505773
0 0.496484375 0.44110854503464203 0.06953125 0.2863741339491917