0 0.3729166666666667 0.4322033898305085 0.05 0.1926040061633282
0 0.3651041666666667 0.2627118644067797 0.03958333333333333 0.12788906009244994
0 0.42604166666666665 0.29583975346687214 0.046875 0.17565485362095531
0 0.27578125 0.423728813559322 0.033854166666666664 0.20955315870570107
0 0.35859375 0.3574730354391371 0.03697916666666667 0.18798151001540833
0 0.3375 0.7449922958397535 0.040625 0.22650231124807396
0 0.4557291666666667 0.04314329738058552 0.03229166666666667 0.08628659476117104
0 0.3182291666666667 0.5493066255778121 0.04375 0.1987673343605547
0 0.37786458333333334 0.6063174114021571 0.06197916666666667 0.22650231124807396
0 0.29453125 0.7781201848998459 0.05364583333333333 0.26810477657935283
0 0.79296875 0.9422187981510015 0.0421875 0.11556240369799692
0 0.38177083333333334 0.763482280431433 0.058333333333333334 0.24191063174114022
0 0.54609375 0.04776579352850539 0.050520833333333334 0.09553158705701079
0 0.25807291666666665 0.6232665639445301 0.058854166666666666 0.25115562403698
0 0.18255208333333334 0.4052388289676425 0.0359375 0.23112480739599384
0 0.4356770833333333 0.43759630200308164 0.06510416666666667 0.2280431432973806
0 0.6791666666666667 0.07781201848998459 0.03125 0.15562403697996918
0 0.8216145833333334 0.7311248073959938 0.03802083333333333 0.2542372881355932
1 0.73515625 0.5261941448382126 0.043229166666666666 0.2542372881355932
0 0.5776041666666667 0.6240369799691834 0.04791666666666667 0.24345146379044685
0 0.6231770833333333 0.3713405238828968 0.049479166666666664 0.24961479198767333