0 0.527734375 0.27713625866050806 0.03984375 0.15704387990762125
0 0.5046875 0.3441108545034642 0.0375 0.24942263279445728
0 0.748828125 0.27713625866050806 0.03203125 0.20323325635103925
0 0.702734375 0.28983833718244806 0.03359375 0.21939953810623555
0 0.468359375 0.3071593533487298 0.04140625 0.20785219399538107
0 0.384765625 0.2748267898383372 0.04140625 0.20785219399538107
0 0.47265625 0.418013856812933 0.04375 0.2586605080831409
0 0.430078125 0.2852193995381062 0.04140625 0.26558891454965355
0 0.694140625 0.3625866050808314 0.04609375 0.20323325635103925
0 0.256640625 0.371824480369515 0.03671875 0.23556581986143188
0 0.5375 0.4503464203233256 0.04375 0.2817551963048499
0 0.680859375 0.4515011547344111 0.04921875 0.23787528868360278
0 0.587890625 0.33602771362586603 0.04609375 0.21016166281755197
0 0.73125 0.7147806004618937 0.046875 0.2840646651270208
0 0.36171875 0.3683602771362587 0.0703125 0.23325635103926096
0 0.59609375 0.851039260969977 0.0578125 0.26096997690531176