0 0.33984375 0.2903225806451613 0.0328125 0.1382488479262673
0 0.33671875 0.44930875576036866 0.0609375 0.2350230414746544
0 0.328125 0.6866359447004609 0.053125 0.23963133640552994
0 0.33671875 0.1774193548387097 0.0421875 0.1889400921658986
0 0.30234375 0.19815668202764977 0.0359375 0.18433179723502305
0 0.29453125 0.4055299539170507 0.0578125 0.2764976958525346
0 0.38515625 0.3986175115207373 0.0484375 0.24423963133640553
0 0.36171875 0.7488479262672811 0.0578125 0.2995391705069124
0 0.41796875 0.5921658986175116 0.0546875 0.28110599078341014
0 0.59375 0.027649769585253458 0.040625 0.055299539170506916
0 0.96640625 0.04608294930875576 0.0390625 0.09216589861751152
0 0.15703125 0.5368663594470046 0.0546875 0.24423963133640553
0 0.7171875 0.8571428571428571 0.04375 0.2857142857142857
1 0.80703125 0.3847926267281106 0.0421875 0.3087557603686636
0 0.09453125 0.41244239631336405 0.0578125 0.2903225806451613
0 0.24140625 0.5691244239631337 0.0890625 0.3087557603686636
0 0.6375 0.20276497695852536 0.040625 0.25806451612903225
0 0.71328125 0.45622119815668205 0.0640625 0.2764976958525346
0 0.421875 0.10829493087557604 0.059375 0.21658986175115208