0 0.040625 0.08525345622119816 0.021875 0.17050691244239632
0 0.72421875 0.20506912442396313 0.0265625 0.17972350230414746
0 0.61171875 0.2465437788018433 0.0265625 0.17972350230414746
0 0.2171875 0.1382488479262673 0.025 0.1935483870967742
0 0.4 0.10138248847926268 0.03125 0.16589861751152074
0 0.55 0.3847926267281106 0.03125 0.19815668202764977
0 0.90703125 0.3640552995391705 0.0359375 0.17511520737327188
0 0.6625 0.22811059907834103 0.025 0.1889400921658986
0 0.17109375 0.4976958525345622 0.0265625 0.2304147465437788
0 0.6890625 0.3225806451612903 0.03125 0.22119815668202766
0 0.06171875 0.11059907834101383 0.0265625 0.1935483870967742
1 0.409375 0.4815668202764977 0.025 0.22580645161290322
0 0.653125 0.4078341013824885 0.028125 0.1889400921658986
0 0.2109375 0.6935483870967742 0.028125 0.21658986175115208
0 0.32265625 0.5921658986175116 0.0296875 0.2350230414746544
0 0.42421875 0.11981566820276497 0.0296875 0.20276497695852536
0 0.878125 0.391705069124424 0.03125 0.22119815668202766
0 0.13203125 0.4976958525345622 0.0328125 0.20276497695852536
0 0.03515625 0.5898617511520737 0.0453125 0.2119815668202765
0 0.61484375 0.42857142857142855 0.0296875 0.23963133640552994
0 0.840625 0.7050691244239631 0.025 0.2304147465437788
0 0.74375 0.6682027649769585 0.04375 0.2119815668202765
0 0.77265625 0.5414746543778802 0.0421875 0.21658986175115208