0 0.6625 0.3394919168591224 0.0328125 0.14780600461893764
0 0.6984375 0.5438799076212472 0.0453125 0.21939953810623555
0 0.765625 0.3695150115473441 0.03125 0.16628175519630484
0 0.60234375 0.302540415704388 0.034375 0.19861431870669746
0 0.7484375 0.5450346420323325 0.0359375 0.24480369515011546
0 0.49609375 0.21247113163972287 0.0359375 0.21247113163972287
0 0.302734375 0.26212471131639725 0.03515625 0.21016166281755197
0 0.348046875 0.8048498845265589 0.04921875 0.21478060046189376
0 0.6828125 0.5877598152424942 0.0578125 0.2471131639722864
0 0.78046875 0.5773672055427251 0.0453125 0.27713625866050806
0 0.278125 0.5115473441108545 0.0453125 0.2517321016166282
0 0.219140625 0.32909930715935337 0.04609375 0.21939953810623555
0 0.24296875 0.049653579676674366 0.05 0.09930715935334873
0 0.16875 0.08545034642032333 0.04375 0.17090069284064666
0 0.255859375 0.8418013856812933 0.06328125 0.26558891454965355
0 0.61171875 0.43648960739030024 0.065625 0.23094688221709006