0 0.08671875 0.026558891454965358 0.0375 0.053117782909930716
0 0.5625 0.32909930715935337 0.040625 0.23325635103926096
0 0.640625 0.2228637413394919 0.0265625 0.19630484988452657
0 0.143359375 0.5577367205542725 0.04140625 0.26558891454965355
0 0.646484375 0.43071593533487296 0.06328125 0.2471131639722864
0 0.43515625 0.8764434180138568 0.0390625 0.2471131639722864
0 0.777734375 0.3325635103926097 0.05234375 0.27251732101616627
0 0.356640625 0.9330254041570438 0.08515625 0.13394919168591224
0 0.747265625 0.49884526558891457 0.05234375 0.2817551963048499
0 0.24453125 0.24595842956120093 0.04375 0.21478060046189376
0 0.513671875 0.3406466512702079 0.05703125 0.25635103926096997
1 0.037109375 0.40300230946882215 0.04296875 0.26096997690531176
0 0.66953125 0.26674364896073904 0.046875 0.2748267898383372
0 0.7125 0.44226327944572746 0.053125 0.2702078521939954
0 0.64375 0.7586605080831409 0.0515625 0.2748267898383372
0 0.281640625 0.3163972286374134 0.04296875 0.22170900692840648
0 0.57734375 0.44226327944572746 0.0671875 0.2748267898383372