0 0.42421875 0.2759815242494226 0.0453125 0.20092378752886836
0 0.8734375 0.1789838337182448 0.05625 0.26096997690531176
0 0.397265625 0.21709006928406466 0.06015625 0.27713625866050806
0 0.430859375 0.4676674364896074 0.05703125 0.24249422632794457
0 0.3640625 0.45958429561200925 0.059375 0.2863741339491917
0 0.307421875 0.687066974595843 0.08359375 0.3441108545034642
0 0.899609375 0.10854503464203233 0.05546875 0.21709006928406466
0 0.511328125 0.3441108545034642 0.06484375 0.3002309468822171
0 0.466015625 0.3683602771362587 0.05390625 0.3302540415704388
0 0.40859375 0.5161662817551963 0.0578125 0.302540415704388
0 0.838671875 0.8695150115473441 0.08671875 0.26096997690531176
0 0.941796875 0.6108545034642032 0.06328125 0.3163972286374134
0 0.212890625 0.36027713625866054 0.06796875 0.3002309468822171