0 0.32890625 0.7434514637904468 0.04739583333333333 0.24191063174114022
1 0.00859375 0.09244992295839753 0.0171875 0.18489984591679506
0 0.3419270833333333 0.5793528505392912 0.03697916666666667 0.18489984591679506
0 0.3997395833333333 0.7981510015408321 0.06302083333333333 0.24345146379044685
0 0.8276041666666667 0.9499229583975347 0.04895833333333333 0.10015408320493066
0 0.49270833333333336 0.060092449922958396 0.04791666666666667 0.12018489984591679
0 0.41692708333333334 0.28197226502311246 0.05677083333333333 0.20030816640986132
0 0.35520833333333335 0.3667180277349769 0.04583333333333333 0.23112480739599384
0 0.3020833333333333 0.5847457627118644 0.059375 0.23266563944530047
0 0.38046875 0.4622496147919877 0.049479166666666664 0.26810477657935283
0 0.6067708333333334 0.05084745762711865 0.04791666666666667 0.1016949152542373
0 0.34661458333333334 0.8197226502311248 0.0671875 0.26810477657935283
0 0.2908854166666667 0.4399075500770416 0.034895833333333334 0.2542372881355932
0 0.17552083333333332 0.39599383667180277 0.053125 0.2465331278890601
0 0.24661458333333333 0.6294298921417566 0.0609375 0.2696456086286595
0 0.84453125 0.7349768875192604 0.03802083333333333 0.24345146379044685
0 0.6111979166666667 0.6224961479198767 0.04635416666666667 0.2588597842835131
1 0.73984375 0.5007704160246533 0.0390625 0.28659476117103233
0 0.665625 0.35208012326656396 0.046875 0.23266563944530047
0 0.434375 0.4391371340523883 0.06875 0.2218798151001541
0 0.696875 0.08243451463790447 0.03333333333333333 0.16486902927580893