0 0.6078125 0.4423963133640553 0.053125 0.15668202764976957
0 0.6125 0.5990783410138248 0.0375 0.2119815668202765
0 0.78828125 0.46774193548387094 0.0390625 0.3271889400921659
0 0.58671875 0.5460829493087558 0.0515625 0.1889400921658986
0 0.6546875 0.6428571428571429 0.08125 0.2626728110599078
0 0.65078125 0.7626728110599078 0.0671875 0.22580645161290322
0 0.36484375 0.3778801843317972 0.0234375 0.31336405529953915
0 0.621875 0.37327188940092165 0.06875 0.20276497695852536
0 0.5125 0.6497695852534562 0.05 0.2119815668202765
0 0.5328125 0.8248847926267281 0.034375 0.34101382488479265
0 0.69765625 0.3870967741935484 0.0328125 0.25806451612903225
0 0.384375 0.7258064516129032 0.028125 0.33640552995391704
0 0.23203125 0.02304147465437788 0.0328125 0.04608294930875576
0 0.2390625 0.17511520737327188 0.03125 0.25806451612903225
0 0.29609375 0.3686635944700461 0.0296875 0.2488479262672811
0 0.48359375 0.29493087557603687 0.0671875 0.23963133640552994
0 0.496875 0.4700460829493088 0.059375 0.23963133640552994
0 0.58125 0.18202764976958524 0.065625 0.2626728110599078