0 0.315625 0.543778801843318 0.03125 0.2488479262672811
0 0.3046875 0.4861751152073733 0.0375 0.2350230414746544
0 0.3609375 0.20506912442396313 0.03125 0.17050691244239632
0 0.32265625 0.2557603686635945 0.0609375 0.24423963133640553
0 0.540625 0.08064516129032258 0.034375 0.16129032258064516
0 0.65859375 0.8732718894009217 0.0421875 0.1889400921658986
0 0.35390625 0.39400921658986177 0.0515625 0.24423963133640553
0 0.43203125 0.2764976958525346 0.0421875 0.2488479262672811
0 0.4046875 0.4147465437788018 0.05 0.23963133640552994
0 0.6640625 0.6221198156682027 0.046875 0.20276497695852536
0 0.23359375 0.34101382488479265 0.0390625 0.25806451612903225
0 0.55 0.23963133640552994 0.053125 0.23963133640552994
0 0.88359375 0.1313364055299539 0.0359375 0.21658986175115208
0 0.7328125 0.847926267281106 0.05625 0.2304147465437788
0 0.85546875 0.5253456221198156 0.0515625 0.2304147465437788
0 0.61484375 0.09216589861751152 0.0359375 0.18433179723502305