0 0.44296875 0.484375 0.0484375 0.0640625
0 0.42421875 0.38046875 0.0484375 0.05546875
0 0.4265625 0.3484375 0.053125 0.06953125
0 0.53359375 0.45 0.0515625 0.071875
0 0.53125 0.521875 0.05625 0.0890625
0 0.46796875 0.46640625 0.0515625 0.09453125
0 0.421875 0.4359375 0.046875 0.1
0 0.43515625 0.546875 0.0515625 0.10546875
0 0.45234375 0.57890625 0.0453125 0.10859375
0 0.5484375 0.62109375 0.040625 0.153125
0 0.715625 0.19609375 0.025 0.14140625
0 0.5171875 0.41953125 0.053125 0.09453125
0 0.50234375 0.31796875 0.0390625 0.11953125
0 0.7125 0.6890625 0.0375 0.178125
0 0.1046875 0.4609375 0.040625 0.15546875
0 0.84375 0.49453125 0.059375 0.15546875
0 0.68671875 0.3515625 0.0453125 0.15859375
0 0.27890625 0.53046875 0.0453125 0.121875
0 0.36953125 0.26640625 0.0578125 0.121875