0 0.36875 0.40703125 0.04375 0.053125
0 0.34765625 0.4625 0.0390625 0.08046875
0 0.4328125 0.5375 0.059375 0.075
0 0.42890625 0.60859375 0.0390625 0.13359375
0 0.5890625 0.56953125 0.0375 0.11640625
0 0.53828125 0.390625 0.0421875 0.103125
0 0.5890625 0.47109375 0.040625 0.11953125
0 0.384375 0.49140625 0.05 0.09453125
0 0.9484375 0.58203125 0.03125 0.153125
0 0.45234375 0.47890625 0.0578125 0.09140625
0 0.346875 0.60546875 0.05 0.10546875
0 0.21796875 0.4859375 0.0421875 0.1
0 0.44453125 0.39140625 0.0515625 0.0890625
0 0.59296875 0.6875 0.0328125 0.146875
0 0.8328125 0.309375 0.034375 0.1140625
0 0.69921875 0.121875 0.0265625 0.10546875
0 0.11796875 0.47109375 0.0390625 0.125
0 0.30390625 0.671875 0.0578125 0.14453125
0 0.41015625 0.121875 0.0453125 0.10546875