0 0.88984375 0.865625 0.06328125 0.25390625
0 0.8453125 0.5578125 0.05703125 0.29609375
0 0.721875 0.546875 0.07265625 0.21796875
0 0.70390625 0.71640625 0.078125 0.0890625
0 0.6484375 0.65078125 0.0671875 0.33203125
0 0.59921875 0.6328125 0.04453125 0.21015625
0 0.559375 0.575 0.07109375 0.29765625
0 0.49453125 0.64296875 0.05546875 0.228125
0 0.60390625 0.79453125 0.0578125 0.14609375
0 0.40234375 0.7203125 0.059375 0.3078125
0 0.40390625 0.49375 0.05078125 0.16796875
0 0.24921875 0.59296875 0.04609375 0.30078125
0 0.20234375 0.615625 0.03671875 0.26171875
0 0.0734375 0.72890625 0.0640625 0.35234375
0 0.2375 0.81015625 0.0859375 0.1265625
0 0.29453125 0.7421875 0.05390625 0.24921875
1 0.17890625 0.2046875 0.03515625 0.24609375
0 0.11328125 0.653125 0.05390625 0.09375