0 0.2375 0.6682027649769585 0.03125 0.1935483870967742
0 0.4 0.6728110599078341 0.05 0.16589861751152074
0 0.375 0.8133640552995391 0.04375 0.17050691244239632
0 0.396875 0.9147465437788018 0.0625 0.16129032258064516
0 0.37265625 0.6013824884792627 0.0421875 0.1336405529953917
0 0.3796875 0.716589861751152 0.046875 0.0967741935483871
0 0.52421875 0.06682027649769585 0.0203125 0.1336405529953917
0 0.60703125 0.3294930875576037 0.0359375 0.2073732718894009
0 0.5453125 0.9354838709677419 0.025 0.12903225806451613
0 0.24453125 0.7880184331797235 0.0390625 0.20276497695852536
0 0.89140625 0.7741935483870968 0.0328125 0.23963133640552994
1 0.70390625 0.5046082949308756 0.0296875 0.2073732718894009
0 0.35078125 0.5345622119815668 0.0515625 0.16589861751152074
0 0.83671875 0.2119815668202765 0.0265625 0.20276497695852536
0 0.44453125 0.43317972350230416 0.0515625 0.16589861751152074
0 0.471875 0.7764976958525346 0.059375 0.17050691244239632
0 0.44453125 0.6175115207373272 0.0421875 0.16589861751152074
0 0.33828125 0.21658986175115208 0.0484375 0.16589861751152074
0 0.60703125 0.6382488479262672 0.0390625 0.1889400921658986
0 0.4921875 0.9170506912442397 0.05625 0.16589861751152074