0 0.4796875 0.4032258064516129 0.04375 0.17972350230414746
0 0.5234375 0.2903225806451613 0.05 0.15668202764976957
0 0.5828125 0.32027649769585254 0.05625 0.16129032258064516
0 0.3109375 0.2695852534562212 0.040625 0.2350230414746544
0 0.7375 0.271889400921659 0.04375 0.2672811059907834
0 0.5671875 0.39400921658986177 0.0625 0.17972350230414746
0 0.4421875 0.45852534562211983 0.05625 0.19815668202764977
0 0.52421875 0.49539170506912444 0.0765625 0.1889400921658986
0 0.71328125 0.1497695852534562 0.0421875 0.21658986175115208
0 0.76796875 0.020737327188940093 0.0328125 0.041474654377880185
0 0.2625 0.3663594470046083 0.046875 0.24423963133640553
0 0.609375 0.2626728110599078 0.05 0.1935483870967742
1 0.8359375 0.3640552995391705 0.04375 0.2488479262672811
0 0.72109375 0.39400921658986177 0.0515625 0.2534562211981567
0 0.784375 0.5668202764976958 0.05625 0.2857142857142857
0 0.546875 0.08986175115207373 0.046875 0.17972350230414746
0 0.69765625 0.8778801843317973 0.0546875 0.2073732718894009
0 0.21875 0.880184331797235 0.071875 0.23963133640552994