0 0.4734375 0.2557603686635945 0.05 0.2626728110599078
0 0.6234375 0.22811059907834103 0.034375 0.15207373271889402
0 0.58671875 0.19815668202764977 0.0328125 0.2119815668202765
0 0.5578125 0.22811059907834103 0.040625 0.2350230414746544
0 0.5046875 0.39400921658986177 0.04375 0.28110599078341014
0 0.4578125 0.08064516129032258 0.046875 0.16129032258064516
0 0.53359375 0.3087557603686636 0.0578125 0.22119815668202766
0 0.6484375 0.20506912442396313 0.0375 0.2350230414746544
0 0.52265625 0.5576036866359447 0.0484375 0.29493087557603687
0 0.403125 0.423963133640553 0.05625 0.25806451612903225
0 0.98125 0.041474654377880185 0.0375 0.08294930875576037
0 0.43515625 0.37327188940092165 0.0484375 0.25806451612903225
0 0.61796875 0.35944700460829493 0.0421875 0.2672811059907834
0 0.84921875 0.9055299539170507 0.0390625 0.14285714285714285
1 0.80859375 0.3663594470046083 0.0390625 0.28110599078341014
0 0.375 0.37327188940092165 0.053125 0.2672811059907834
0 0.81875 0.02534562211981567 0.034375 0.05069124423963134