0 0.484375 0.195852534562212 0.053125 0.1889400921658986
0 0.56484375 0.11290322580645161 0.0703125 0.1889400921658986
0 0.54375 0.22119815668202766 0.059375 0.16589861751152074
0 0.45546875 0.1175115207373272 0.0515625 0.10599078341013825
0 0.56484375 0.32027649769585254 0.0609375 0.16129032258064516
0 0.45703125 0.059907834101382486 0.0515625 0.11981566820276497
0 0.290625 0.14746543778801843 0.046875 0.2672811059907834
0 0.66953125 0.0944700460829493 0.0390625 0.1889400921658986
0 0.6078125 0.3870967741935484 0.053125 0.22119815668202766
0 0.81484375 0.5414746543778802 0.0546875 0.271889400921659
0 0.66875 0.1935483870967742 0.0625 0.23963133640552994
0 0.43515625 0.25806451612903225 0.0546875 0.2119815668202765
0 0.88125 0.027649769585253458 0.040625 0.055299539170506916
0 0.93046875 0.9009216589861752 0.0640625 0.17972350230414746
0 0.359375 0.9216589861751152 0.084375 0.15668202764976957
1 0.815625 0.14055299539170507 0.04375 0.2350230414746544
0 0.37265625 0.315668202764977 0.0484375 0.21658986175115208
0 0.2921875 0.6013824884792627 0.071875 0.28110599078341014