0 0.42578125 0.4861751152073733 0.0484375 0.2534562211981567
0 0.4171875 0.315668202764977 0.040625 0.17972350230414746
0 0.4 0.7649769585253456 0.06875 0.31336405529953915
0 0.36484375 0.27419354838709675 0.0515625 0.3087557603686636
0 0.34921875 0.06221198156682028 0.0390625 0.12442396313364056
0 0.4328125 0.5852534562211982 0.059375 0.23963133640552994
0 0.36796875 0.716589861751152 0.0671875 0.271889400921659
0 0.184375 0.5276497695852534 0.053125 0.271889400921659
0 0.23515625 0.5138248847926268 0.0515625 0.21658986175115208
0 0.2140625 0.3225806451612903 0.0625 0.2119815668202765
0 0.47578125 0.5967741935483871 0.0578125 0.2626728110599078
0 0.684375 0.02304147465437788 0.028125 0.04608294930875576
0 0.62421875 0.9447004608294931 0.0484375 0.11059907834101383
0 0.615625 0.6152073732718893 0.04375 0.2626728110599078
0 0.6734375 0.43548387096774194 0.05 0.2534562211981567
0 0.90390625 0.9723502304147466 0.0515625 0.055299539170506916
0 0.52890625 0.5184331797235023 0.0484375 0.2903225806451613