0 0.27578125 0.5414746543778802 0.0234375 0.17972350230414746
0 0.48125 0.6797235023041475 0.0625 0.1889400921658986
0 0.2828125 0.6059907834101382 0.025 0.21658986175115208
0 0.3984375 0.631336405529954 0.040625 0.22119815668202766
0 0.48515625 0.5576036866359447 0.0328125 0.15668202764976957
0 0.37890625 0.49078341013824883 0.0359375 0.12442396313364056
0 0.6265625 0.6935483870967742 0.021875 0.1889400921658986
0 0.440625 0.46774193548387094 0.046875 0.10599078341013825
0 0.45078125 0.2764976958525346 0.0265625 0.16589861751152074
0 0.3671875 0.4377880184331797 0.040625 0.1382488479262673
0 0.36328125 0.03225806451612903 0.0265625 0.06451612903225806
0 0.396875 0.21428571428571427 0.03125 0.14285714285714285
0 0.590625 0.10368663594470046 0.01875 0.17050691244239632
0 0.3171875 0.20967741935483872 0.0375 0.15207373271889402
0 0.309375 0.029953917050691243 0.0375 0.059907834101382486
0 0.42578125 0.38018433179723504 0.0515625 0.1152073732718894
0 0.325 0.2926267281105991 0.05 0.16129032258064516
0 0.4546875 0.9723502304147466 0.059375 0.055299539170506916