0 0.653125 0.3387096774193548 0.053125 0.1336405529953917
0 0.6640625 0.29493087557603687 0.053125 0.11981566820276497
0 0.57265625 0.3248847926267281 0.0484375 0.1336405529953917
0 0.5546875 0.38940092165898615 0.05625 0.12442396313364056
0 0.6078125 0.4631336405529954 0.053125 0.15207373271889402
0 0.65 0.5668202764976958 0.05625 0.2119815668202765
0 0.44765625 0.4216589861751152 0.0421875 0.21658986175115208
0 0.46328125 0.5368663594470046 0.0484375 0.2350230414746544
0 0.5453125 0.49539170506912444 0.059375 0.16129032258064516
0 0.5375 0.6589861751152074 0.065625 0.16589861751152074
0 0.10390625 0.2488479262672811 0.0265625 0.25806451612903225
0 0.471875 0.10138248847926268 0.028125 0.20276497695852536
0 0.88203125 0.44930875576036866 0.0453125 0.22580645161290322
0 0.70078125 0.11059907834101383 0.0671875 0.1935483870967742
0 0.6203125 0.956221198156682 0.065625 0.08755760368663594
0 0.38984375 0.23732718894009217 0.0390625 0.22580645161290322
0 0.47265625 0.956221198156682 0.0453125 0.08755760368663594