0 0.56015625 0.1175115207373272 0.0296875 0.17050691244239632
0 0.39765625 0.18202764976958524 0.0453125 0.21658986175115208
0 0.50390625 0.07834101382488479 0.0546875 0.15668202764976957
0 0.1890625 0.020737327188940093 0.025 0.041474654377880185
0 0.559375 0.03456221198156682 0.04375 0.06912442396313365
0 0.59921875 0.26036866359447003 0.0359375 0.21658986175115208
0 0.534375 0.23271889400921658 0.046875 0.21658986175115208
0 0.5703125 0.47235023041474655 0.059375 0.1889400921658986
0 0.54765625 0.3064516129032258 0.0578125 0.22580645161290322
0 0.51015625 0.15898617511520738 0.0734375 0.17972350230414746
0 0.63203125 0.1152073732718894 0.0359375 0.20276497695852536
0 0.83515625 0.1382488479262673 0.0578125 0.1935483870967742
0 0.590625 0.04838709677419355 0.040625 0.0967741935483871
0 0.5171875 0.9009216589861752 0.065625 0.19815668202764977
0 0.71640625 0.15207373271889402 0.0671875 0.1935483870967742
0 0.02734375 0.8986175115207373 0.0515625 0.20276497695852536
0 0.34296875 0.4308755760368664 0.0359375 0.22580645161290322