0 0.48046875 0.5415704387990762 0.0390625 0.16859122401847576
0 0.491796875 0.3325635103926097 0.04140625 0.10623556581986143
0 0.44453125 0.5277136258660509 0.046875 0.12240184757505773
0 0.509765625 0.5046189376443418 0.04609375 0.17782909930715934
0 0.2984375 0.4168591224018476 0.03125 0.28868360277136257
1 0.02265625 0.27713625866050806 0.04375 0.21247113163972287
0 0.49140625 0.407621247113164 0.0484375 0.10854503464203233
0 0.519140625 0.7286374133949192 0.07734375 0.17782909930715934
0 0.43671875 0.6547344110854504 0.053125 0.17782909930715934
0 0.564453125 0.5889145496535797 0.07109375 0.17551963048498845
0 0.621875 0.30484988452655887 0.065625 0.15242494226327943
0 0.580859375 0.4745958429561201 0.05703125 0.15935334872979215
0 0.74453125 0.15011547344110854 0.0296875 0.23556581986143188
0 0.88984375 0.4122401847575058 0.04375 0.2748267898383372
0 0.769140625 0.6293302540415704 0.04453125 0.2517321016166282
0 0.313671875 0.9468822170900693 0.07265625 0.10623556581986143
0 0.5234375 0.11085450346420324 0.059375 0.21709006928406466