0 0.71328125 0.3248847926267281 0.0390625 0.2073732718894009
0 0.578125 0.4608294930875576 0.046875 0.18433179723502305
0 0.59609375 0.24193548387096775 0.0390625 0.12442396313364056
0 0.5 0.35714285714285715 0.065625 0.16129032258064516
0 0.58984375 0.3087557603686636 0.0453125 0.11059907834101383
0 0.5203125 0.17972350230414746 0.03125 0.18433179723502305
0 0.48671875 0.2465437788018433 0.0484375 0.1889400921658986
0 0.725 0.44930875576036866 0.04375 0.22580645161290322
0 0.6375 0.23963133640552994 0.0375 0.20276497695852536
0 0.31015625 0.029953917050691243 0.0390625 0.059907834101382486
0 0.44453125 0.3271889400921659 0.0359375 0.23963133640552994
0 0.11640625 0.9769585253456221 0.0484375 0.04608294930875576
0 0.29296875 0.3548387096774194 0.0296875 0.23963133640552994
0 0.4921875 0.532258064516129 0.059375 0.22580645161290322
0 0.31640625 0.6082949308755761 0.0421875 0.2304147465437788
0 0.615625 0.6981566820276498 0.0625 0.22580645161290322
0 0.60859375 0.03225806451612903 0.0484375 0.06451612903225806