0 0.45546875 0.4423963133640553 0.0515625 0.30414746543778803
0 0.459375 0.5599078341013825 0.046875 0.3548387096774194
0 0.7890625 0.3986175115207373 0.05 0.271889400921659
0 0.8265625 0.7004608294930875 0.059375 0.35944700460829493
1 0.909375 0.18433179723502305 0.046875 0.29493087557603687
0 0.6609375 0.5092165898617511 0.071875 0.31797235023041476
0 0.53671875 0.5783410138248848 0.0671875 0.2995391705069124
1 0.10390625 0.4700460829493088 0.0421875 0.30414746543778803
0 0.76640625 0.6221198156682027 0.0765625 0.3686635944700461
0 0.89375 0.5898617511520737 0.05625 0.34101382488479265
0 0.35546875 0.6705069124423964 0.0546875 0.3640552995391705