0 0.271875 0.47113163972286376 0.040625 0.13856812933025403
0 0.44921875 0.3441108545034642 0.0359375 0.22632794457274827
0 0.27265625 0.6478060046189377 0.046875 0.34872979214780603
0 0.21328125 0.4722863741339492 0.0609375 0.3163972286374134
0 0.355078125 0.5993071593533488 0.04453125 0.302540415704388
0 0.365625 0.40300230946882215 0.046875 0.20092378752886836
0 0.404296875 0.5496535796766744 0.05078125 0.2817551963048499
0 0.15078125 0.5773672055427251 0.05625 0.3371824480369515
0 0.576953125 0.3406466512702079 0.05078125 0.2840646651270208
0 0.181640625 0.871824480369515 0.06171875 0.25635103926096997
0 0.31953125 0.6836027713625866 0.0640625 0.36027713625866054
0 0.665234375 0.3094688221709007 0.05390625 0.2632794457274827
1 0.448828125 0.07159353348729793 0.05703125 0.14318706697459585
0 0.065234375 0.6096997690531177 0.07421875 0.3418013856812933
0 0.573046875 0.6939953810623557 0.05546875 0.279445727482679