0 0.62578125 0.6013824884792627 0.1015625 0.22580645161290322
0 0.4625 0.4400921658986175 0.05 0.17972350230414746
0 0.24375 0.6036866359447005 0.065625 0.2488479262672811
0 0.54140625 0.4861751152073733 0.0609375 0.28110599078341014
0 0.91171875 0.48847926267281105 0.0609375 0.3225806451612903
0 0.48984375 0.26036866359447003 0.0515625 0.1889400921658986
0 0.815625 0.5599078341013825 0.053125 0.271889400921659
0 0.79921875 0.8248847926267281 0.0546875 0.34101382488479265
0 0.91640625 0.23732718894009217 0.0734375 0.2626728110599078
0 0.6296875 0.41013824884792627 0.078125 0.2304147465437788
0 0.64140625 0.804147465437788 0.0859375 0.28110599078341014
0 0.3078125 0.3617511520737327 0.06875 0.271889400921659
0 0.6515625 0.26497695852534564 0.0875 0.271889400921659
0 0.75390625 0.3663594470046083 0.0796875 0.2903225806451613