0 0.5640625 0.3686635944700461 0.05625 0.1382488479262673
0 0.71875 0.2995391705069124 0.028125 0.17511520737327188
0 0.58984375 0.3087557603686636 0.0484375 0.11981566820276497
0 0.46328125 0.2995391705069124 0.0328125 0.23963133640552994
0 0.59296875 0.24193548387096775 0.0453125 0.12442396313364056
0 0.57890625 0.4608294930875576 0.0484375 0.17511520737327188
0 0.4984375 0.3709677419354839 0.053125 0.1336405529953917
0 0.725 0.4470046082949309 0.04375 0.2304147465437788
0 0.31171875 0.029953917050691243 0.0390625 0.059907834101382486
0 0.48828125 0.5161290322580645 0.0515625 0.2488479262672811
0 0.6375 0.23732718894009217 0.0375 0.2073732718894009
0 0.11640625 0.9723502304147466 0.0484375 0.055299539170506916
0 0.2921875 0.3617511520737327 0.03125 0.2350230414746544
0 0.31484375 0.5829493087557603 0.0390625 0.24423963133640553
0 0.5125 0.18433179723502305 0.040625 0.1935483870967742
0 0.60859375 0.029953917050691243 0.0484375 0.059907834101382486
0 0.615625 0.6935483870967742 0.0625 0.22580645161290322