0 0.597265625 0.28752886836027713 0.04921875 0.11778290993071594
0 0.587109375 0.19168591224018475 0.05234375 0.14318706697459585
0 0.580078125 0.4006928406466513 0.04921875 0.17321016166281755
0 0.634375 0.49653579676674364 0.0640625 0.23556581986143188
0 0.48046875 0.26558891454965355 0.075 0.14780600461893764
0 0.373046875 0.3071593533487298 0.03359375 0.2678983833718245
0 0.343359375 0.19399538106235567 0.03203125 0.2817551963048499
0 0.579296875 0.7401847575057737 0.05078125 0.2517321016166282
0 0.498828125 0.39838337182448036 0.07734375 0.17782909930715934
0 0.458203125 0.12124711316397228 0.05859375 0.19168591224018475
0 0.5578125 0.5727482678983834 0.0734375 0.19861431870669746
0 0.769140625 0.325635103926097 0.04609375 0.27713625866050806
0 0.734765625 0.7147806004618937 0.06953125 0.2702078521939954
0 0.722265625 0.25635103926096997 0.04765625 0.24018475750577367