0 0.59765625 0.4308755760368664 0.0328125 0.19815668202764977
0 0.61640625 0.3433179723502304 0.0390625 0.12442396313364056
0 0.5515625 0.6152073732718893 0.059375 0.16129032258064516
0 0.59375 0.6612903225806451 0.059375 0.2073732718894009
0 0.54296875 0.41935483870967744 0.0640625 0.17511520737327188
0 0.64375 0.5161290322580645 0.065625 0.2119815668202765
0 0.2765625 0.9354838709677419 0.034375 0.12903225806451613
0 0.64609375 0.30184331797235026 0.0484375 0.17050691244239632
0 0.54609375 0.2672811059907834 0.0671875 0.12903225806451613
0 0.74375 0.4078341013824885 0.05 0.22580645161290322
0 0.25859375 0.6221198156682027 0.0359375 0.2304147465437788
0 0.62109375 0.12442396313364056 0.0421875 0.16589861751152074
0 0.61328125 0.9147465437788018 0.0484375 0.17050691244239632
0 0.240625 0.2880184331797235 0.028125 0.21658986175115208
0 0.32265625 0.09907834101382489 0.0265625 0.17972350230414746
0 0.64453125 0.055299539170506916 0.0421875 0.11059907834101383
0 0.4234375 0.2764976958525346 0.034375 0.20276497695852536