0 0.48828125 0.2695852534562212 0.0390625 0.14285714285714285
0 0.5625 0.3433179723502304 0.05 0.19815668202764977
0 0.57734375 0.32027649769585254 0.0390625 0.17050691244239632
0 0.49453125 0.2073732718894009 0.0421875 0.14746543778801843
0 0.44375 0.6566820276497696 0.053125 0.2626728110599078
0 0.44140625 0.19815668202764977 0.0359375 0.17511520737327188
0 0.6859375 0.4631336405529954 0.0375 0.2073732718894009
0 0.54375 0.3986175115207373 0.05 0.19815668202764977
0 0.32734375 0.8986175115207373 0.0484375 0.20276497695852536
0 0.42421875 0.8870967741935484 0.0671875 0.22580645161290322
0 0.5359375 0.5967741935483871 0.059375 0.2350230414746544
0 0.409375 0.31105990783410137 0.059375 0.21658986175115208
0 0.45078125 0.3778801843317972 0.0703125 0.20276497695852536
0 0.44609375 0.5414746543778802 0.0703125 0.21658986175115208
0 0.678125 0.6129032258064516 0.04375 0.2119815668202765
0 0.32734375 0.7004608294930875 0.0734375 0.2672811059907834
0 0.48359375 0.018433179723502304 0.0296875 0.03686635944700461