0 0.63828125 0.5806451612903226 0.0421875 0.2119815668202765
0 0.61640625 0.543778801843318 0.0359375 0.16589861751152074
0 0.52578125 0.37327188940092165 0.0671875 0.1382488479262673
0 0.621875 0.37327188940092165 0.034375 0.1382488479262673
0 0.6046875 0.4078341013824885 0.0375 0.12442396313364056
0 0.5921875 0.5138248847926268 0.034375 0.1889400921658986
0 0.66484375 0.6566820276497696 0.0421875 0.2073732718894009
0 0.3140625 0.05069124423963134 0.03125 0.10138248847926268
0 0.2 0.9654377880184332 0.04375 0.06912442396313365
0 0.140625 0.27880184331797236 0.040625 0.1889400921658986
0 0.75859375 0.47465437788018433 0.0390625 0.2304147465437788
0 0.64375 0.3640552995391705 0.040625 0.18433179723502305
0 0.54296875 0.5599078341013825 0.0640625 0.16129032258064516
0 0.5234375 0.44930875576036866 0.06875 0.17972350230414746
0 0.61640625 0.1935483870967742 0.0546875 0.17511520737327188
0 0.5625 0.04608294930875576 0.04375 0.09216589861751152
0 0.54453125 0.6866359447004609 0.0765625 0.14746543778801843
0 0.3296875 0.5184331797235023 0.034375 0.21658986175115208
0 0.3546875 0.7188940092165899 0.034375 0.22119815668202766
0 0.37890625 0.2350230414746544 0.0296875 0.1935483870967742
0 0.65234375 0.9470046082949308 0.0671875 0.10599078341013825