0 0.54921875 0.1359447004608295 0.0234375 0.2073732718894009
0 0.50703125 0.16589861751152074 0.0296875 0.14746543778801843
0 0.50859375 0.2857142857142857 0.0390625 0.1382488479262673
0 0.54140625 0.4308755760368664 0.0546875 0.14285714285714285
0 0.46640625 0.5299539170506913 0.0421875 0.20276497695852536
0 0.57109375 0.6082949308755761 0.0609375 0.14746543778801843
0 0.7203125 0.052995391705069124 0.028125 0.10599078341013825
0 0.5875 0.4608294930875576 0.034375 0.2304147465437788
0 0.53828125 0.2995391705069124 0.0328125 0.1382488479262673
0 0.33984375 0.21889400921658986 0.0265625 0.2073732718894009
0 0.40859375 0.1543778801843318 0.0296875 0.1889400921658986
0 0.43046875 0.2995391705069124 0.0515625 0.16589861751152074
0 0.44609375 0.37557603686635943 0.0421875 0.1336405529953917
0 0.3109375 0.4009216589861751 0.040625 0.23963133640552994
0 0.34296875 0.4769585253456221 0.0390625 0.2073732718894009
0 0.378125 0.21889400921658986 0.05 0.1889400921658986
0 0.91328125 0.22580645161290322 0.0328125 0.2304147465437788
0 0.5359375 0.9631336405529954 0.053125 0.07373271889400922
0 0.68515625 0.9654377880184332 0.0453125 0.06912442396313365