0 0.403125 0.17050691244239632 0.040625 0.14746543778801843
0 0.37265625 0.10368663594470046 0.0453125 0.12442396313364056
0 0.3734375 0.2350230414746544 0.053125 0.18433179723502305
0 0.61640625 0.1728110599078341 0.0296875 0.2350230414746544
0 0.4796875 0.31336405529953915 0.0375 0.23963133640552994
0 0.62734375 0.4470046082949309 0.0359375 0.25806451612903225
0 0.46171875 0.14055299539170507 0.0484375 0.1152073732718894
0 0.3609375 0.4700460829493088 0.046875 0.2304147465437788
0 0.77734375 0.07373271889400922 0.0296875 0.14746543778801843
0 0.36328125 0.06682027649769585 0.0515625 0.1336405529953917
0 0.3109375 0.4861751152073733 0.0375 0.28110599078341014
0 0.58125 0.0944700460829493 0.028125 0.1889400921658986
0 0.40078125 0.8778801843317973 0.0640625 0.24423963133640553
0 0.52109375 0.8225806451612904 0.0359375 0.3087557603686636
0 0.44765625 0.03225806451612903 0.0453125 0.06451612903225806