0 0.96875 0.690625 0.059375 0.2359375
0 0.61484375 0.365625 0.0703125 0.196875
0 0.76328125 0.25546875 0.0546875 0.19453125
0 0.9859375 0.3609375 0.028125 0.2390625
0 0.65859375 0.3875 0.0953125 0.19140625
0 0.8125 0.36640625 0.08125 0.20546875
0 0.93125 0.4390625 0.075 0.21640625
0 0.50390625 0.80703125 0.0796875 0.19140625
0 0.84765625 0.6234375 0.0921875 0.23046875
0 0.3875 0.45546875 0.08125 0.16640625
0 0.4828125 0.53203125 0.078125 0.2140625
0 0.5703125 0.79140625 0.1 0.21640625
0 0.334375 0.5890625 0.075 0.221875
0 0.76328125 0.5609375 0.0890625 0.2109375