0 0.8078125 0.11059907834101383 0.034375 0.20276497695852536
0 0.7859375 0.052995391705069124 0.025 0.10599078341013825
0 0.4953125 0.24193548387096775 0.0375 0.19815668202764977
1 0.20234375 0.3248847926267281 0.0359375 0.22580645161290322
0 0.46875 0.5898617511520737 0.053125 0.1935483870967742
0 0.30703125 0.5506912442396313 0.0328125 0.2350230414746544
0 0.81484375 0.2880184331797235 0.0359375 0.2350230414746544
0 0.48515625 0.03456221198156682 0.0390625 0.06912442396313365
0 0.46953125 0.4078341013824885 0.0546875 0.17050691244239632
0 0.88046875 0.6774193548387096 0.0296875 0.2488479262672811
0 0.484375 0.12211981566820276 0.0375 0.17972350230414746
0 0.38828125 0.4608294930875576 0.0453125 0.2304147465437788
0 0.4796875 0.7119815668202765 0.0625 0.22580645161290322