0 0.458984375 0.17551963048498845 0.02734375 0.17551963048498845
0 0.505078125 0.27713625866050806 0.03359375 0.16628175519630484
0 0.4390625 0.1674364896073903 0.021875 0.15935334872979215
1 0.990234375 0.6235565819861432 0.01953125 0.2632794457274827
0 0.37578125 0.3302540415704388 0.03125 0.16166281755196305
0 0.5328125 0.2956120092378753 0.0296875 0.18475750577367206
0 0.464453125 0.371824480369515 0.03515625 0.17551963048498845
0 0.18671875 0.11893764434180139 0.034375 0.15935334872979215
0 0.35 0.40877598152424943 0.0328125 0.18013856812933027
1 0.947265625 0.06697459584295612 0.02265625 0.13394919168591224
0 0.41015625 0.4976905311778291 0.0359375 0.21016166281755197
0 0.58828125 0.4399538106235566 0.03125 0.22401847575057737
0 0.56171875 0.40300230946882215 0.0328125 0.17782909930715934
0 0.5203125 0.44341801385681295 0.0296875 0.18013856812933027
0 0.619921875 0.39260969976905313 0.03515625 0.17551963048498845
0 0.34765625 0.7655889145496536 0.0484375 0.22863741339491916
0 0.077734375 0.8267898383371824 0.03984375 0.21709006928406466