0 0.78203125 0.5669745958429562 0.153125 0.23787528868360278
0 0.445703125 0.4942263279445728 0.07734375 0.38799076212471134
0 0.63203125 0.046189376443418015 0.078125 0.09237875288683603
0 0.7984375 0.3348729792147806 0.1203125 0.4064665127020785
0 0.396484375 0.45842956120092376 0.07421875 0.5565819861431871
0 0.23203125 0.37759815242494227 0.1265625 0.28868360277136257
0 0.655859375 0.3394919168591224 0.11796875 0.6789838337182448
1 0.31484375 0.8452655889145496 0.090625 0.3094688221709007
0 0.598828125 0.27136258660508084 0.07734375 0.5427251732101617
0 0.5359375 0.43187066974595845 0.09375 0.5681293302540416
0 0.525 0.14434180138568128 0.1046875 0.28868360277136257