0 0.56484375 0.45852534562211983 0.0359375 0.17972350230414746
0 0.56640625 0.35253456221198154 0.0453125 0.17050691244239632
0 0.6 0.35714285714285715 0.053125 0.24423963133640553
0 0.2078125 0.04838709677419355 0.03125 0.0967741935483871
0 0.23203125 0.04838709677419355 0.0515625 0.0967741935483871
0 0.609375 0.5599078341013825 0.053125 0.2350230414746544
0 0.57421875 0.6013824884792627 0.0515625 0.2534562211981567
0 0.290625 0.14285714285714285 0.05625 0.16589861751152074
0 0.078125 0.03686635944700461 0.040625 0.07373271889400922
0 0.29765625 0.5069124423963134 0.0453125 0.23963133640552994
0 0.50390625 0.5460829493087558 0.0921875 0.17972350230414746
0 0.10625 0.9101382488479263 0.065625 0.17972350230414746
0 0.70234375 0.663594470046083 0.0609375 0.2488479262672811
0 0.51796875 0.35714285714285715 0.0578125 0.19815668202764977
0 0.77890625 0.4308755760368664 0.0546875 0.2626728110599078
0 0.65078125 0.6428571428571429 0.0765625 0.22580645161290322
0 0.278125 0.20506912442396313 0.06875 0.19815668202764977
0 0.4328125 0.10368663594470046 0.04375 0.2073732718894009