0 0.53828125 0.28110599078341014 0.0421875 0.17511520737327188
0 0.490625 0.0944700460829493 0.0375 0.1889400921658986
0 0.48671875 0.4216589861751152 0.0515625 0.21658986175115208
0 0.528125 0.5161290322580645 0.05625 0.25806451612903225
0 0.51484375 0.19815668202764977 0.0453125 0.1935483870967742
0 0.62421875 0.5691244239631337 0.0453125 0.22580645161290322
0 0.58203125 0.47465437788018433 0.0546875 0.2304147465437788
0 0.45546875 0.02534562211981567 0.0421875 0.05069124423963134
0 0.1015625 0.8755760368663594 0.046875 0.2488479262672811
0 0.73984375 0.35714285714285715 0.0390625 0.2626728110599078
0 0.2421875 0.07834101382488479 0.034375 0.15668202764976957
0 0.55859375 0.1175115207373272 0.0390625 0.19815668202764977
0 0.5796875 0.2995391705069124 0.05625 0.2119815668202765
0 0.60546875 0.2488479262672811 0.0390625 0.2119815668202765
0 0.41640625 0.09216589861751152 0.0359375 0.18433179723502305
0 0.69765625 0.4769585253456221 0.0453125 0.22580645161290322
0 0.36015625 0.5345622119815668 0.0390625 0.23963133640552994
0 0.4546875 0.8271889400921659 0.0625 0.2350230414746544