0 0.73515625 0.53203125 0.0421875 0.11953125
0 0.60390625 0.37109375 0.0359375 0.1140625
0 0.071875 0.0359375 0.046875 0.071875
0 0.64921875 0.4875 0.0546875 0.11953125
0 0.10234375 0.03203125 0.0453125 0.0640625
0 0.71640625 0.55 0.0484375 0.14453125
0 0.69375 0.40703125 0.0375 0.10859375
0 0.64921875 0.375 0.0421875 0.11640625
0 0.51796875 0.121875 0.0390625 0.10546875
0 0.29453125 0.11953125 0.0265625 0.1109375
0 0.18984375 0.3609375 0.0421875 0.10546875
0 0.0359375 0.55390625 0.05 0.125
0 0.80625 0.45390625 0.05625 0.153125
0 0.61796875 0.46953125 0.0609375 0.11640625