0 0.42421875 0.5046082949308756 0.0515625 0.2995391705069124
0 0.49375 0.3271889400921659 0.053125 0.16589861751152074
0 0.4375 0.315668202764977 0.053125 0.15207373271889402
0 0.5421875 0.1889400921658986 0.05 0.15668202764976957
0 0.40234375 0.3986175115207373 0.0796875 0.16129032258064516
0 0.425 0.0967741935483871 0.028125 0.1935483870967742
0 0.53203125 0.41935483870967744 0.0609375 0.2488479262672811
0 0.8078125 0.2926267281105991 0.0375 0.271889400921659
0 0.2296875 0.3433179723502304 0.03125 0.2995391705069124
0 0.59453125 0.3709677419354839 0.0390625 0.2903225806451613
0 0.534375 0.03917050691244239 0.053125 0.07834101382488479
0 0.30546875 0.5967741935483871 0.0359375 0.2995391705069124
0 0.59296875 0.6658986175115207 0.0609375 0.271889400921659
0 0.5046875 0.5898617511520737 0.059375 0.30414746543778803
0 0.296875 0.21889400921658986 0.05 0.2534562211981567