0 0.421875 0.62421875 0.06484375 0.159375
0 0.45 0.5203125 0.03203125 0.1234375
0 0.44453125 0.659375 0.0625 0.159375
0 0.6140625 0.48203125 0.0359375 0.125
0 0.7546875 0.325 0.040625 0.1390625
0 0.5390625 0.49296875 0.04453125 0.1359375
0 0.584375 0.403125 0.03671875 0.13046875
1 0.565625 0.175 0.03671875 0.125
0 0.98203125 0.325 0.0359375 0.128125
0 0.209375 0.428125 0.0515625 0.15703125
0 0.48125 0.54921875 0.04296875 0.165625
0 0.31171875 0.571875 0.0609375 0.13203125
0 0.53125 0.66015625 0.05859375 0.17109375
0 0.3859375 0.45703125 0.04765625 0.103125
0 0.7203125 0.72421875 0.04453125 0.16796875
0 0.49375 0.34921875 0.0390625 0.065625
0 0.4875 0.43046875 0.0328125 0.10703125
0 0.5109375 0.42578125 0.01953125 0.1015625