0 0.3640625 0.31755196304849886 0.03125 0.12240184757505773
0 0.348828125 0.42609699769053117 0.03828125 0.17782909930715934
1 0.984765625 0.07043879907621248 0.02421875 0.14087759815242495
0 0.35546875 0.5404157043879908 0.040625 0.19861431870669746
0 0.566015625 0.12702078521939955 0.02890625 0.15242494226327943
0 0.54921875 0.7575057736720554 0.065625 0.17551963048498845
0 0.566796875 0.45842956120092376 0.03984375 0.20554272517321015
0 0.508984375 0.5531177829099307 0.04296875 0.19630484988452657
0 0.490234375 0.41454965357967666 0.04296875 0.17782909930715934
0 0.4875 0.22863741339491916 0.040625 0.15704387990762125
0 0.280859375 0.12240184757505773 0.03046875 0.15242494226327943
0 0.637109375 0.37528868360277134 0.02734375 0.17321016166281755
0 0.66875 0.3833718244803695 0.025 0.21247113163972287
0 0.762890625 0.42032332563510394 0.03828125 0.17090069284064666
0 0.19375 0.8187066974595842 0.04375 0.20554272517321015