0 0.61953125 0.49078341013824883 0.0421875 0.17050691244239632
0 0.63984375 0.2511520737327189 0.0578125 0.1336405529953917
0 0.59921875 0.5783410138248848 0.0578125 0.1889400921658986
0 0.71171875 0.48847926267281105 0.0578125 0.22119815668202766
0 0.49375 0.32027649769585254 0.028125 0.2534562211981567
0 0.8625 0.37327188940092165 0.034375 0.25806451612903225
0 0.734375 0.28110599078341014 0.05 0.14746543778801843
1 0.31953125 0.37327188940092165 0.0265625 0.2488479262672811
0 0.63359375 0.33410138248847926 0.0671875 0.15207373271889402
0 0.53515625 0.1336405529953917 0.0328125 0.23963133640552994
0 0.75546875 0.5414746543778802 0.0421875 0.24423963133640553
0 0.72265625 0.34101382488479265 0.0484375 0.14746543778801843
0 0.2453125 0.08755760368663594 0.025 0.17511520737327188
0 0.73515625 0.8870967741935484 0.0359375 0.22580645161290322
0 0.09453125 0.6382488479262672 0.0328125 0.271889400921659
0 0.409375 0.631336405529954 0.028125 0.2857142857142857
0 0.44765625 0.880184331797235 0.0421875 0.23963133640552994
0 0.7 0.7465437788018433 0.04375 0.25806451612903225