0 0.47890625 0.5714285714285714 0.0515625 0.12903225806451613
0 0.4796875 0.652073732718894 0.04375 0.14285714285714285
0 0.25 0.7142857142857143 0.034375 0.16589861751152074
0 0.5015625 0.7649769585253456 0.046875 0.12903225806451613
0 0.39609375 0.6658986175115207 0.0453125 0.2073732718894009
0 0.47421875 0.43548387096774194 0.0484375 0.1889400921658986
0 0.43515625 0.6912442396313364 0.0546875 0.18433179723502305
0 0.24140625 0.8502304147465438 0.0484375 0.19815668202764977
0 0.3984375 0.532258064516129 0.04375 0.1336405529953917
0 0.45546875 0.8225806451612904 0.0609375 0.21658986175115208
1 0.7484375 0.6451612903225806 0.040625 0.2304147465437788
0 0.6234375 0.7142857142857143 0.04375 0.22119815668202766
0 0.52890625 0.8986175115207373 0.0546875 0.20276497695852536
0 0.44921875 0.027649769585253458 0.0359375 0.055299539170506916
0 0.578125 0.5691244239631337 0.05 0.2073732718894009
0 0.63203125 0.21889400921658986 0.0328125 0.2073732718894009
0 0.340625 0.5529953917050692 0.034375 0.1935483870967742
0 0.69453125 0.49539170506912444 0.0359375 0.2073732718894009
0 0.39140625 0.2672811059907834 0.0609375 0.18433179723502305
0 0.74765625 0.8940092165898618 0.0390625 0.2119815668202765
0 0.321875 0.018433179723502304 0.053125 0.03686635944700461