0 0.71484375 0.228125 0.0546875 0.10546875
0 0.68359375 0.35390625 0.0421875 0.19140625
0 0.2859375 0.4484375 0.065625 0.203125
0 0.5234375 0.5859375 0.05625 0.2390625
0 0.4703125 0.425 0.0625 0.2
0 0.56484375 0.553125 0.0609375 0.228125
0 0.5390625 0.39296875 0.0625 0.1859375
0 0.73046875 0.36640625 0.0640625 0.2109375
0 0.59375 0.375 0.065625 0.15
0 0.14609375 0.9359375 0.0609375 0.121875
0 0.63359375 0.55390625 0.0921875 0.21953125
0 0.11796875 0.528125 0.0546875 0.221875
0 0.3421875 0.44296875 0.071875 0.21953125
0 0.44140625 0.359375 0.0609375 0.18046875
0 0.40390625 0.321875 0.0765625 0.2