0 0.48203125 0.390625 0.0390625 0.075
0 0.353125 0.34140625 0.028125 0.0890625
0 0.484375 0.515625 0.04375 0.103125
0 0.57421875 0.54296875 0.0484375 0.10859375
1 0.4640625 0.1625 0.025 0.103125
0 0.3515625 0.43046875 0.0375 0.128125
0 0.49453125 0.584375 0.0484375 0.14140625
0 0.534375 0.48046875 0.040625 0.0890625
0 0.47578125 0.4515625 0.0515625 0.0859375
0 0.79296875 0.4640625 0.0359375 0.11640625
0 0.36171875 0.49453125 0.0390625 0.13359375
0 0.528125 0.2765625 0.04375 0.10859375
0 0.62265625 0.54296875 0.0359375 0.1359375
0 0.3734375 0.803125 0.040625 0.15546875
0 0.27265625 0.271875 0.0265625 0.1109375
0 0.628125 0.77890625 0.0625 0.1640625
0 0.659375 0.421875 0.0375 0.11640625
0 0.56171875 0.403125 0.0375 0.04140625
0 0.57578125 0.45546875 0.0359375 0.05546875
0 0.54921875 0.42890625 0.0265625 0.0359375