0 0.55859375 0.3456221198156682 0.0421875 0.08294930875576037
0 0.47890625 0.31797235023041476 0.0421875 0.12903225806451613
0 0.35078125 0.22811059907834103 0.0234375 0.15207373271889402
1 0.46484375 0.020737327188940093 0.0234375 0.041474654377880185
1 0.98828125 0.5875576036866359 0.0234375 0.2350230414746544
0 0.0125 0.5253456221198156 0.025 0.2304147465437788
0 0.35390625 0.3548387096774194 0.0328125 0.12903225806451613
0 0.53359375 0.4700460829493088 0.0390625 0.14746543778801843
0 0.4890625 0.6428571428571429 0.04375 0.2350230414746544
0 0.571875 0.576036866359447 0.05 0.17511520737327188
0 0.47578125 0.423963133640553 0.0515625 0.1382488479262673
0 0.3140625 0.1336405529953917 0.028125 0.18433179723502305
0 0.3578125 0.4861751152073733 0.034375 0.22580645161290322
0 0.625 0.45622119815668205 0.034375 0.20276497695852536
0 0.78671875 0.4447004608294931 0.0359375 0.1889400921658986
0 0.6546875 0.37327188940092165 0.0375 0.1935483870967742
0 0.52734375 0.14055299539170507 0.0421875 0.17050691244239632
0 0.378125 0.9354838709677419 0.040625 0.12903225806451613
0 0.62578125 0.9101382488479263 0.0609375 0.17972350230414746