0 0.05 0.6720554272517321 0.0953125 0.6558891454965358
0 0.462890625 0.8025404157043879 0.06640625 0.394919168591224
0 0.80625 0.789838337182448 0.10625 0.42032332563510394
0 0.3984375 0.8695150115473441 0.1265625 0.26096997690531176
0 0.43125 0.47575057736720555 0.1765625 0.3648960739030023
0 0.5140625 0.8221709006928406 0.1078125 0.3556581986143187
0 0.503515625 0.3244803695150115 0.12265625 0.5704387990762124
0 0.07109375 0.23672055427251731 0.1078125 0.47344110854503463
0 0.60234375 0.2471131639722864 0.125 0.4942263279445728
0 0.19140625 0.3279445727482679 0.13125 0.6558891454965358
0 0.8609375 0.384526558891455 0.1 0.76905311778291
0 0.799609375 0.3094688221709007 0.09765625 0.605080831408776
0 0.318359375 0.31524249422632794 0.11953125 0.6304849884526559
0 0.69140625 0.8175519630484989 0.165625 0.3648960739030023