0 0.61171875 0.3375 0.0546875 0.06953125
0 0.58984375 0.44609375 0.0578125 0.125
0 0.79609375 0.4015625 0.0453125 0.1640625
0 0.62890625 0.53359375 0.0640625 0.13359375
0 0.3890625 0.36796875 0.04375 0.146875
0 0.52890625 0.5765625 0.0515625 0.175
0 0.01328125 0.484375 0.0265625 0.1859375
0 0.5796875 0.27890625 0.040625 0.146875
0 0.12109375 0.30390625 0.0546875 0.146875
1 0.2125 0.4625 0.05 0.153125
0 0.64453125 0.296875 0.0515625 0.15
0 0.49765625 0.38203125 0.0671875 0.10859375
0 0.3875 0.48203125 0.04375 0.16953125
0 0.50625 0.4609375 0.059375 0.128125
0 0.35859375 0.684375 0.0484375 0.1859375
0 0.79453125 0.4984375 0.0484375 0.1640625
0 0.27109375 0.165625 0.0296875 0.15859375
0 0.45703125 0.25859375 0.0359375 0.14453125
0 0.64375 0.63046875 0.071875 0.18359375
0 0.6453125 0.24609375 0.053125 0.1609375
0 0.5265625 0.509375 0.05625 0.08359375
0 0.62265625 0.46953125 0.065625 0.053125