0 0.571875 0.12442396313364056 0.05 0.2488479262672811
0 0.5453125 0.28110599078341014 0.040625 0.2304147465437788
0 0.48828125 0.6797235023041475 0.0578125 0.2073732718894009
0 0.5984375 0.1497695852534562 0.04375 0.2073732718894009
0 0.4671875 0.17050691244239632 0.05625 0.2304147465437788
0 0.628125 0.2995391705069124 0.0625 0.2488479262672811
0 0.63515625 0.16589861751152074 0.0328125 0.20276497695852536
0 0.4359375 0.17972350230414746 0.046875 0.2672811059907834
0 0.66875 0.22119815668202766 0.0375 0.22119815668202766
0 0.4890625 0.8456221198156681 0.0625 0.24423963133640553
0 0.40390625 0.0576036866359447 0.0359375 0.1152073732718894
0 0.78125 0.1359447004608295 0.0375 0.271889400921659
0 0.58671875 0.34101382488479265 0.0703125 0.2672811059907834
1 0.19375 0.20506912442396313 0.040625 0.2626728110599078
0 0.76484375 0.9216589861751152 0.0390625 0.15668202764976957
0 0.103125 0.9262672811059908 0.040625 0.14746543778801843