0 0.31015625 0.137904468412943 0.0484375 0.2110939907550077
0 0.96796875 0.7033898305084746 0.06302083333333333 0.2357473035439137
0 0.46197916666666666 0.3012326656394453 0.04479166666666667 0.2696456086286595
0 0.42630208333333336 0.21571648690292758 0.049479166666666664 0.24036979969183359
0 0.50234375 0.29121725731895226 0.0484375 0.22496147919876733
0 0.3109375 0.41140215716486905 0.042708333333333334 0.2588597842835131
0 0.26614583333333336 0.43605546995377503 0.06666666666666667 0.29892141756548535
1 0.8432291666666667 0.21956856702619415 0.028125 0.2542372881355932
0 0.8078125 0.5832049306625577 0.06458333333333334 0.24807395993836673
0 0.6216145833333333 0.14869029275808937 0.0328125 0.24191063174114022
0 0.18880208333333334 0.2627118644067797 0.050520833333333334 0.2110939907550077
0 0.5244791666666667 0.610939907550077 0.057291666666666664 0.2727272727272727