0 0.55078125 0.2695852534562212 0.0609375 0.14285714285714285
0 0.5296875 0.41705069124423966 0.040625 0.16129032258064516
0 0.4515625 0.1889400921658986 0.05 0.09216589861751152
0 0.54921875 0.3433179723502304 0.0578125 0.17050691244239632
0 0.42890625 0.2695852534562212 0.0453125 0.1152073732718894
0 0.55 0.1728110599078341 0.065625 0.15207373271889402
0 0.546875 0.4930875576036866 0.04375 0.2488479262672811
0 0.43359375 0.4009216589861751 0.0546875 0.2488479262672811
0 0.45078125 0.5783410138248848 0.0609375 0.28110599078341014
0 0.709375 0.18202764976958524 0.0375 0.17050691244239632
0 0.48203125 0.3294930875576037 0.0515625 0.17972350230414746
0 0.37734375 0.3271889400921659 0.0421875 0.30414746543778803
0 0.58046875 0.6267281105990783 0.0453125 0.30414746543778803
0 0.70859375 0.3387096774193548 0.0390625 0.271889400921659
0 0.54296875 0.0576036866359447 0.0296875 0.1152073732718894
0 0.25546875 0.42626728110599077 0.0453125 0.1889400921658986
0 0.13671875 0.3064516129032258 0.0421875 0.2350230414746544
0 0.4578125 0.06912442396313365 0.053125 0.1382488479262673