0 0.27890625 0.14087759815242495 0.0296875 0.24480369515011546
0 0.634765625 0.20554272517321015 0.04609375 0.12471131639722864
0 0.609765625 0.24942263279445728 0.04765625 0.12933025404157045
0 0.70234375 0.24018475750577367 0.046875 0.16628175519630484
0 0.65703125 0.08891454965357967 0.0328125 0.15935334872979215
0 0.718359375 0.1928406466512702 0.04921875 0.15473441108545036
0 0.8515625 0.24595842956120093 0.0234375 0.26558891454965355
0 0.653515625 0.394919168591224 0.05390625 0.17090069284064666
0 0.4890625 0.151270207852194 0.021875 0.24249422632794457
0 0.585546875 0.3325635103926097 0.05546875 0.16166281755196305
1 0.366015625 0.20438799076212472 0.03671875 0.22401847575057737
0 0.253515625 0.836027713625866 0.03828125 0.3187066974595843
0 0.4953125 0.5127020785219399 0.0390625 0.2678983833718245
0 0.459375 0.2748267898383372 0.0390625 0.23556581986143188
0 0.72421875 0.020785219399538105 0.034375 0.04157043879907621
0 0.495703125 0.9145496535796767 0.04921875 0.17090069284064666
0 0.794140625 0.020785219399538105 0.04140625 0.04157043879907621
0 0.888671875 0.23325635103926096 0.03359375 0.22170900692840648
0 0.62109375 0.5473441108545035 0.0609375 0.24942263279445728
0 0.537109375 0.3995381062355658 0.06171875 0.21247113163972287