0 0.37734375 0.37109375 0.0484375 0.11953125
0 0.48828125 0.253125 0.0578125 0.09453125
0 0.475 0.3359375 0.05 0.06640625
0 0.47578125 0.29296875 0.0453125 0.05859375
0 0.3765625 0.20859375 0.04375 0.071875
0 0.41875 0.31796875 0.046875 0.10859375
0 0.48671875 0.4109375 0.0703125 0.1
0 0.37109375 0.2890625 0.0421875 0.078125
0 0.4921875 0.1859375 0.040625 0.1
0 0.4109375 0.15390625 0.03125 0.11953125
0 0.23046875 0.32109375 0.0421875 0.103125
0 0.5953125 0.265625 0.034375 0.125
0 0.61796875 0.39609375 0.0359375 0.153125
0 0.63515625 0.325 0.0359375 0.14453125
0 0.33828125 0.7140625 0.0640625 0.16640625
0 0.7703125 0.140625 0.034375 0.125
0 0.115625 0.29453125 0.034375 0.14453125
0 0.484375 0.72890625 0.04375 0.15859375