0 0.43203125 0.3294930875576037 0.0453125 0.2626728110599078
0 0.259375 0.315668202764977 0.034375 0.17050691244239632
0 0.453125 0.46774193548387094 0.059375 0.2350230414746544
0 0.484375 0.21658986175115208 0.040625 0.2488479262672811
0 0.5421875 0.5691244239631337 0.05 0.2626728110599078
0 0.38828125 0.46774193548387094 0.0515625 0.24423963133640553
0 0.4890625 0.5967741935483871 0.05625 0.2995391705069124
0 0.6140625 0.31105990783410137 0.046875 0.2073732718894009
0 0.596875 0.08986175115207373 0.046875 0.17972350230414746
0 0.5515625 0.7880184331797235 0.05625 0.2488479262672811
0 0.28359375 0.38018433179723504 0.0453125 0.28110599078341014
0 0.77109375 0.6751152073732719 0.0546875 0.2534562211981567
0 0.509375 0.8179723502304147 0.05625 0.31797235023041476
0 0.66640625 0.8640552995391705 0.0453125 0.271889400921659
1 0.8734375 0.4815668202764977 0.046875 0.2903225806451613
0 0.33359375 0.0967741935483871 0.0328125 0.1935483870967742
0 0.64765625 0.4792626728110599 0.0484375 0.2857142857142857