0 0.275 0.35944700460829493 0.046875 0.14746543778801843
0 0.35234375 0.27419354838709675 0.0546875 0.12442396313364056
0 0.1078125 0.3778801843317972 0.0375 0.2672811059907834
0 0.38359375 0.4377880184331797 0.0453125 0.1382488479262673
0 0.27734375 0.5253456221198156 0.0546875 0.1935483870967742
0 0.3828125 0.5576036866359447 0.065625 0.16589861751152074
0 0.25859375 0.29493087557603687 0.0453125 0.17511520737327188
0 0.36171875 0.37557603686635943 0.0515625 0.14285714285714285
0 0.465625 0.0967741935483871 0.034375 0.1935483870967742
1 0.66953125 0.37557603686635943 0.0390625 0.21658986175115208
0 0.45625 0.2672811059907834 0.034375 0.22119815668202766
0 0.41171875 0.041474654377880185 0.0296875 0.08294930875576037
0 0.96015625 0.271889400921659 0.0390625 0.20276497695852536
0 0.39375 0.8018433179723502 0.04375 0.25806451612903225
0 0.18828125 0.04838709677419355 0.0515625 0.0967741935483871
0 0.515625 0.4792626728110599 0.04375 0.22119815668202766
0 0.2984375 0.7764976958525346 0.06875 0.28110599078341014
0 0.259375 0.11059907834101383 0.053125 0.2119815668202765