0 0.4 0.5 0.053125 0.17050691244239632
0 0.38828125 0.6013824884792627 0.0578125 0.1336405529953917
0 0.4609375 0.5207373271889401 0.053125 0.1935483870967742
0 0.49609375 0.4539170506912442 0.0546875 0.12442396313364056
1 0.0515625 0.48847926267281105 0.03125 0.3317972350230415
0 0.61171875 0.48847926267281105 0.0546875 0.3225806451612903
0 0.509375 0.391705069124424 0.0625 0.18433179723502305
0 0.1984375 0.511520737327189 0.034375 0.3317972350230415
0 0.21015625 0.12672811059907835 0.0296875 0.2534562211981567
0 0.5640625 0.0944700460829493 0.0375 0.1889400921658986
0 0.22265625 0.3663594470046083 0.0359375 0.2995391705069124
0 0.51328125 0.8709677419354839 0.0640625 0.25806451612903225
0 0.37421875 0.7096774193548387 0.0796875 0.17511520737327188
0 0.3859375 0.391705069124424 0.071875 0.16589861751152074
0 0.0171875 0.8732718894009217 0.034375 0.2534562211981567
0 0.82265625 0.5046082949308756 0.0515625 0.271889400921659
0 0.65546875 0.4792626728110599 0.0546875 0.2119815668202765