0 0.315625 0.2557603686635945 0.05 0.08755760368663594
0 0.40625 0.28110599078341014 0.059375 0.14746543778801843
0 0.41875 0.20506912442396313 0.0625 0.1336405529953917
0 0.33359375 0.3294930875576037 0.0453125 0.17050691244239632
0 0.5390625 0.2488479262672811 0.040625 0.15668202764976957
0 0.140625 0.2695852534562212 0.040625 0.2534562211981567
0 0.38984375 0.47235023041474655 0.0703125 0.17050691244239632
0 0.115625 0.35944700460829493 0.0375 0.2764976958525346
0 0.31015625 0.1912442396313364 0.0484375 0.1152073732718894
0 0.390625 0.3548387096774194 0.06875 0.14746543778801843
0 0.3390625 0.11059907834101383 0.040625 0.22119815668202766
1 0.67109375 0.3225806451612903 0.0421875 0.23963133640552994
0 0.64765625 0.8709677419354839 0.0453125 0.25806451612903225
0 0.53515625 0.03686635944700461 0.0359375 0.07373271889400922
0 0.24140625 0.836405529953917 0.0734375 0.2903225806451613
0 0.78515625 0.14055299539170507 0.0390625 0.22580645161290322
0 0.8 0.5829493087557603 0.046875 0.28110599078341014
0 0.26953125 0.4078341013824885 0.0640625 0.21658986175115208
0 0.30234375 0.03225806451612903 0.0546875 0.06451612903225806
0 0.52734375 0.3778801843317972 0.0515625 0.25806451612903225
0 0.55234375 0.6981566820276498 0.0453125 0.271889400921659
0 0.15234375 0.684331797235023 0.0765625 0.28110599078341014