0 0.60859375 0.3890625 0.0390625 0.06640625
0 0.51875 0.55546875 0.059375 0.08359375
0 0.60703125 0.34296875 0.0421875 0.05859375
0 0.58515625 0.43046875 0.0484375 0.0890625
0 0.621875 0.49140625 0.0375 0.09453125
0 0.5328125 0.3109375 0.05 0.071875
0 0.61796875 0.090625 0.0421875 0.0859375
0 0.390625 0.1859375 0.028125 0.09453125
0 0.4125 0.08359375 0.03125 0.078125
0 0.409375 0.31640625 0.034375 0.10546875
0 0.6109375 0.16796875 0.04375 0.103125
0 0.521875 0.48046875 0.059375 0.078125
0 0.52109375 0.375 0.0515625 0.078125
0 0.0703125 0.3 0.03125 0.1
0 0.6046875 0.27109375 0.04375 0.10859375
0 0.42109375 0.790625 0.0328125 0.146875
0 0.60234375 0.58359375 0.0515625 0.121875
0 0.65546875 0.7765625 0.0515625 0.11953125
0 0.346875 0.528125 0.034375 0.121875
0 0.721875 0.3984375 0.034375 0.125
0 0.20859375 0.571875 0.0328125 0.128125