0 0.2859375 0.8271889400921659 0.046875 0.2350230414746544
0 0.0265625 0.8018433179723502 0.053125 0.23963133640552994
0 0.22578125 0.31336405529953915 0.0453125 0.1935483870967742
0 0.17734375 0.1774193548387097 0.0515625 0.2073732718894009
0 0.5546875 0.37327188940092165 0.04375 0.20276497695852536
0 0.18359375 0.04608294930875576 0.0390625 0.09216589861751152
0 0.74765625 0.5552995391705069 0.0453125 0.2534562211981567
0 0.4046875 0.2304147465437788 0.04375 0.15668202764976957
0 0.41640625 0.391705069124424 0.0421875 0.2304147465437788
0 0.328125 0.5852534562211982 0.040625 0.22119815668202766
0 0.8171875 0.3433179723502304 0.04375 0.2350230414746544
0 0.60703125 0.059907834101382486 0.0296875 0.11981566820276497
0 0.39140625 0.027649769585253458 0.0453125 0.055299539170506916
0 0.521875 0.7188940092165899 0.040625 0.2304147465437788
0 0.65390625 0.4470046082949309 0.0390625 0.2119815668202765
0 0.84375 0.4769585253456221 0.059375 0.24423963133640553
0 0.75234375 0.2903225806451613 0.0453125 0.18433179723502305
0 0.59765625 0.3986175115207373 0.0453125 0.2350230414746544
0 0.690625 0.38018433179723504 0.040625 0.22580645161290322
0 0.703125 0.5368663594470046 0.05625 0.21658986175115208
0 0.71796875 0.059907834101382486 0.0328125 0.11981566820276497