0 0.3578125 0.20859375 0.053125 0.171875
0 0.27109375 0.390625 0.075 0.1734375
0 0.1984375 0.459375 0.053125 0.234375
0 0.15546875 0.696875 0.06875 0.2375
0 0.41796875 0.9046875 0.0859375 0.1890625
0 0.5703125 0.69921875 0.09375 0.2375
0 0.45703125 0.46328125 0.0765625 0.1546875
0 0.48515625 0.365625 0.0703125 0.109375
0 0.521875 0.290625 0.071875 0.11875
0 0.54375 0.190625 0.0546875 0.1265625
0 0.63046875 0.575 0.103125 0.2046875
0 0.584375 0.45234375 0.0625 0.1046875
0 0.571875 0.3796875 0.05625 0.084375
0 0.609375 0.3578125 0.0640625 0.1140625
0 0.6375 0.32109375 0.06875 0.115625
0 0.6609375 0.28671875 0.0734375 0.1203125
0 0.86015625 0.37890625 0.0640625 0.246875
0 0.89609375 0.3390625 0.0609375 0.2046875