0 0.220703125 0.2528868360277136 0.06171875 0.394919168591224
0 0.63125 0.6270207852193995 0.05625 0.3856812933025404
0 0.58828125 0.4122401847575058 0.05625 0.3625866050808314
0 0.62578125 0.3371824480369515 0.0546875 0.22632794457274827
0 0.446484375 0.3002309468822171 0.07734375 0.23094688221709006
0 0.376953125 0.44341801385681295 0.07421875 0.4618937644341801
0 0.36875 0.1905311778290993 0.084375 0.3810623556581986
0 0.264453125 0.30138568129330257 0.10390625 0.40415704387990764
0 0.081640625 0.5092378752886836 0.09140625 0.45958429561200925
0 0.589453125 0.09930715935334873 0.06640625 0.19861431870669746
0 0.440234375 0.4341801385681293 0.09921875 0.3741339491916859
0 0.52421875 0.06697459584295612 0.0875 0.13394919168591224
0 0.740234375 0.5127020785219399 0.07265625 0.47113163972286376