0 0.4625 0.5276497695852534 0.05 0.1152073732718894
0 0.4609375 0.619815668202765 0.053125 0.0967741935483871
0 0.4953125 0.5944700460829493 0.04375 0.16589861751152074
0 0.5625 0.684331797235023 0.065625 0.15207373271889402
0 0.55703125 0.5829493087557603 0.0640625 0.15207373271889402
0 0.45078125 0.695852534562212 0.0578125 0.12903225806451613
1 0.0203125 0.4078341013824885 0.0375 0.21658986175115208
0 0.68359375 0.9055299539170507 0.0515625 0.1889400921658986
0 0.48984375 0.29493087557603687 0.0390625 0.22119815668202766
0 0.55078125 0.8341013824884793 0.0671875 0.1935483870967742
0 0.66328125 0.16129032258064516 0.0421875 0.2119815668202765
0 0.29453125 0.5576036866359447 0.0421875 0.23963133640552994
0 0.69296875 0.7350230414746544 0.0484375 0.24423963133640553
0 0.4546875 0.4470046082949309 0.05 0.17511520737327188
0 0.771875 0.5161290322580645 0.04375 0.23963133640552994
0 0.4453125 0.8179723502304147 0.05625 0.17050691244239632
0 0.55625 0.45161290322580644 0.0625 0.1382488479262673
0 0.44765625 0.10368663594470046 0.0484375 0.2073732718894009
0 0.25546875 0.7073732718894009 0.0484375 0.2350230414746544