0 0.46328125 0.07834101382488479 0.0484375 0.15668202764976957
0 0.2578125 0.1175115207373272 0.0375 0.2073732718894009
0 0.39375 0.2880184331797235 0.034375 0.2350230414746544
0 0.4296875 0.20967741935483872 0.05 0.2534562211981567
0 0.42890625 0.5599078341013825 0.0546875 0.22580645161290322
0 0.6953125 0.1152073732718894 0.04375 0.2119815668202765
0 0.28203125 0.2534562211981567 0.0421875 0.2304147465437788
0 0.2546875 0.9470046082949308 0.0625 0.10599078341013825
1 0.94453125 0.2926267281105991 0.0484375 0.2350230414746544
0 0.60234375 0.0967741935483871 0.0484375 0.1935483870967742
0 0.51640625 0.1152073732718894 0.0484375 0.2304147465437788
0 0.24609375 0.06451612903225806 0.0453125 0.12903225806451613
0 0.296875 0.5506912442396313 0.0375 0.2350230414746544
0 0.48125 0.9308755760368663 0.084375 0.1382488479262673