0 0.83046875 0.2702078521939954 0.04375 0.3464203233256351
0 0.94296875 0.24133949191685913 0.0609375 0.40877598152424943
0 0.905859375 0.10969976905311778 0.05234375 0.21939953810623555
0 0.87421875 0.43648960739030024 0.0734375 0.45727482678983833
0 0.71015625 0.30369515011547343 0.065625 0.3995381062355658
0 0.81015625 0.10623556581986143 0.0546875 0.21247113163972287
0 0.733984375 0.11316397228637413 0.04921875 0.22632794457274827
1 0.383984375 0.28290993071593534 0.04140625 0.3856812933025404
0 0.746484375 0.43187066974595845 0.06171875 0.3972286374133949
1 0.27578125 0.3568129330254042 0.0609375 0.3856812933025404
0 0.7890625 0.8117782909930716 0.065625 0.37644341801385683