0 0.34375 0.5414746543778802 0.04375 0.22580645161290322
1 0.10078125 0.3548387096774194 0.0453125 0.23963133640552994
0 0.203125 0.7188940092165899 0.05625 0.2488479262672811
0 0.3703125 0.4608294930875576 0.040625 0.18433179723502305
0 0.26953125 0.4078341013824885 0.0390625 0.24423963133640553
0 0.440625 0.2626728110599078 0.040625 0.25806451612903225
0 0.453125 0.45161290322580644 0.040625 0.2304147465437788
0 0.3859375 0.6405529953917051 0.065625 0.23963133640552994
0 0.85390625 0.7995391705069125 0.0578125 0.2534562211981567
0 0.76328125 0.8064516129032258 0.0515625 0.2488479262672811
0 0.1640625 0.7373271889400922 0.059375 0.2488479262672811
0 0.24453125 0.5668202764976958 0.0515625 0.2304147465437788