0 0.6375 0.4700460829493088 0.05625 0.2764976958525346
0 0.40078125 0.4009216589861751 0.0546875 0.2764976958525346
0 0.709375 0.5852534562211982 0.059375 0.31336405529953915
0 0.69296875 0.5391705069124424 0.0546875 0.31336405529953915
0 0.771875 0.5092165898617511 0.059375 0.3548387096774194
0 0.371875 0.3064516129032258 0.046875 0.2903225806451613
0 0.4625 0.3617511520737327 0.06875 0.2903225806451613
0 0.6109375 0.5161290322580645 0.0625 0.31336405529953915
0 0.33828125 0.8732718894009217 0.0640625 0.2534562211981567
0 0.40859375 0.16589861751152074 0.0453125 0.23963133640552994
0 0.4046875 0.8294930875576036 0.071875 0.25806451612903225
0 0.28515625 0.3317972350230415 0.0453125 0.2764976958525346
0 0.43984375 0.4078341013824885 0.0546875 0.3271889400921659
0 0.17734375 0.07834101382488479 0.0484375 0.15668202764976957
0 0.32890625 0.31105990783410137 0.0640625 0.2995391705069124
0 0.5515625 0.5391705069124424 0.075 0.3225806451612903