0 0.5109375 0.22811059907834103 0.03125 0.1336405529953917
0 0.44375 0.2488479262672811 0.05 0.1382488479262673
0 0.4875 0.18663594470046083 0.03125 0.15207373271889402
0 0.33984375 0.15898617511520738 0.0359375 0.15207373271889402
0 0.4359375 0.12903225806451613 0.040625 0.11981566820276497
0 0.4203125 0.0576036866359447 0.034375 0.1152073732718894
0 0.32578125 0.26036866359447003 0.0390625 0.17972350230414746
0 0.53671875 0.271889400921659 0.0453125 0.15668202764976957
0 0.4109375 0.9400921658986175 0.04375 0.11981566820276497
0 0.63828125 0.18433179723502305 0.0390625 0.1382488479262673
0 0.70078125 0.17050691244239632 0.0328125 0.15668202764976957
1 0.875 0.2880184331797235 0.0375 0.19815668202764977
0 0.44921875 0.3640552995391705 0.0609375 0.12903225806451613
0 0.221875 0.06451612903225806 0.034375 0.12903225806451613
0 0.3890625 0.5299539170506913 0.0375 0.18433179723502305
0 0.58984375 0.5299539170506913 0.0421875 0.1935483870967742
0 0.62890625 0.9193548387096774 0.0609375 0.16129032258064516