0 0.49375 0.10599078341013825 0.03125 0.14746543778801843
0 0.43515625 0.26497695852534564 0.0296875 0.15207373271889402
0 0.26328125 0.5092165898617511 0.0328125 0.17050691244239632
1 0.0296875 0.10599078341013825 0.03125 0.1935483870967742
0 0.40625 0.5622119815668203 0.0375 0.18433179723502305
0 0.4640625 0.1889400921658986 0.040625 0.15668202764976957
0 0.45 0.48847926267281105 0.05 0.1935483870967742
0 0.47109375 0.4009216589861751 0.0484375 0.18433179723502305
0 0.41328125 0.9539170506912442 0.0390625 0.09216589861751152
0 0.27890625 0.391705069124424 0.0359375 0.20276497695852536
0 0.659375 0.2511520737327189 0.025 0.16129032258064516
0 0.63515625 0.4032258064516129 0.0265625 0.17972350230414746
0 0.34296875 0.9516129032258065 0.0609375 0.0967741935483871
0 0.3546875 0.5299539170506913 0.040625 0.18433179723502305
0 0.63046875 0.5875576036866359 0.0328125 0.2073732718894009
0 0.39765625 0.2995391705069124 0.0421875 0.17511520737327188
0 0.628125 0.1175115207373272 0.025 0.17972350230414746