1 0.99140625 0.38940092165898615 0.0171875 0.2350230414746544
0 0.534375 0.12672811059907835 0.053125 0.1152073732718894
0 0.43671875 0.4055299539170507 0.0640625 0.14746543778801843
0 0.5375 0.3387096774193548 0.05 0.1336405529953917
0 0.571875 0.4308755760368664 0.05625 0.16129032258064516
0 0.503125 0.25806451612903225 0.04375 0.14746543778801843
0 0.4328125 0.14055299539170507 0.05625 0.15207373271889402
0 0.54609375 0.48847926267281105 0.0546875 0.16589861751152074
0 0.403125 0.06912442396313365 0.040625 0.1382488479262673
0 0.77265625 0.22811059907834103 0.0546875 0.21658986175115208
0 0.43359375 0.5184331797235023 0.0578125 0.2626728110599078
0 0.2625 0.29723502304147464 0.04375 0.21658986175115208
0 0.30859375 0.1497695852534562 0.0421875 0.1889400921658986
0 0.4328125 0.26036866359447003 0.053125 0.16129032258064516
0 0.1953125 0.8917050691244239 0.05 0.21658986175115208
0 0.634375 0.8963133640552995 0.06875 0.2073732718894009