0 0.384375 0.4608294930875576 0.05625 0.16589861751152074
0 0.38125 0.6152073732718893 0.0875 0.16129032258064516
0 0.44453125 0.6244239631336406 0.0859375 0.1336405529953917
0 0.27109375 0.09907834101382489 0.0453125 0.19815668202764977
0 0.4828125 0.4055299539170507 0.053125 0.29493087557603687
0 0.98125 0.9101382488479263 0.034375 0.17972350230414746
0 0.52109375 0.5 0.0859375 0.28110599078341014
0 0.325 0.18433179723502305 0.071875 0.3686635944700461
0 0.2640625 0.4078341013824885 0.0875 0.3548387096774194
0 0.73203125 0.4447004608294931 0.0671875 0.3548387096774194
0 0.56953125 0.29493087557603687 0.0828125 0.34101382488479265
0 0.11953125 0.5783410138248848 0.0734375 0.3548387096774194
0 0.6078125 0.06682027649769585 0.05625 0.1336405529953917