0 0.53359375 0.07373271889400922 0.0421875 0.11059907834101383
0 0.546875 0.271889400921659 0.028125 0.14746543778801843
1 0.01171875 0.5207373271889401 0.0234375 0.2304147465437788
1 0.47265625 0.3663594470046083 0.0484375 0.21658986175115208
0 0.5375 0.1543778801843318 0.040625 0.0967741935483871
0 0.56640625 0.30184331797235026 0.0328125 0.14285714285714285
0 0.51875 0.2304147465437788 0.0375 0.11981566820276497
0 0.03984375 0.1152073732718894 0.0296875 0.22119815668202766
0 0.68671875 0.16820276497695852 0.0296875 0.19815668202764977
0 0.5953125 0.45852534562211983 0.04375 0.21658986175115208
0 0.61015625 0.6175115207373272 0.0421875 0.22119815668202766
0 0.47265625 0.3686635944700461 0.0484375 0.22119815668202766
0 0.296875 0.020737327188940093 0.025 0.041474654377880185
0 0.4453125 0.055299539170506916 0.046875 0.11059907834101383
0 0.33515625 0.2119815668202765 0.0265625 0.20276497695852536
0 0.71640625 0.28110599078341014 0.0328125 0.20276497695852536
0 0.4609375 0.15668202764976957 0.053125 0.1382488479262673
0 0.47109375 0.26036866359447003 0.0515625 0.12442396313364056
0 0.43359375 0.5967741935483871 0.0265625 0.22580645161290322
0 0.35859375 0.08986175115207373 0.0265625 0.17972350230414746
0 0.17109375 0.8940092165898618 0.0234375 0.2119815668202765
0 0.61015625 0.9124423963133641 0.0578125 0.17511520737327188