0 0.50234375 0.34101382488479265 0.0453125 0.08294930875576037
0 0.50859375 0.2857142857142857 0.0515625 0.09216589861751152
0 0.5015625 0.43317972350230416 0.05 0.15668202764976957
0 0.325 0.31105990783410137 0.04375 0.17972350230414746
0 0.54375 0.3548387096774194 0.046875 0.15668202764976957
0 0.4375 0.511520737327189 0.065625 0.12903225806451613
0 0.45859375 0.6059907834101382 0.0546875 0.19815668202764977
0 0.30390625 0.41935483870967744 0.0484375 0.12903225806451613
0 0.4390625 0.4216589861751152 0.0625 0.15207373271889402
0 0.69921875 0.42626728110599077 0.0515625 0.17050691244239632
0 0.37578125 0.09907834101382489 0.0421875 0.1889400921658986
0 0.42265625 0.6981566820276498 0.0515625 0.2626728110599078
0 0.403125 0.28110599078341014 0.0625 0.14746543778801843
0 0.30078125 0.5622119815668203 0.0515625 0.2488479262672811
0 0.5703125 0.5990783410138248 0.06875 0.1935483870967742
0 0.81953125 0.38940092165898615 0.0484375 0.24423963133640553
0 0.53515625 0.08986175115207373 0.0546875 0.17972350230414746