0 0.53359375 0.5138248847926268 0.0609375 0.14285714285714285
0 0.4546875 0.4470046082949309 0.0375 0.2304147465437788
0 0.52421875 0.23732718894009217 0.0453125 0.24423963133640553
0 0.559375 0.631336405529954 0.084375 0.20276497695852536
0 0.2765625 0.5161290322580645 0.034375 0.2488479262672811
0 0.54296875 0.3686635944700461 0.0578125 0.2119815668202765
0 0.41484375 0.5345622119815668 0.0734375 0.25806451612903225
0 0.2578125 0.4377880184331797 0.040625 0.23963133640552994
0 0.3984375 0.3087557603686636 0.05625 0.1935483870967742
0 0.44140625 0.22580645161290322 0.0359375 0.2119815668202765
1 0.84375 0.41935483870967744 0.04375 0.23963133640552994
0 0.95234375 0.08064516129032258 0.0359375 0.16129032258064516
0 0.715625 0.2557603686635945 0.0375 0.22580645161290322
0 0.65546875 0.9631336405529954 0.0515625 0.07373271889400922
0 0.371875 0.0944700460829493 0.053125 0.1889400921658986
0 0.75546875 0.6013824884792627 0.0421875 0.24423963133640553
0 0.55859375 0.08294930875576037 0.0328125 0.16589861751152074
0 0.52890625 0.9700460829493087 0.0828125 0.059907834101382486