0 0.41484375 0.35023041474654376 0.0484375 0.17511520737327188
0 0.41484375 0.4423963133640553 0.0609375 0.1935483870967742
0 0.38203125 0.16820276497695852 0.0390625 0.16129032258064516
0 0.42734375 0.16129032258064516 0.0421875 0.16589861751152074
0 0.6109375 0.14055299539170507 0.03125 0.17050691244239632
0 0.659375 0.02304147465437788 0.03125 0.04608294930875576
0 0.41171875 0.020737327188940093 0.0296875 0.041474654377880185
0 0.42265625 0.271889400921659 0.0546875 0.15668202764976957
0 0.55234375 0.31105990783410137 0.0546875 0.17972350230414746
0 0.9640625 0.42626728110599077 0.04375 0.19815668202764977
0 0.3203125 0.2880184331797235 0.040625 0.17972350230414746
0 0.146875 0.27419354838709675 0.0375 0.15207373271889402
0 0.47734375 0.4608294930875576 0.0515625 0.2119815668202765
0 0.659375 0.8986175115207373 0.046875 0.20276497695852536
0 0.58359375 0.6428571428571429 0.0453125 0.21658986175115208
0 0.309375 0.9032258064516129 0.071875 0.1935483870967742