1 0.7125 0.51484375 0.0390625 0.165625
1 0.5296875 0.73046875 0.07265625 0.18125
1 0.97265625 0.71640625 0.0546875 0.19140625
1 0.91796875 0.2640625 0.04609375 0.1390625
1 0.73359375 0.24375 0.03984375 0.13359375
1 0.690625 0.3140625 0.0328125 0.12578125
1 0.6765625 0.3640625 0.05078125 0.12734375
1 0.5046875 0.41171875 0.06640625 0.14140625
1 0.44609375 0.5203125 0.0578125 0.1703125
1 0.159375 0.36875 0.04140625 0.11875
1 0.36015625 0.3515625 0.040625 0.13203125
1 0.39609375 0.425 0.06953125 0.1359375
1 0.4109375 0.26015625 0.0390625 0.08046875
1 0.4453125 0.390625 0.05703125 0.11484375
1 0.46875 0.33203125 0.04375 0.07109375
1 0.44140625 0.33125 0.0515625 0.09140625
1 0.43828125 0.30390625 0.0546875 0.09765625
1 0.44765625 0.228125 0.028125 0.05390625
1 0.46640625 0.275 0.03046875 0.05546875
1 0.5234375 0.35546875 0.0640625 0.128125
0 0.36484375 0.33515625 0.01484375 0.01953125