0 0.4625 0.41013824884792627 0.040625 0.2857142857142857
0 0.9765625 0.1152073732718894 0.04375 0.2304147465437788
0 0.48125 0.3225806451612903 0.034375 0.18433179723502305
0 0.66171875 0.16129032258064516 0.0359375 0.2119815668202765
0 0.48984375 0.5069124423963134 0.0609375 0.2488479262672811
0 0.85390625 0.2626728110599078 0.0421875 0.2488479262672811
0 0.7265625 0.35023041474654376 0.046875 0.2488479262672811
0 0.50859375 0.619815668202765 0.0421875 0.271889400921659
0 0.37734375 0.7373271889400922 0.0421875 0.2672811059907834
0 0.415625 0.7096774193548387 0.05 0.29493087557603687
0 0.434375 0.37557603686635943 0.059375 0.2903225806451613
1 0.0375 0.31797235023041476 0.034375 0.2764976958525346
0 0.56796875 0.5898617511520737 0.0640625 0.25806451612903225
0 0.2625 0.4631336405529954 0.046875 0.2995391705069124
0 0.88671875 0.5299539170506913 0.0484375 0.2488479262672811
0 0.71328125 0.9723502304147466 0.0703125 0.055299539170506916
0 0.665625 0.3087557603686636 0.059375 0.23963133640552994
0 0.6921875 0.6428571428571429 0.071875 0.28110599078341014