0 0.45 0.2796875 0.03515625 0.1015625
0 0.5140625 0.415625 0.03828125 0.1359375
0 0.4203125 0.4125 0.04296875 0.13359375
0 0.365625 0.31875 0.03359375 0.109375
0 0.384375 0.4921875 0.0421875 0.140625
0 0.4203125 0.52265625 0.04765625 0.1375
0 0.4625 0.378125 0.040625 0.1390625
1 0.0359375 0.253125 0.03203125 0.134375
0 0.790625 0.20234375 0.03515625 0.13203125
0 0.5921875 0.20703125 0.02890625 0.1390625
0 0.45234375 0.6875 0.059375 0.178125
0 0.590625 0.32734375 0.04609375 0.115625
0 0.53359375 0.50234375 0.0578125 0.14296875
0 0.2859375 0.3609375 0.03515625 0.1609375
0 0.3828125 0.378125 0.0265625 0.10390625
0 0.39765625 0.3109375 0.0296875 0.071875
0 0.40625 0.2640625 0.01640625 0.0515625
0 0.421875 0.25390625 0.0125 0.0515625
0 0.4328125 0.35 0.0359375 0.1625