0 0.45 0.56640625 0.046875 0.1109375
0 0.4546875 0.4609375 0.040625 0.09453125
0 0.5640625 0.51953125 0.0625 0.08359375
0 0.28671875 0.48203125 0.0390625 0.1640625
0 0.975 0.8484375 0.046875 0.15859375
0 0.4453125 0.3609375 0.04375 0.11640625
0 0.38515625 0.784375 0.0640625 0.15859375
0 0.5359375 0.40390625 0.0375 0.10859375
0 0.565625 0.58203125 0.065625 0.103125
0 0.43671875 0.44453125 0.0640625 0.121875
0 0.75546875 0.284375 0.0328125 0.1359375
1 0.50234375 0.165625 0.0296875 0.1140625
0 0.74140625 0.35859375 0.0296875 0.14453125
1 0.02109375 0.4140625 0.0421875 0.11640625
0 0.259375 0.55 0.040625 0.14453125
0 0.45390625 0.621875 0.0578125 0.1109375
0 0.925 0.6875 0.046875 0.175
0 0.4 0.34140625 0.040625 0.1390625
0 0.54609375 0.625 0.0703125 0.1609375
0 0.72890625 0.4984375 0.0421875 0.13046875
0 0.48828125 0.5125 0.0390625 0.075