0 0.556640625 0.4399538106235566 0.03515625 0.11778290993071594
0 0.580859375 0.36143187066974597 0.03671875 0.15011547344110854
0 0.599609375 0.5750577367205543 0.05546875 0.16628175519630484
1 0.728515625 0.026558891454965358 0.02578125 0.053117782909930716
0 0.520703125 0.40993071593533487 0.03671875 0.12240184757505773
0 0.5578125 0.2678983833718245 0.034375 0.15242494226327943
0 0.62890625 0.48267898383371827 0.05625 0.15242494226327943
0 0.5546875 0.5981524249422633 0.0359375 0.2586605080831409
0 0.5046875 0.5612009237875288 0.04375 0.16166281755196305
1 0.222265625 0.2517321016166282 0.03984375 0.16628175519630484
0 0.646484375 0.394919168591224 0.04609375 0.15242494226327943
0 0.8703125 0.12124711316397228 0.025 0.19630484988452657
0 0.78359375 0.27136258660508084 0.0328125 0.19168591224018475
0 0.599609375 0.12009237875288684 0.03828125 0.19399538106235567
0 0.285546875 0.3995381062355658 0.03984375 0.18937644341801385
0 0.66796875 0.28868360277136257 0.0515625 0.15704387990762125
0 0.740234375 0.4237875288683603 0.03671875 0.19630484988452657
0 0.71484375 0.5219399538106235 0.0390625 0.19861431870669746