0 0.63671875 0.15668202764976957 0.0453125 0.30414746543778803
0 0.665625 0.4539170506912442 0.053125 0.19815668202764977
0 0.4984375 0.5207373271889401 0.059375 0.2764976958525346
0 0.43828125 0.38018433179723504 0.0484375 0.271889400921659
0 0.32578125 0.5069124423963134 0.0546875 0.35944700460829493
0 0.30625 0.7880184331797235 0.05625 0.423963133640553
0 0.45234375 0.7557603686635944 0.0546875 0.48847926267281105
1 0.9296875 0.9308755760368663 0.06875 0.1382488479262673
0 0.2828125 0.7419354838709677 0.046875 0.4608294930875576
0 0.97578125 0.7926267281105991 0.0453125 0.4147465437788018
0 0.09765625 0.4423963133640553 0.0546875 0.39631336405529954
0 0.62890625 0.4470046082949309 0.0546875 0.3778801843317972
0 0.17578125 0.5529953917050692 0.0671875 0.3870967741935484
0 0.7140625 0.4423963133640553 0.05 0.35944700460829493
0 0.38515625 0.8064516129032258 0.0796875 0.3870967741935484
0 0.16171875 0.8387096774193549 0.0890625 0.3225806451612903
0 0.37265625 0.41705069124423966 0.0515625 0.3824884792626728