0 0.72109375 0.3317972350230415 0.0453125 0.16589861751152074
0 0.70234375 0.5829493087557603 0.0609375 0.3548387096774194
0 0.55703125 0.15898617511520738 0.0421875 0.28110599078341014
0 0.49921875 0.4631336405529954 0.0546875 0.3640552995391705
0 0.525 0.21889400921658986 0.053125 0.3271889400921659
0 0.453125 0.49078341013824883 0.0625 0.3548387096774194
0 0.73046875 0.5230414746543779 0.0734375 0.31797235023041476
0 0.20625 0.8894009216589862 0.059375 0.22119815668202766
0 0.63046875 0.5046082949308756 0.0765625 0.3456221198156682
0 0.23125 0.24193548387096775 0.0625 0.2903225806451613
1 0.9609375 0.6290322580645161 0.059375 0.37327188940092165