0 0.496875 0.771889400921659 0.040625 0.22580645161290322
0 0.5421875 0.5253456221198156 0.053125 0.20276497695852536
0 0.46875 0.8064516129032258 0.053125 0.23963133640552994
0 0.76640625 0.5668202764976958 0.0484375 0.22119815668202766
0 0.88828125 0.1336405529953917 0.0421875 0.17511520737327188
0 0.55390625 0.6751152073732719 0.0453125 0.2350230414746544
0 0.6015625 0.8317972350230415 0.046875 0.271889400921659
0 0.5421875 0.8087557603686636 0.05 0.2534562211981567
0 0.6359375 0.10599078341013825 0.05 0.14746543778801843
0 0.65 0.5184331797235023 0.05625 0.22580645161290322
0 0.3140625 0.8456221198156681 0.034375 0.22580645161290322
0 0.6859375 0.35023041474654376 0.053125 0.20276497695852536
0 0.778125 0.3847926267281106 0.040625 0.21658986175115208
0 0.2953125 0.6497695852534562 0.05625 0.23963133640552994
0 0.478125 0.5460829493087558 0.05625 0.21658986175115208
0 0.6734375 0.9101382488479263 0.053125 0.17972350230414746
1 0.09375 0.4815668202764977 0.03125 0.2534562211981567
0 0.78828125 0.8018433179723502 0.0359375 0.25806451612903225
0 0.74453125 0.967741935483871 0.0578125 0.06451612903225806