0 0.28671875 0.052995391705069124 0.0265625 0.10599078341013825
0 0.40390625 0.2073732718894009 0.0484375 0.14746543778801843
0 0.44609375 0.018433179723502304 0.0390625 0.03686635944700461
0 0.2796875 0.14516129032258066 0.03125 0.17972350230414746
0 0.50390625 0.23271889400921658 0.0421875 0.16129032258064516
1 0.875 0.18433179723502305 0.028125 0.2119815668202765
0 0.3421875 0.07603686635944701 0.040625 0.15207373271889402
1 0.14375 0.19815668202764977 0.028125 0.23963133640552994
0 0.490625 0.07834101382488479 0.034375 0.15668202764976957
0 0.584375 0.10368663594470046 0.034375 0.17050691244239632
0 0.309375 0.22811059907834103 0.034375 0.1889400921658986
0 0.603125 0.9078341013824884 0.04375 0.18433179723502305
0 0.7390625 0.8847926267281107 0.0625 0.2304147465437788
0 0.621875 0.1359447004608295 0.03125 0.17972350230414746