0 0.540625 0.1497695852534562 0.05625 0.1336405529953917
1 0.32578125 0.2834101382488479 0.0390625 0.22580645161290322
0 0.59296875 0.31105990783410137 0.0359375 0.17050691244239632
0 0.6109375 0.2350230414746544 0.046875 0.11059907834101383
0 0.53671875 0.22580645161290322 0.0578125 0.14746543778801843
0 0.63046875 0.19815668202764977 0.0453125 0.14746543778801843
0 0.5390625 0.35714285714285715 0.0625 0.16129032258064516
0 0.784375 0.271889400921659 0.046875 0.2304147465437788
0 0.63359375 0.4078341013824885 0.0546875 0.22580645161290322
0 0.38984375 0.10829493087557604 0.0359375 0.1889400921658986
0 0.53515625 0.5138248847926268 0.0703125 0.17050691244239632
0 0.4046875 0.26036866359447003 0.040625 0.1889400921658986
0 0.35546875 0.4838709677419355 0.0453125 0.23963133640552994
0 0.6625 0.07373271889400922 0.053125 0.14746543778801843
0 0.8234375 0.22580645161290322 0.0375 0.2119815668202765
0 0.1796875 0.05069124423963134 0.0375 0.10138248847926268
0 0.66796875 0.8847926267281107 0.0828125 0.2304147465437788
0 0.2046875 0.9009216589861752 0.05 0.19815668202764977
0 0.60859375 0.631336405529954 0.0640625 0.25806451612903225