0 0.4234375 0.4539170506912442 0.03125 0.1336405529953917
0 0.39921875 0.3064516129032258 0.0296875 0.1152073732718894
0 0.38984375 0.41244239631336405 0.0296875 0.0967741935483871
0 0.7078125 0.27880184331797236 0.025 0.15207373271889402
0 0.35390625 0.5806451612903226 0.0359375 0.11059907834101383
0 0.52734375 0.4032258064516129 0.0234375 0.1336405529953917
1 0.92109375 0.3617511520737327 0.0203125 0.15207373271889402
1 0.0796875 0.4539170506912442 0.021875 0.16129032258064516
0 0.49296875 0.31105990783410137 0.0265625 0.14285714285714285
0 0.321875 0.3640552995391705 0.040625 0.11059907834101383
0 0.3203125 0.2880184331797235 0.0375 0.10599078341013825
0 0.23828125 0.17050691244239632 0.0203125 0.12903225806451613
0 0.2359375 0.35944700460829493 0.025 0.11981566820276497
0 0.33515625 0.4539170506912442 0.0390625 0.1152073732718894
0 0.2828125 0.02304147465437788 0.021875 0.04608294930875576
0 0.3296875 0.6612903225806451 0.025 0.14285714285714285
0 0.38515625 0.14516129032258066 0.0328125 0.1336405529953917
0 0.24921875 0.4838709677419355 0.0265625 0.1382488479262673
0 0.4234375 0.9700460829493087 0.03125 0.059907834101382486
0 0.49453125 0.9654377880184332 0.0421875 0.06912442396313365