0 0.5692708333333333 0.5408320493066255 0.041666666666666664 0.18798151001540833
0 0.6986979166666667 0.33975346687211094 0.030729166666666665 0.15870570107858242
0 0.5697916666666667 0.41910631741140214 0.059375 0.19106317411402157
0 0.7174479166666666 0.4036979969183359 0.0359375 0.2033898305084746
0 0.5171875 0.300462249614792 0.04479166666666667 0.2033898305084746
0 0.6286458333333333 0.43836671802773497 0.03958333333333333 0.2295839753466872
0 0.33828125 0.5184899845916795 0.0546875 0.20184899845916796
0 0.4328125 0.18335901386748846 0.0375 0.1694915254237288
0 0.3377604166666667 0.3736517719568567 0.04114583333333333 0.18335901386748846
0 0.3723958333333333 0.1633281972265023 0.030208333333333334 0.1694915254237288
0 0.6158854166666666 0.5855161787365177 0.050520833333333334 0.24036979969183359
0 0.5255208333333333 0.7727272727272727 0.051041666666666666 0.25115562403698
0 0.5716145833333334 0.7087827426810478 0.0578125 0.2280431432973806
0 0.2578125 0.25115562403698 0.057291666666666664 0.17257318952234207