0 0.571875 0.42626728110599077 0.059375 0.1152073732718894
0 0.009375 0.8778801843317973 0.01875 0.24423963133640553
0 0.47734375 0.37327188940092165 0.0640625 0.18433179723502305
0 0.60703125 0.3824884792626728 0.0609375 0.2488479262672811
0 0.55703125 0.35023041474654376 0.0546875 0.12903225806451613
0 0.5015625 0.0967741935483871 0.040625 0.16589861751152074
0 0.44765625 0.4930875576036866 0.0890625 0.1935483870967742
0 0.56875 0.5069124423963134 0.065625 0.14746543778801843
0 0.43515625 0.6889400921658986 0.0921875 0.2073732718894009
0 0.6046875 0.22811059907834103 0.053125 0.14285714285714285
0 0.27890625 0.3617511520737327 0.0515625 0.271889400921659
0 0.58984375 0.041474654377880185 0.0765625 0.08294930875576037
0 0.48125 0.24423963133640553 0.078125 0.17511520737327188
0 0.5515625 0.6175115207373272 0.059375 0.2119815668202765
0 0.9046875 0.4055299539170507 0.05625 0.25806451612903225
0 0.32734375 0.5852534562211982 0.0609375 0.2672811059907834
0 0.2734375 0.631336405529954 0.046875 0.3225806451612903
0 0.6125 0.6912442396313364 0.08125 0.31336405529953915
0 0.7703125 0.5207373271889401 0.05625 0.2488479262672811