0 0.3453125 0.23732718894009217 0.03125 0.10599078341013825
0 0.36796875 0.35023041474654376 0.0328125 0.16589861751152074
0 0.41953125 0.29723502304147464 0.0421875 0.14285714285714285
0 0.36328125 0.12903225806451613 0.0453125 0.12903225806451613
0 0.4359375 0.2511520737327189 0.046875 0.14285714285714285
0 0.72578125 0.8732718894009217 0.0359375 0.22580645161290322
0 0.240625 0.30184331797235026 0.034375 0.17050691244239632
0 0.3984375 0.5576036866359447 0.05 0.17511520737327188
0 0.74375 0.31336405529953915 0.028125 0.17511520737327188
0 0.603125 0.5046082949308756 0.03125 0.17050691244239632
0 0.30234375 0.4815668202764977 0.0390625 0.1889400921658986
0 0.365625 0.9170506912442397 0.06875 0.16589861751152074
0 0.384375 0.013824884792626729 0.05 0.027649769585253458
0 0.41640625 0.4147465437788018 0.0515625 0.17511520737327188
0 0.6609375 0.12672811059907835 0.028125 0.16129032258064516
0 0.20859375 0.35253456221198154 0.0421875 0.22580645161290322