0 0.346875 0.5203125 0.0453125 0.109375
0 0.365625 0.54296875 0.04609375 0.14140625
0 0.73203125 0.77421875 0.053125 0.10390625
0 0.4046875 0.390625 0.0515625 0.15390625
1 0.9734375 0.42265625 0.0421875 0.1515625
0 0.453125 0.4265625 0.05234375 0.1390625
0 0.77734375 0.76875 0.0640625 0.1234375
0 0.4984375 0.428125 0.04453125 0.13046875
0 0.725 0.459375 0.03203125 0.14453125
0 0.7671875 0.43671875 0.03828125 0.15703125
0 0.275 0.4296875 0.0375 0.15390625
1 0.1078125 0.3234375 0.02734375 0.1390625
0 0.95234375 0.5296875 0.046875 0.134375
0 0.86875 0.440625 0.0421875 0.1375
0 0.7953125 0.45546875 0.0359375 0.1390625
0 0.3015625 0.5765625 0.06328125 0.1640625
0 0.39765625 0.5359375 0.0421875 0.15546875
0 0.8375 0.490625 0.0359375 0.1515625