0 0.46328125 0.41013824884792627 0.0453125 0.16589861751152074
0 0.55 0.2672811059907834 0.046875 0.09216589861751152
0 0.5734375 0.3617511520737327 0.040625 0.1336405529953917
0 0.45625 0.33640552995391704 0.053125 0.1382488479262673
0 0.58359375 0.4838709677419355 0.0390625 0.14746543778801843
0 0.53359375 0.41013824884792627 0.0484375 0.17511520737327188
0 0.57734375 0.6428571428571429 0.0421875 0.2626728110599078
1 0.2015625 0.6474654377880185 0.034375 0.28110599078341014
0 0.471875 0.511520737327189 0.0625 0.17511520737327188
0 0.62109375 0.5714285714285714 0.0453125 0.22119815668202766
0 0.80390625 0.34101382488479265 0.0359375 0.23963133640552994
0 0.45234375 0.2626728110599078 0.0546875 0.1382488479262673
0 0.35078125 0.576036866359447 0.0359375 0.2304147465437788
0 0.31953125 0.4400921658986175 0.0328125 0.2534562211981567
0 0.6171875 0.7050691244239631 0.059375 0.2672811059907834
0 0.28984375 0.05069124423963134 0.0296875 0.10138248847926268
0 0.334375 0.804147465437788 0.04375 0.2534562211981567
0 0.290625 0.31797235023041476 0.040625 0.22119815668202766
0 0.4921875 0.6152073732718893 0.05625 0.2073732718894009
0 0.5046875 0.04608294930875576 0.053125 0.09216589861751152