0 0.4484375 0.23094688221709006 0.0453125 0.08775981524249422
0 0.453125 0.3568129330254042 0.040625 0.12240184757505773
0 0.47890625 0.42725173210161665 0.034375 0.17090069284064666
0 0.453515625 0.5311778290993071 0.04140625 0.19399538106235567
0 0.549609375 0.48614318706697457 0.05390625 0.14087759815242495
0 0.4453125 0.2967667436489607 0.05 0.17782909930715934
0 0.523046875 0.30484988452655887 0.04453125 0.13856812933025403
0 0.651171875 0.24595842956120093 0.03203125 0.20554272517321015
0 0.551953125 0.3683602771362587 0.05234375 0.14087759815242495
0 0.5578125 0.5715935334872979 0.0484375 0.15473441108545036
0 0.597265625 0.6882217090069284 0.06171875 0.21709006928406466
1 0.04140625 0.20092378752886836 0.0328125 0.21709006928406466
1 0.838671875 0.3810623556581986 0.03984375 0.21709006928406466
0 0.41875 0.6016166281755196 0.05 0.20554272517321015
0 0.576171875 0.8325635103926097 0.04296875 0.22401847575057737
0 0.296484375 0.3972286374133949 0.03984375 0.23556581986143188
0 0.625390625 0.5981524249422633 0.04140625 0.22632794457274827
0 0.31796875 0.49884526558891457 0.040625 0.21709006928406466
0 0.73515625 0.4745958429561201 0.0421875 0.21016166281755197
0 0.487109375 0.8187066974595842 0.06484375 0.2702078521939954