0 0.5328125 0.03917050691244239 0.05625 0.07834101382488479
0 0.5265625 0.07834101382488479 0.053125 0.11059907834101383
0 0.49921875 0.1543778801843318 0.0484375 0.1889400921658986
0 0.44375 0.02304147465437788 0.05625 0.04608294930875576
0 0.4296875 0.0944700460829493 0.0625 0.16129032258064516
0 0.41328125 0.17972350230414746 0.0734375 0.18433179723502305
0 0.25546875 0.09216589861751152 0.0515625 0.18433179723502305
0 0.23828125 0.16589861751152074 0.0484375 0.2488479262672811
0 0.5359375 0.2304147465437788 0.05625 0.23963133640552994
1 0.06875 0.15668202764976957 0.040625 0.2764976958525346
0 0.64765625 0.2926267281105991 0.0421875 0.2995391705069124
0 0.4203125 0.29723502304147464 0.08125 0.1889400921658986
0 0.240625 0.4009216589861751 0.046875 0.35023041474654376
0 0.771875 0.18202764976958524 0.05 0.2534562211981567
0 0.41171875 0.7304147465437788 0.0640625 0.2903225806451613
0 0.715625 0.12672811059907835 0.04375 0.2534562211981567
0 0.09765625 0.05069124423963134 0.0453125 0.10138248847926268
0 0.5765625 0.7119815668202765 0.08125 0.3271889400921659