0 0.7015625 0.2840646651270208 0.0734375 0.2678983833718245
0 0.627734375 0.6085450346420324 0.12890625 0.15011547344110854
0 0.7796875 0.28290993071593534 0.0578125 0.25635103926096997
0 0.786328125 0.5138568129330254 0.09921875 0.16859122401847576
0 0.720703125 0.3683602771362587 0.04765625 0.2748267898383372
0 0.446875 0.40993071593533487 0.0609375 0.325635103926097
0 0.930078125 0.4630484988452656 0.06953125 0.2840646651270208
0 0.87578125 0.44803695150115475 0.0609375 0.2956120092378753
0 0.578515625 0.30600461893764436 0.07109375 0.3071593533487298
0 0.508203125 0.38221709006928406 0.06171875 0.3071593533487298
0 0.165234375 0.4561200923787529 0.06484375 0.302540415704388