0 0.5890625 0.17436489607390301 0.0296875 0.13163972286374134
0 0.567578125 0.15011547344110854 0.02421875 0.18013856812933027
0 0.470703125 0.042725173210161664 0.02265625 0.08545034642032333
0 0.616796875 0.3210161662817552 0.02890625 0.17551963048498845
0 0.4421875 0.14665127020785218 0.0296875 0.19168591224018475
0 0.70703125 0.2540415704387991 0.0296875 0.18937644341801385
0 0.046875 0.22632794457274827 0.025 0.17551963048498845
0 0.412890625 0.1558891454965358 0.03203125 0.16859122401847576
0 0.6671875 0.2909930715935335 0.0265625 0.17551963048498845
0 0.31953125 0.32909930715935337 0.028125 0.17321016166281755
0 0.59140625 0.32678983833718245 0.03125 0.18706697459584296
1 0.252734375 0.3302540415704388 0.02890625 0.21247113163972287
0 0.261328125 0.7297921478060047 0.03515625 0.20785219399538107
0 0.19921875 0.7263279445727483 0.034375 0.20554272517321015
0 0.648046875 0.07967667436489607 0.03203125 0.15935334872979215