0 0.5671875 0.1382488479262673 0.05625 0.1935483870967742
0 0.49375 0.15207373271889402 0.040625 0.20276497695852536
0 0.82421875 0.20046082949308755 0.0390625 0.21658986175115208
0 0.471875 0.09216589861751152 0.046875 0.18433179723502305
0 0.38359375 0.22350230414746544 0.0453125 0.2350230414746544
0 0.53359375 0.41244239631336405 0.0453125 0.21658986175115208
0 0.57578125 0.08064516129032258 0.0671875 0.16129032258064516
0 0.52265625 0.3064516129032258 0.0453125 0.22580645161290322
0 0.57890625 0.27419354838709675 0.0546875 0.2073732718894009
0 0.9859375 0.5921658986175116 0.028125 0.2626728110599078
0 0.6765625 0.15207373271889402 0.046875 0.1935483870967742
0 0.70546875 0.271889400921659 0.0515625 0.22119815668202766
0 0.625 0.4147465437788018 0.059375 0.2119815668202765
0 0.30234375 0.23271889400921658 0.0484375 0.21658986175115208
0 0.7453125 0.42857142857142855 0.04375 0.23963133640552994