0 0.5859375 0.4625 0.04375 0.096875
0 0.64375 0.5125 0.05625 0.103125
0 0.56015625 0.5515625 0.0390625 0.1140625
0 0.51015625 0.4125 0.0390625 0.08046875
0 0.53046875 0.47109375 0.0390625 0.0859375
0 0.74140625 0.415625 0.0296875 0.11953125
0 0.49921875 0.1984375 0.0296875 0.103125
1 0.940625 0.25703125 0.028125 0.103125
0 0.721875 0.390625 0.028125 0.103125
1 0.303125 0.49453125 0.021875 0.121875
0 0.26328125 0.215625 0.0328125 0.0859375
0 0.42890625 0.3234375 0.0296875 0.10859375
0 0.82109375 0.6640625 0.0296875 0.1390625
0 0.51328125 0.271875 0.0328125 0.1109375
0 0.40859375 0.41796875 0.0328125 0.125
0 0.4515625 0.50546875 0.03125 0.128125
0 0.371875 0.6109375 0.040625 0.1390625
0 0.61328125 0.74296875 0.0296875 0.146875
0 0.1828125 0.34140625 0.034375 0.1109375
0 0.721875 0.65546875 0.046875 0.13359375
0 0.58671875 0.38203125 0.0328125 0.05