0 0.434375 0.30184331797235026 0.040625 0.17050691244239632
0 0.3859375 0.38940092165898615 0.040625 0.12442396313364056
0 0.4421875 0.18663594470046083 0.0375 0.08755760368663594
0 0.46015625 0.3824884792626728 0.0515625 0.1382488479262673
0 0.40859375 0.35253456221198154 0.0390625 0.14285714285714285
1 0.6984375 0.3294930875576037 0.03125 0.19815668202764977
0 0.70703125 0.17972350230414746 0.0296875 0.1382488479262673
0 0.56796875 0.2695852534562212 0.0359375 0.17050691244239632
0 0.25 0.6428571428571429 0.0375 0.17972350230414746
0 0.48984375 0.2857142857142857 0.0421875 0.14746543778801843
0 0.453125 0.4631336405529954 0.046875 0.17972350230414746
0 0.56796875 0.018433179723502304 0.0265625 0.03686635944700461
0 0.79609375 0.5414746543778802 0.0359375 0.19815668202764977
1 0.09375 0.07834101382488479 0.025 0.15668202764976957
0 0.51015625 0.22580645161290322 0.0515625 0.12903225806451613
0 0.365625 0.4608294930875576 0.046875 0.15668202764976957
0 0.5625 0.43548387096774194 0.034375 0.16129032258064516
0 0.21953125 0.3248847926267281 0.0359375 0.17050691244239632
0 0.2828125 0.271889400921659 0.034375 0.18433179723502305
0 0.5625 0.6658986175115207 0.0375 0.19815668202764977
0 0.56796875 0.9308755760368663 0.0421875 0.1382488479262673
0 0.19765625 0.9055299539170507 0.0609375 0.1889400921658986