0 0.4921875 0.9493087557603687 0.034375 0.10138248847926268
0 0.7953125 0.02304147465437788 0.021875 0.04608294930875576
0 0.56796875 0.10599078341013825 0.0234375 0.17511520737327188
0 0.64453125 0.5414746543778802 0.0328125 0.22580645161290322
0 0.5921875 0.6497695852534562 0.03125 0.22119815668202766
0 0.81015625 0.6382488479262672 0.0359375 0.22580645161290322
0 0.434375 0.0576036866359447 0.025 0.1152073732718894
0 0.625 0.0944700460829493 0.028125 0.16129032258064516
0 0.23046875 0.804147465437788 0.0421875 0.2350230414746544
0 0.58046875 0.8248847926267281 0.0421875 0.23963133640552994
0 0.6171875 0.44930875576036866 0.034375 0.2073732718894009
0 0.684375 0.11290322580645161 0.028125 0.17972350230414746
0 0.36875 0.7903225806451613 0.04375 0.2626728110599078
0 0.83359375 0.4838709677419355 0.0359375 0.2119815668202765
0 0.4703125 0.5529953917050692 0.046875 0.20276497695852536
0 0.36953125 0.4308755760368664 0.0296875 0.1889400921658986
0 0.6703125 0.5714285714285714 0.03125 0.2119815668202765