0 0.29375 0.26497695852534564 0.0375 0.08755760368663594
0 0.34453125 0.11290322580645161 0.0390625 0.1889400921658986
0 0.2765625 0.1543778801843318 0.040625 0.1336405529953917
0 0.36796875 0.23732718894009217 0.0421875 0.1152073732718894
0 0.15859375 0.2350230414746544 0.0328125 0.20276497695852536
0 0.43828125 0.17511520737327188 0.0328125 0.15668202764976957
0 0.1421875 0.3271889400921659 0.04375 0.1935483870967742
1 0.5859375 0.17972350230414746 0.028125 0.18433179723502305
0 0.29453125 0.3433179723502304 0.0421875 0.14285714285714285
0 0.38046875 0.3225806451612903 0.0578125 0.12903225806451613
0 0.73203125 0.37557603686635943 0.0328125 0.17050691244239632
0 0.47265625 0.33410138248847926 0.0359375 0.15207373271889402
0 0.296875 0.5737327188940092 0.071875 0.19815668202764977
0 0.253125 0.38018433179723504 0.040625 0.16129032258064516
0 0.659375 0.0944700460829493 0.03125 0.17050691244239632
0 0.41875 0.5460829493087558 0.034375 0.21658986175115208
0 0.72421875 0.8179723502304147 0.0390625 0.2073732718894009
0 0.35625 0.8870967741935484 0.0625 0.22580645161290322