0 0.4 0.45622119815668205 0.034375 0.16589861751152074
0 0.69453125 0.4470046082949309 0.0328125 0.22119815668202766
0 0.50703125 0.4769585253456221 0.0390625 0.1152073732718894
0 0.6046875 0.347926267281106 0.028125 0.14285714285714285
0 0.5796875 0.5691244239631337 0.040625 0.16129032258064516
0 0.5046875 0.39631336405529954 0.0375 0.12903225806451613
0 0.503125 0.5852534562211982 0.0375 0.12903225806451613
1 0.27734375 0.48847926267281105 0.0296875 0.18433179723502305
0 0.521875 0.27880184331797236 0.025 0.14285714285714285
1 0.9859375 0.23271889400921658 0.025 0.16129032258064516
1 0.9859375 0.663594470046083 0.025 0.22119815668202766
0 0.41796875 0.32027649769585254 0.0328125 0.15207373271889402
0 0.47421875 0.6382488479262672 0.0359375 0.17972350230414746
0 0.56953125 0.9009216589861752 0.0421875 0.1889400921658986
0 0.41796875 0.07142857142857142 0.0234375 0.14285714285714285
0 0.5953125 0.06682027649769585 0.034375 0.1336405529953917
0 0.16640625 0.5345622119815668 0.0359375 0.17511520737327188
0 0.409375 0.9055299539170507 0.034375 0.1889400921658986