1 0.43125 0.04608294930875576 0.04375 0.09216589861751152
0 0.53359375 0.24193548387096775 0.0859375 0.10599078341013825
0 0.184375 0.45622119815668205 0.0625 0.2488479262672811
0 0.05859375 0.6774193548387096 0.0546875 0.35944700460829493
0 0.17265625 0.6912442396313364 0.0515625 0.3870967741935484
0 0.56171875 0.6152073732718893 0.0546875 0.37327188940092165
0 0.4734375 0.14516129032258066 0.065625 0.2626728110599078
1 0.8171875 0.6359447004608295 0.053125 0.35944700460829493
0 0.67109375 0.14055299539170507 0.0484375 0.2350230414746544
0 0.3375 0.34101382488479265 0.065625 0.31336405529953915
0 0.83828125 0.8732718894009217 0.0546875 0.2534562211981567
0 0.94375 0.14746543778801843 0.0625 0.29493087557603687
0 0.228125 0.8202764976958525 0.08125 0.35944700460829493