0 0.43515625 0.3663594470046083 0.0359375 0.15207373271889402
1 0.325 0.41935483870967744 0.025 0.17511520737327188
0 0.54375 0.4400921658986175 0.0375 0.1152073732718894
0 0.43828125 0.06912442396313365 0.0234375 0.1382488479262673
0 0.60390625 0.619815668202765 0.0421875 0.17050691244239632
0 0.528125 0.5414746543778802 0.04375 0.12442396313364056
0 0.54765625 0.3087557603686636 0.0453125 0.12903225806451613
0 0.41640625 0.013824884792626729 0.0265625 0.027649769585253458
0 0.42109375 0.4976958525345622 0.0328125 0.18433179723502305
0 0.73515625 0.45852534562211983 0.0265625 0.19815668202764977
0 0.27734375 0.17972350230414746 0.0296875 0.1382488479262673
0 0.60625 0.16589861751152074 0.03125 0.14746543778801843
0 0.64921875 0.08525345622119816 0.0328125 0.1336405529953917
0 0.66015625 0.9654377880184332 0.0359375 0.06912442396313365
0 0.3015625 0.543778801843318 0.034375 0.17511520737327188
0 0.34609375 0.923963133640553 0.0265625 0.15207373271889402
0 0.51953125 0.6543778801843319 0.0546875 0.17511520737327188