0 0.33359375 0.40703125 0.0421875 0.075
0 0.3640625 0.5 0.05 0.1
0 0.41640625 0.428125 0.0453125 0.0890625
0 0.19453125 0.43359375 0.0328125 0.1390625
1 0.68671875 0.39453125 0.0234375 0.13359375
0 0.42734375 0.46953125 0.0484375 0.078125
0 0.3859375 0.3609375 0.053125 0.08359375
0 0.25859375 0.23203125 0.0328125 0.10859375
0 0.315625 0.38046875 0.04375 0.08359375
0 0.49140625 0.21640625 0.0296875 0.10546875
0 0.578125 0.4875 0.0375 0.103125
0 0.2390625 0.284375 0.0375 0.1140625
0 0.82109375 0.43359375 0.0296875 0.13359375
0 0.47109375 0.4984375 0.0515625 0.1140625
0 0.82109375 0.690625 0.0421875 0.13046875
0 0.709375 0.2890625 0.028125 0.11640625
0 0.63203125 0.5859375 0.0328125 0.14453125
0 0.32265625 0.525 0.0453125 0.1109375
0 0.171875 0.515625 0.04375 0.125
0 0.528125 0.4015625 0.034375 0.11953125
0 0.46484375 0.69453125 0.0578125 0.15