0 0.53203125 0.8847926267281107 0.0546875 0.22119815668202766
1 0.09140625 0.2534562211981567 0.0203125 0.16589861751152074
0 0.8078125 0.06912442396313365 0.025 0.11981566820276497
0 0.425 0.25806451612903225 0.025 0.12903225806451613
0 0.9546875 0.5552995391705069 0.034375 0.15207373271889402
0 0.296875 0.3986175115207373 0.0375 0.16129032258064516
0 0.34609375 0.07373271889400922 0.0234375 0.1382488479262673
0 0.384375 0.27880184331797236 0.0375 0.16129032258064516
0 0.453125 0.5046082949308756 0.046875 0.16129032258064516
0 0.8328125 0.9585253456221198 0.034375 0.08294930875576037
1 0.71015625 0.37327188940092165 0.0265625 0.17511520737327188
0 0.6421875 0.49078341013824883 0.028125 0.15207373271889402
0 0.66953125 0.7327188940092166 0.0328125 0.18433179723502305
0 0.5875 0.11290322580645161 0.025 0.14285714285714285
0 0.4609375 0.3870967741935484 0.04375 0.12903225806451613
0 0.59921875 0.3456221198156682 0.0265625 0.15668202764976957
0 0.5765625 0.5875576036866359 0.034375 0.17050691244239632