0 0.33515625 0.3663594470046083 0.0359375 0.17050691244239632
0 0.46796875 0.45622119815668205 0.0390625 0.22119815668202766
0 0.490625 0.3225806451612903 0.040625 0.12903225806451613
0 0.4546875 0.21658986175115208 0.046875 0.2119815668202765
0 0.3921875 0.4631336405529954 0.0375 0.21658986175115208
0 0.4296875 0.4792626728110599 0.04375 0.2488479262672811
0 0.4203125 0.27419354838709675 0.034375 0.17972350230414746
0 0.384375 0.2926267281105991 0.05 0.19815668202764977
0 0.5015625 0.4861751152073733 0.04375 0.24423963133640553
0 0.5265625 0.35023041474654376 0.040625 0.20276497695852536
0 0.32421875 0.5138248847926268 0.0515625 0.21658986175115208
0 0.578125 0.04377880184331797 0.034375 0.08755760368663594
0 0.50703125 0.7235023041474654 0.0640625 0.20276497695852536
0 0.6171875 0.027649769585253458 0.0375 0.055299539170506916
1 0.73671875 0.41935483870967744 0.0359375 0.2304147465437788
0 0.2421875 0.39400921658986177 0.0375 0.2350230414746544
0 0.87734375 0.8202764976958525 0.0515625 0.2304147465437788
0 0.80234375 0.2557603686635945 0.0390625 0.17050691244239632