0 0.7578125 0.2926267281105991 0.03125 0.1336405529953917
0 0.7890625 0.3778801843317972 0.05 0.20276497695852536
0 0.8046875 0.3271889400921659 0.053125 0.2119815668202765
0 0.87578125 0.43548387096774194 0.0546875 0.28110599078341014
0 0.784375 0.511520737327189 0.0625 0.2488479262672811
0 0.721875 0.4815668202764977 0.053125 0.21658986175115208
0 0.39765625 0.0944700460829493 0.0421875 0.1889400921658986
0 0.2796875 0.8341013824884793 0.05 0.25806451612903225
0 0.45625 0.04608294930875576 0.034375 0.09216589861751152
0 0.890625 0.7511520737327189 0.05 0.29493087557603687
0 0.3015625 0.5714285714285714 0.034375 0.20276497695852536
0 0.36953125 0.5622119815668203 0.0421875 0.17511520737327188
1 0.28203125 0.37327188940092165 0.0328125 0.2119815668202765
0 0.3671875 0.8317972350230415 0.046875 0.271889400921659
0 0.4515625 0.6244239631336406 0.0375 0.22580645161290322