0 0.43125 0.5092165898617511 0.034375 0.2073732718894009
0 0.328125 0.3663594470046083 0.040625 0.22580645161290322
0 0.7234375 0.7557603686635944 0.046875 0.2488479262672811
0 0.45703125 0.5345622119815668 0.0390625 0.2119815668202765
0 0.853125 0.7534562211981567 0.0375 0.2350230414746544
0 0.40703125 0.4032258064516129 0.0359375 0.1889400921658986
0 0.896875 0.9032258064516129 0.05 0.1935483870967742
0 0.76875 0.7995391705069125 0.046875 0.2626728110599078
0 0.5734375 0.6889400921658986 0.0625 0.24423963133640553
0 0.7375 0.4423963133640553 0.059375 0.22119815668202766
0 0.4546875 0.30184331797235026 0.04375 0.2073732718894009
0 0.36875 0.5276497695852534 0.04375 0.14285714285714285