0 0.40625 0.39400921658986177 0.04375 0.16129032258064516
0 0.45 0.2995391705069124 0.05 0.14746543778801843
0 0.3640625 0.27880184331797236 0.05 0.14285714285714285
0 0.48828125 0.5138248847926268 0.0515625 0.16129032258064516
0 0.465625 0.41013824884792627 0.05 0.16589861751152074
0 0.43359375 0.1774193548387097 0.0328125 0.19815668202764977
0 0.3984375 0.5990783410138248 0.059375 0.1935483870967742
1 0.74765625 0.3548387096774194 0.0359375 0.23963133640552994
0 0.5796875 0.27419354838709675 0.025 0.19815668202764977
0 0.89375 0.315668202764977 0.03125 0.2626728110599078
0 0.66875 0.11981566820276497 0.03125 0.2119815668202765
0 0.2890625 0.45852534562211983 0.040625 0.2534562211981567
0 0.74140625 0.5714285714285714 0.0296875 0.2764976958525346
0 0.1015625 0.4308755760368664 0.04375 0.2350230414746544
0 0.51796875 0.055299539170506916 0.0328125 0.11059907834101383
0 0.3109375 0.10368663594470046 0.0625 0.1889400921658986
0 0.1984375 0.3617511520737327 0.040625 0.2350230414746544
0 0.58359375 0.4769585253456221 0.0390625 0.24423963133640553
0 0.53359375 0.5990783410138248 0.0671875 0.2488479262672811