0 0.34375 0.3787528868360277 0.0453125 0.24018475750577367
0 0.2328125 0.21478060046189376 0.0328125 0.17090069284064666
0 0.18125 0.4295612009237875 0.0640625 0.23556581986143188
0 0.973046875 0.049653579676674366 0.03671875 0.09930715935334873
0 0.937109375 0.3302540415704388 0.03984375 0.22170900692840648
0 0.30078125 0.36143187066974597 0.046875 0.22863741339491916
0 0.849609375 0.523094688221709 0.03828125 0.23325635103926096
1 0.0578125 0.09584295612009237 0.0328125 0.19168591224018475
0 0.261328125 0.26674364896073904 0.05546875 0.2517321016166282
0 0.891796875 0.26558891454965355 0.04140625 0.22632794457274827
0 0.380859375 0.3464203233256351 0.05703125 0.22170900692840648
0 0.461328125 0.31062355658198615 0.05703125 0.24249422632794457