0 0.51171875 0.6267281105990783 0.0453125 0.22119815668202766
0 0.60859375 0.3870967741935484 0.0484375 0.12903225806451613
0 0.41015625 0.3087557603686636 0.0203125 0.1382488479262673
0 0.51484375 0.3548387096774194 0.0390625 0.22119815668202766
0 0.5171875 0.18663594470046083 0.03125 0.19815668202764977
0 0.60078125 0.29723502304147464 0.0453125 0.0967741935483871
0 0.5953125 0.4792626728110599 0.05 0.15668202764976957
0 0.7640625 0.5368663594470046 0.04375 0.2073732718894009
0 0.62890625 0.5990783410138248 0.0546875 0.20276497695852536
0 0.77109375 0.4055299539170507 0.0296875 0.18433179723502305
0 0.375 0.511520737327189 0.028125 0.25806451612903225
0 0.40390625 0.5046082949308756 0.0328125 0.2534562211981567
0 0.35234375 0.6682027649769585 0.0296875 0.25806451612903225
1 0.26015625 0.41013824884792627 0.0265625 0.23963133640552994
0 0.6328125 0.2880184331797235 0.0375 0.17972350230414746
0 0.896875 0.47235023041474655 0.040625 0.22580645161290322
0 0.271875 0.1175115207373272 0.025 0.22580645161290322