0 0.56953125 0.2672811059907834 0.0359375 0.10138248847926268
0 0.56875 0.4009216589861751 0.0375 0.15668202764976957
0 0.62734375 0.4861751152073733 0.0546875 0.16129032258064516
0 0.48359375 0.02534562211981567 0.0328125 0.05069124423963134
0 0.7234375 0.3248847926267281 0.03125 0.19815668202764977
0 0.51640625 0.4147465437788018 0.0390625 0.14746543778801843
1 0.28828125 0.46774193548387094 0.0296875 0.2073732718894009
0 0.54453125 0.5414746543778802 0.0390625 0.19815668202764977
1 0.92109375 0.07373271889400922 0.0296875 0.14746543778801843
0 0.49921875 0.09907834101382489 0.0390625 0.15207373271889402
0 0.4953125 0.315668202764977 0.0375 0.1336405529953917
0 0.70546875 0.2834101382488479 0.0265625 0.17050691244239632
0 0.23828125 0.03917050691244239 0.0328125 0.07834101382488479
0 0.4109375 0.17050691244239632 0.03125 0.17511520737327188
0 0.140625 0.1935483870967742 0.028125 0.20276497695852536
0 0.58828125 0.8986175115207373 0.0328125 0.20276497695852536
0 0.39296875 0.33410138248847926 0.0359375 0.19815668202764977
0 0.865625 0.9009216589861752 0.034375 0.19815668202764977
0 0.4421875 0.49078341013824883 0.03125 0.21658986175115208
0 0.35234375 0.6589861751152074 0.0421875 0.2304147465437788
0 0.70390625 0.7327188940092166 0.0515625 0.1935483870967742