0 0.37734375 0.4608294930875576 0.0390625 0.1382488479262673
0 0.60078125 0.45622119815668205 0.0265625 0.18433179723502305
0 0.34453125 0.5668202764976958 0.0421875 0.14746543778801843
0 0.34296875 0.35023041474654376 0.0328125 0.16589861751152074
0 0.34765625 0.652073732718894 0.0453125 0.17972350230414746
0 0.3109375 0.10829493087557604 0.0375 0.1152073732718894
0 0.3453125 0.15207373271889402 0.03125 0.12903225806451613
0 0.36640625 0.9308755760368663 0.0515625 0.1382488479262673
1 0.96953125 0.195852534562212 0.0296875 0.17972350230414746
1 0.89140625 0.6566820276497696 0.0296875 0.21658986175115208
0 0.2796875 0.880184331797235 0.046875 0.16589861751152074
0 0.09140625 0.4423963133640553 0.0328125 0.1935483870967742
0 0.39453125 0.6336405529953917 0.0359375 0.21658986175115208
0 0.803125 0.41935483870967744 0.05 0.1935483870967742