0 0.5140625 0.15207373271889402 0.034375 0.1382488479262673
0 0.484375 0.06451612903225806 0.028125 0.11981566820276497
0 0.41015625 0.03917050691244239 0.0328125 0.07834101382488479
0 0.465625 0.16820276497695852 0.034375 0.12442396313364056
0 0.53203125 0.029953917050691243 0.0203125 0.059907834101382486
0 0.559375 0.22350230414746544 0.04375 0.1336405529953917
0 0.48359375 0.2534562211981567 0.0421875 0.12903225806451613
1 0.921875 0.15207373271889402 0.021875 0.1935483870967742
1 0.2640625 0.22350230414746544 0.025 0.17972350230414746
0 0.69296875 0.5230414746543779 0.0390625 0.17972350230414746
0 0.49765625 0.39631336405529954 0.0296875 0.1935483870967742
0 0.39375 0.1336405529953917 0.034375 0.15668202764976957
0 0.43515625 0.10829493087557604 0.0359375 0.1152073732718894
0 0.6375 0.09216589861751152 0.025 0.17511520737327188
0 0.0734375 0.2511520737327189 0.03125 0.1889400921658986
0 0.41171875 0.31105990783410137 0.0265625 0.17972350230414746
0 0.6515625 0.33640552995391704 0.04375 0.1935483870967742
0 0.4890625 0.8248847926267281 0.040625 0.2119815668202765
0 0.36484375 0.4700460829493088 0.0328125 0.20276497695852536
0 0.834375 0.7442396313364056 0.05 0.2073732718894009