0 0.59296875 0.5 0.0390625 0.12442396313364056
0 0.4171875 0.5345622119815668 0.0375 0.2119815668202765
0 0.5515625 0.3433179723502304 0.046875 0.14285714285714285
0 0.409375 0.020737327188940093 0.028125 0.041474654377880185
0 0.7484375 0.4976958525345622 0.028125 0.22119815668202766
0 0.6109375 0.6728110599078341 0.04375 0.16589861751152074
0 0.546875 0.4792626728110599 0.04375 0.11981566820276497
1 0.31484375 0.4539170506912442 0.0265625 0.17972350230414746
0 0.53046875 0.5806451612903226 0.0421875 0.12903225806451613
0 0.6875 0.967741935483871 0.028125 0.06451612903225806
0 0.2953125 0.5944700460829493 0.03125 0.18433179723502305
0 0.26328125 0.20506912442396313 0.0328125 0.15207373271889402
0 0.43359375 0.08294930875576037 0.0234375 0.15668202764976957
0 0.6140625 0.1889400921658986 0.034375 0.15668202764976957
0 0.65703125 0.10138248847926268 0.0359375 0.1382488479262673
0 0.36796875 0.9331797235023042 0.0296875 0.1336405529953917
0 0.51953125 0.7096774193548387 0.0578125 0.18433179723502305