0 0.4125 0.29296875 0.034375 0.10859375
0 0.578125 0.49453125 0.03125 0.1390625
0 0.56953125 0.39453125 0.0296875 0.1
0 0.371875 0.396875 0.046875 0.128125
0 0.29140625 0.46796875 0.0359375 0.13046875
0 0.60078125 0.51953125 0.0515625 0.14453125
0 0.51953125 0.3859375 0.0421875 0.13359375
0 0.17109375 0.5640625 0.0421875 0.14453125
0 0.19765625 0.390625 0.0328125 0.146875
0 0.734375 0.61953125 0.05 0.10546875
0 0.5421875 0.50703125 0.04375 0.13046875
0 0.415625 0.3984375 0.05 0.153125
0 0.7171875 0.271875 0.040625 0.11640625
0 0.4703125 0.3875 0.034375 0.103125
0 0.9171875 0.5609375 0.059375 0.1109375
0 0.32890625 0.453125 0.0515625 0.13359375
0 0.3734375 0.57890625 0.0625 0.153125
0 0.5140625 0.315625 0.04375 0.0640625