0 0.30052083333333335 0.1617873651771957 0.03333333333333333 0.20030816640986132
0 0.5341145833333333 0.3844375963020031 0.044270833333333336 0.20184899845916796
0 0.020572916666666666 0.901386748844376 0.04010416666666667 0.19722650231124808
0 0.5645833333333333 0.11787365177195686 0.0375 0.15562403697996918
0 0.23020833333333332 0.6271186440677966 0.059375 0.2033898305084746
0 0.27786458333333336 0.31278890600924497 0.03697916666666667 0.16640986132511557
0 0.08489583333333334 0.6348228043143297 0.041666666666666664 0.20955315870570107
0 0.49296875 0.4306625577812018 0.0484375 0.24499229583975346
0 0.7127604166666667 0.31278890600924497 0.0390625 0.21879815100154082
0 0.3541666666666667 0.046224961479198766 0.041666666666666664 0.09244992295839753
0 0.25338541666666664 0.926040061633282 0.0640625 0.14791987673343607
0 0.5388020833333333 0.23189522342064714 0.03802083333333333 0.1926040061633282
0 0.5971354166666667 0.1926040061633282 0.043229166666666666 0.19722650231124808
0 0.4484375 0.2981510015408321 0.04791666666666667 0.20184899845916796
0 0.6111979166666667 0.44144838212634824 0.0515625 0.2110939907550077
0 0.5666666666666667 0.4714946070878274 0.058333333333333334 0.23728813559322035