0 0.5015625 0.35023041474654376 0.040625 0.25806451612903225
0 0.65234375 0.271889400921659 0.0421875 0.20276497695852536
0 0.46953125 0.3663594470046083 0.0359375 0.2903225806451613
0 0.48046875 0.14055299539170507 0.0421875 0.2073732718894009
0 0.2609375 0.027649769585253458 0.040625 0.055299539170506916
0 0.52734375 0.1497695852534562 0.0578125 0.1889400921658986
0 0.6671875 0.3709677419354839 0.05 0.2073732718894009
0 0.290625 0.8894009216589862 0.05625 0.22119815668202766
0 0.35859375 0.26036866359447003 0.0421875 0.2350230414746544
0 0.396875 0.2488479262672811 0.034375 0.2304147465437788
0 0.5828125 0.2880184331797235 0.04375 0.2534562211981567