0 0.37890625 0.35944700460829493 0.0453125 0.2764976958525346
1 0.5203125 0.08525345622119816 0.0375 0.17050691244239632
0 0.10703125 0.5345622119815668 0.0328125 0.30414746543778803
0 0.35 0.3824884792626728 0.05 0.29493087557603687
0 0.1875 0.836405529953917 0.04375 0.3271889400921659
0 0.15 0.5691244239631337 0.059375 0.28110599078341014
0 0.2609375 0.29723502304147464 0.046875 0.2350230414746544
0 0.46953125 0.8755760368663594 0.0578125 0.2488479262672811
0 0.6703125 0.5023041474654378 0.053125 0.2672811059907834
0 0.85625 0.6059907834101382 0.04375 0.3087557603686636
0 0.4 0.7304147465437788 0.05 0.3456221198156682
0 0.60703125 0.8018433179723502 0.0515625 0.3317972350230415