0 0.37421875 0.3317972350230415 0.0453125 0.23963133640552994
0 0.45546875 0.24423963133640553 0.0421875 0.22119815668202766
0 0.8484375 0.5645161290322581 0.071875 0.24423963133640553
0 0.61484375 0.07603686635944701 0.0328125 0.15207373271889402
0 0.640625 0.07834101382488479 0.0375 0.15668202764976957
0 0.34375 0.4700460829493088 0.05 0.22119815668202766
0 0.9265625 0.12903225806451613 0.040625 0.22119815668202766
1 0.015625 0.14055299539170507 0.03125 0.21658986175115208
0 0.58125 0.08064516129032258 0.040625 0.16129032258064516
0 0.23125 0.2350230414746544 0.0375 0.2488479262672811
0 0.859375 0.8870967741935484 0.09375 0.22580645161290322
0 0.46015625 0.45852534562211983 0.0734375 0.24423963133640553
0 0.47578125 0.07603686635944701 0.0390625 0.15207373271889402
0 0.69609375 0.4377880184331797 0.0453125 0.25806451612903225