0 0.525 0.32280431432973805 0.036458333333333336 0.12480739599383667
1 0.20026041666666666 0.8097072419106317 0.0390625 0.20801232665639446
0 0.5536458333333333 0.39368258859784283 0.03854166666666667 0.17103235747303544
0 0.55625 0.2542372881355932 0.03229166666666667 0.12326656394453005
0 0.49661458333333336 0.1864406779661017 0.04635416666666667 0.1140215716486903
0 0.04401041666666667 0.41140215716486905 0.0328125 0.18181818181818182
0 0.5729166666666666 0.21417565485362094 0.0375 0.13559322033898305
0 0.4765625 0.29738058551617874 0.03854166666666667 0.11093990755007704
0 0.5703125 0.059322033898305086 0.036458333333333336 0.11864406779661017
0 0.47317708333333336 0.39368258859784283 0.04739583333333333 0.11248073959938366
0 0.23984375 0.0362095531587057 0.0234375 0.0724191063174114
0 0.6893229166666667 0.25192604006163327 0.0265625 0.18335901386748846
0 0.5135416666666667 0.6047765793528506 0.052083333333333336 0.17411402157164868
0 0.37916666666666665 0.3081664098613251 0.030208333333333334 0.1694915254237288
0 0.5125 0.8590138674884438 0.04895833333333333 0.22033898305084745
0 0.67265625 0.3066255778120185 0.0328125 0.18798151001540833
0 0.47109375 0.49075500770416025 0.0546875 0.16486902927580893
0 0.4049479166666667 0.20030816640986132 0.027604166666666666 0.17873651771956856
0 0.27890625 0.5993836671802774 0.0328125 0.17873651771956856