0 0.64453125 0.37557603686635943 0.0515625 0.2903225806451613
0 0.6078125 0.2857142857142857 0.0375 0.23963133640552994
0 0.0484375 0.04838709677419355 0.06875 0.0967741935483871
0 0.1796875 0.868663594470046 0.046875 0.2626728110599078
0 0.2296875 0.6474654377880185 0.0625 0.28110599078341014
0 0.65 0.6543778801843319 0.06875 0.34101382488479265
0 0.0390625 0.5990783410138248 0.05 0.3225806451612903
0 0.5953125 0.543778801843318 0.046875 0.25806451612903225
0 0.18046875 0.45622119815668205 0.0578125 0.2488479262672811
0 0.215625 0.2304147465437788 0.046875 0.20276497695852536
0 0.746875 0.4447004608294931 0.059375 0.2903225806451613
0 0.5578125 0.7465437788018433 0.06875 0.3225806451612903
0 0.421875 0.6175115207373272 0.065625 0.2488479262672811