0 0.68984375 0.60703125 0.0578125 0.21953125
0 0.21484375 0.51953125 0.0390625 0.128125
0 0.778125 0.6390625 0.071875 0.178125
0 0.13671875 0.253125 0.0359375 0.1890625
1 0.64296875 0.11953125 0.0421875 0.171875
0 0.3734375 0.58359375 0.04375 0.228125
0 0.54296875 0.74140625 0.0421875 0.10546875
0 0.1796875 0.9625 0.046875 0.075
0 0.6796875 0.671875 0.053125 0.19453125
0 0.0890625 0.25703125 0.06875 0.16953125
0 0.43359375 0.6015625 0.0484375 0.2140625
0 0.065625 0.91796875 0.053125 0.1640625
0 0.78359375 0.8015625 0.0921875 0.225
0 0.29296875 0.584375 0.0796875 0.196875
0 0.56328125 0.4 0.0453125 0.15546875
0 0.5265625 0.596875 0.05625 0.20546875
0 0.421875 0.4 0.046875 0.15546875
0 0.190625 0.6015625 0.059375 0.196875
0 0.4046875 0.73046875 0.065625 0.1390625
0 0.93984375 0.8890625 0.0484375 0.221875
0 0.6953125 0.496875 0.06484375 0.159375