0 0.77734375 0.33410138248847926 0.0515625 0.271889400921659
0 0.4578125 0.5023041474654378 0.0625 0.22119815668202766
0 0.74375 0.09907834101382489 0.0375 0.19815668202764977
0 0.45703125 0.1175115207373272 0.0609375 0.17972350230414746
0 0.66796875 0.8341013824884793 0.0765625 0.17511520737327188
0 0.6109375 0.815668202764977 0.046875 0.1935483870967742
0 0.7390625 0.41244239631336405 0.0625 0.28110599078341014
0 0.66796875 0.6658986175115207 0.0515625 0.271889400921659
0 0.49765625 0.49078341013824883 0.0546875 0.24423963133640553
0 0.56171875 0.4078341013824885 0.0515625 0.24423963133640553
0 0.521875 0.09216589861751152 0.0625 0.18433179723502305
0 0.46640625 0.7119815668202765 0.0609375 0.2626728110599078
0 0.95234375 0.5737327188940092 0.0609375 0.2626728110599078
0 0.53125 0.7465437788018433 0.05625 0.29493087557603687
0 0.5734375 0.10599078341013825 0.034375 0.2119815668202765
0 0.73203125 0.6612903225806451 0.0734375 0.3271889400921659