0 0.19375 0.7211981566820277 0.065625 0.271889400921659
0 0.35703125 0.29493087557603687 0.0859375 0.2304147465437788
0 0.6171875 0.2488479262672811 0.0625 0.1382488479262673
0 0.5734375 0.195852534562212 0.06875 0.31797235023041476
0 0.44140625 0.5253456221198156 0.0546875 0.2857142857142857
0 0.76875 0.22350230414746544 0.071875 0.22580645161290322
0 0.6453125 0.347926267281106 0.078125 0.2073732718894009
0 0.0609375 0.2534562211981567 0.06875 0.39631336405529954
0 0.6734375 0.17972350230414746 0.05625 0.1382488479262673
0 0.56953125 0.06221198156682028 0.0546875 0.12442396313364056
0 0.409375 0.5161290322580645 0.05625 0.423963133640553
0 0.1171875 0.2995391705069124 0.059375 0.35944700460829493
0 0.4265625 0.7880184331797235 0.059375 0.4147465437788018
0 0.1359375 0.7442396313364056 0.0625 0.4377880184331797
0 0.34453125 0.6428571428571429 0.0546875 0.4470046082949309