0 0.321875 0.6543778801843319 0.05 0.18433179723502305
0 0.3203125 0.5599078341013825 0.053125 0.10599078341013825
0 0.653125 0.45852534562211983 0.046875 0.2350230414746544
0 0.359375 0.5460829493087558 0.05 0.19815668202764977
0 0.171875 0.49078341013824883 0.04375 0.2073732718894009
0 0.31875 0.46774193548387094 0.05 0.14285714285714285
0 0.42421875 0.6267281105990783 0.0578125 0.1382488479262673
1 0.65234375 0.45622119815668205 0.0453125 0.2304147465437788
0 0.4609375 0.8617511520737328 0.05 0.2764976958525346
0 0.43828125 0.7350230414746544 0.0671875 0.16129032258064516
0 0.428125 0.5069124423963134 0.06875 0.16589861751152074
0 0.95390625 0.24423963133640553 0.0484375 0.2304147465437788
0 0.39140625 0.35253456221198154 0.0703125 0.14285714285714285
0 0.29296875 0.2350230414746544 0.0515625 0.2119815668202765
0 0.29609375 0.4055299539170507 0.0546875 0.1935483870967742
0 0.6359375 0.5483870967741935 0.04375 0.2764976958525346
0 0.16953125 0.6658986175115207 0.0484375 0.2626728110599078
0 0.5578125 0.14516129032258066 0.040625 0.1889400921658986
0 0.7625 0.9055299539170507 0.040625 0.1889400921658986
0 0.36640625 0.8502304147465438 0.0703125 0.2995391705069124
0 0.54453125 0.3271889400921659 0.0390625 0.22119815668202766
0 0.23984375 0.29723502304147464 0.0578125 0.2534562211981567
0 0.284375 0.7764976958525346 0.075 0.271889400921659