0 0.67890625 0.5599078341013825 0.0453125 0.17050691244239632
0 0.7265625 0.3617511520737327 0.03125 0.17972350230414746
0 0.75078125 0.7142857142857143 0.0484375 0.3317972350230415
0 0.7265625 0.511520737327189 0.04375 0.22119815668202766
0 0.73203125 0.7580645161290323 0.0609375 0.3087557603686636
0 0.01796875 0.5046082949308756 0.0359375 0.2995391705069124
0 0.1078125 0.4009216589861751 0.0375 0.22119815668202766
0 0.66171875 0.4055299539170507 0.0484375 0.1935483870967742
0 0.6875 0.728110599078341 0.05625 0.2857142857142857
0 0.15078125 0.9539170506912442 0.0546875 0.09216589861751152
0 0.640625 0.6082949308755761 0.04375 0.2764976958525346
0 0.559375 0.8294930875576036 0.059375 0.31336405529953915
0 0.084375 0.7235023041474654 0.090625 0.2672811059907834
0 0.359375 0.8755760368663594 0.05625 0.2488479262672811