0 0.6046875 0.5184331797235023 0.046875 0.16129032258064516
0 0.5890625 0.33640552995391704 0.0375 0.10138248847926268
1 0.02890625 0.20276497695852536 0.0328125 0.2304147465437788
0 0.590625 0.41705069124423966 0.04375 0.1152073732718894
0 0.55078125 0.21658986175115208 0.0390625 0.15668202764976957
0 0.61953125 0.5829493087557603 0.0484375 0.17050691244239632
0 0.42578125 0.7073732718894009 0.0328125 0.2626728110599078
0 0.509375 0.5138248847926268 0.059375 0.16129032258064516
0 0.546875 0.4009216589861751 0.040625 0.16589861751152074
0 0.66171875 0.27880184331797236 0.0359375 0.19815668202764977
0 0.5171875 0.11981566820276497 0.034375 0.23963133640552994
0 0.3546875 0.10829493087557604 0.028125 0.21658986175115208
0 0.36484375 0.3617511520737327 0.0359375 0.2350230414746544
0 0.83203125 0.31797235023041476 0.0453125 0.2304147465437788
0 0.4546875 0.3087557603686636 0.046875 0.17511520737327188
0 0.40234375 0.5414746543778802 0.0359375 0.24423963133640553
0 0.4921875 0.4055299539170507 0.05 0.17511520737327188
0 0.52265625 0.5990783410138248 0.0546875 0.23963133640552994
0 0.67890625 0.5092165898617511 0.0421875 0.2350230414746544
0 0.09375 0.6728110599078341 0.03125 0.2672811059907834
0 0.42109375 0.18663594470046083 0.0484375 0.1889400921658986