0 0.40078125 0.4861751152073733 0.0390625 0.2073732718894009
0 0.425 0.2626728110599078 0.034375 0.2488479262672811
0 0.45703125 0.3433179723502304 0.0515625 0.2534562211981567
0 0.390625 0.25806451612903225 0.04375 0.2488479262672811
0 0.3703125 0.2073732718894009 0.0375 0.2488479262672811
0 0.5015625 0.3317972350230415 0.04375 0.2304147465437788
0 0.97421875 0.03686635944700461 0.0359375 0.07373271889400922
0 0.28515625 0.347926267281106 0.0453125 0.21658986175115208
0 0.4328125 0.5161290322580645 0.05625 0.2488479262672811
0 0.41171875 0.8709677419354839 0.0515625 0.2304147465437788
1 0.09453125 0.09216589861751152 0.0390625 0.18433179723502305
0 0.78515625 0.8894009216589862 0.0453125 0.22119815668202766