0 0.61875 0.5668202764976958 0.040625 0.1382488479262673
0 0.5296875 0.6221198156682027 0.05625 0.14746543778801843
0 0.628125 0.7073732718894009 0.04375 0.15207373271889402
0 0.64609375 0.6082949308755761 0.0359375 0.1382488479262673
0 0.61953125 0.4861751152073733 0.0484375 0.0967741935483871
0 0.52578125 0.8824884792626728 0.0609375 0.2350230414746544
0 0.6234375 0.8410138248847926 0.05625 0.21658986175115208
0 0.52578125 0.5253456221198156 0.0671875 0.15668202764976957
0 0.67421875 0.35944700460829493 0.0484375 0.22119815668202766
0 0.51953125 0.7235023041474654 0.0640625 0.16589861751152074
0 0.39140625 0.6889400921658986 0.0484375 0.17972350230414746
0 0.68125 0.0576036866359447 0.05625 0.1152073732718894
0 0.45859375 0.059907834101382486 0.0296875 0.11981566820276497
0 0.90234375 0.6405529953917051 0.0453125 0.2304147465437788
0 0.31875 0.532258064516129 0.0375 0.2350230414746544
0 0.42109375 0.28110599078341014 0.0390625 0.22119815668202766
0 0.6171875 0.23963133640552994 0.05 0.2119815668202765