0 0.35703125 0.296875 0.03359375 0.05390625
0 0.440625 0.39921875 0.05234375 0.078125
0 0.43515625 0.346875 0.046875 0.06484375
0 0.25546875 0.36171875 0.03203125 0.13359375
0 0.38515625 0.38125 0.028125 0.0953125
0 0.43125 0.29375 0.03984375 0.06640625
0 0.46171875 0.29921875 0.03203125 0.0953125
0 0.37265625 0.696875 0.05078125 0.13203125
0 0.35625 0.41953125 0.0390625 0.09921875
0 0.7796875 0.3546875 0.02734375 0.11484375
0 0.6234375 0.19375 0.02578125 0.09375
0 0.5078125 0.3984375 0.03671875 0.11015625
0 0.759375 0.5140625 0.02890625 0.11875
0 0.3421875 0.540625 0.05 0.1046875
0 0.36953125 0.196875 0.04140625 0.09140625
0 0.578125 0.70390625 0.0296875 0.13515625
0 0.5203125 0.33671875 0.02890625 0.103125
0 0.36484375 0.34140625 0.04453125 0.071875
0 0.44375 0.4609375 0.0546875 0.08359375