0 0.5421875 0.6474654377880185 0.0375 0.271889400921659
0 0.59609375 0.7096774193548387 0.0421875 0.2857142857142857
0 0.66953125 0.1152073732718894 0.0359375 0.2304147465437788
0 0.32578125 0.32027649769585254 0.0609375 0.2626728110599078
0 0.45 0.15668202764976957 0.03125 0.23963133640552994
0 0.328125 0.6705069124423964 0.046875 0.271889400921659
0 0.478125 0.09907834101382489 0.03125 0.17972350230414746
0 0.5390625 0.3271889400921659 0.04375 0.22119815668202766
0 0.43671875 0.7488479262672811 0.0484375 0.31797235023041476
1 0.64765625 0.6866359447004609 0.0390625 0.29493087557603687
0 0.75078125 0.3617511520737327 0.0390625 0.28110599078341014
0 0.58828125 0.1359447004608295 0.0359375 0.271889400921659
0 0.25859375 0.5276497695852534 0.0453125 0.28110599078341014
0 0.3390625 0.8917050691244239 0.05 0.21658986175115208
0 0.4984375 0.6059907834101382 0.05 0.2903225806451613
0 0.88984375 0.9009216589861752 0.0546875 0.19815668202764977