0 0.4671875 0.5552995391705069 0.040625 0.21658986175115208
0 0.49296875 0.1935483870967742 0.0453125 0.17511520737327188
0 0.20703125 0.4308755760368664 0.0390625 0.19815668202764977
0 0.503125 0.4539170506912442 0.04375 0.0967741935483871
0 0.34296875 0.32027649769585254 0.0484375 0.22580645161290322
1 0.92421875 0.09216589861751152 0.0265625 0.18433179723502305
0 0.4375 0.631336405529954 0.040625 0.2119815668202765
0 0.35 0.12442396313364056 0.028125 0.16589861751152074
0 0.58046875 0.41244239631336405 0.0453125 0.19815668202764977
0 0.53515625 0.42857142857142855 0.0359375 0.2304147465437788
0 0.453125 0.19815668202764977 0.04375 0.16589861751152074
0 0.509375 0.5875576036866359 0.04375 0.22580645161290322
0 0.55234375 0.04838709677419355 0.0484375 0.0967741935483871
0 0.11875 0.4769585253456221 0.0375 0.2350230414746544
0 0.35 0.45622119815668205 0.04375 0.20276497695852536
0 0.3703125 0.7926267281105991 0.034375 0.22119815668202766
0 0.74765625 0.41935483870967744 0.0453125 0.20276497695852536
0 0.278125 0.029953917050691243 0.0375 0.059907834101382486
0 0.6234375 0.3294930875576037 0.059375 0.22580645161290322