0 0.56484375 0.4009216589861751 0.0359375 0.2488479262672811
0 0.53515625 0.5345622119815668 0.0546875 0.14746543778801843
0 0.55 0.6543778801843319 0.05 0.18433179723502305
0 0.53984375 0.3686635944700461 0.0390625 0.11981566820276497
1 0.23515625 0.391705069124424 0.0296875 0.23963133640552994
0 0.4546875 0.22119815668202766 0.028125 0.16589861751152074
1 0.94921875 0.0967741935483871 0.0265625 0.1935483870967742
0 0.525 0.4400921658986175 0.046875 0.10599078341013825
0 0.784375 0.423963133640553 0.025 0.23963133640552994
0 0.44296875 0.3709677419354839 0.0359375 0.1336405529953917
0 0.359375 0.2903225806451613 0.025 0.2119815668202765
0 0.3796875 0.10599078341013825 0.028125 0.20276497695852536
0 0.34140625 0.4861751152073733 0.0296875 0.24423963133640553
0 0.30234375 0.684331797235023 0.0359375 0.2350230414746544
0 0.45703125 0.511520737327189 0.0515625 0.1382488479262673
0 0.609375 0.055299539170506916 0.053125 0.11059907834101383
0 0.540625 0.22119815668202766 0.046875 0.10138248847926268
0 0.59609375 0.1912442396313364 0.0296875 0.2073732718894009
0 0.30390625 0.029953917050691243 0.0265625 0.059907834101382486