0 0.6484375 0.1890625 0.028125 0.0609375
0 0.6640625 0.24453125 0.040625 0.06640625
0 0.6859375 0.31640625 0.040625 0.06640625
0 0.73359375 0.44296875 0.0265625 0.08046875
0 0.78046875 0.5765625 0.0296875 0.08046875
0 0.21640625 0.1390625 0.0359375 0.06640625
0 0.80234375 0.64609375 0.0328125 0.09140625
0 0.215625 0.54453125 0.040625 0.1
0 0.82578125 0.73359375 0.0359375 0.10546875
0 0.18046875 0.240625 0.0390625 0.075
0 0.75390625 0.50546875 0.0296875 0.0890625
0 0.72734375 0.30859375 0.0234375 0.0890625
0 0.26328125 0.7109375 0.0390625 0.09453125
0 0.22265625 0.38359375 0.0359375 0.05859375
0 0.6125 0.0890625 0.021875 0.053125
0 0.63046875 0.134375 0.0234375 0.0640625