0 0.51796875 0.11981566820276497 0.0390625 0.16589861751152074
1 0.32578125 0.16589861751152074 0.0265625 0.2119815668202765
0 0.54921875 0.10138248847926268 0.0390625 0.1382488479262673
0 0.590625 0.24193548387096775 0.053125 0.14285714285714285
0 0.6109375 0.38018433179723504 0.046875 0.17972350230414746
0 0.5015625 0.42626728110599077 0.059375 0.12442396313364056
0 0.621875 0.1889400921658986 0.046875 0.12903225806451613
0 0.63515625 0.11059907834101383 0.0421875 0.14746543778801843
0 0.2 0.6889400921658986 0.034375 0.271889400921659
0 0.38125 0.5069124423963134 0.0375 0.22119815668202766
0 0.425 0.25806451612903225 0.03125 0.2119815668202765
0 0.7609375 0.23963133640552994 0.034375 0.2304147465437788
0 0.0328125 0.21658986175115208 0.040625 0.23963133640552994
0 0.5296875 0.24423963133640553 0.053125 0.14746543778801843
0 0.5984375 0.9055299539170507 0.065625 0.1889400921658986
0 0.8046875 0.18202764976958524 0.040625 0.19815668202764977
0 0.6171875 0.6105990783410138 0.05625 0.1889400921658986