1 0.0421875 0.6152073732718893 0.025 0.2350230414746544
0 0.42265625 0.24193548387096775 0.0421875 0.10599078341013825
0 0.49765625 0.1889400921658986 0.0453125 0.11981566820276497
0 0.4484375 0.29723502304147464 0.04375 0.12442396313364056
0 0.4265625 0.4147465437788018 0.04375 0.17511520737327188
0 0.528125 0.4769585253456221 0.05 0.1336405529953917
0 0.76171875 0.2488479262672811 0.0234375 0.1935483870967742
0 0.32890625 0.06221198156682028 0.0296875 0.12442396313364056
0 0.4125 0.1774193548387097 0.04375 0.1152073732718894
0 0.515625 0.3456221198156682 0.040625 0.16589861751152074
1 0.690625 0.2834101382488479 0.028125 0.17972350230414746
0 0.58828125 0.06912442396313365 0.0359375 0.1382488479262673
0 0.259375 0.39631336405529954 0.0375 0.18433179723502305
0 0.43515625 0.836405529953917 0.0578125 0.17972350230414746
0 0.29140625 0.2764976958525346 0.0328125 0.22119815668202766
0 0.68125 0.6981566820276498 0.0375 0.17972350230414746