0 0.675 0.2626728110599078 0.046875 0.12903225806451613
0 0.64765625 0.3433179723502304 0.0421875 0.08755760368663594
0 0.59765625 0.4447004608294931 0.0359375 0.1152073732718894
0 0.4921875 0.2511520737327189 0.034375 0.1336405529953917
0 0.47578125 0.3663594470046083 0.0359375 0.16129032258064516
0 0.60859375 0.2511520737327189 0.0421875 0.12442396313364056
0 0.65625 0.4631336405529954 0.053125 0.19815668202764977
0 0.59609375 0.3248847926267281 0.0484375 0.14285714285714285
1 0.3734375 0.31797235023041476 0.03125 0.18433179723502305
0 0.665625 0.6428571428571429 0.040625 0.16129032258064516
0 0.73671875 0.49078341013824883 0.0515625 0.17050691244239632
0 0.2515625 0.08755760368663594 0.03125 0.17511520737327188
0 0.9125 0.3709677419354839 0.0375 0.21658986175115208
0 0.81328125 0.3548387096774194 0.0390625 0.23963133640552994
0 0.571875 0.49078341013824883 0.0375 0.1889400921658986
0 0.2546875 0.5806451612903226 0.034375 0.2119815668202765
0 0.2796875 0.7811059907834101 0.0375 0.21658986175115208
0 0.36875 0.016129032258064516 0.034375 0.03225806451612903
0 0.45625 0.5391705069124424 0.0375 0.2119815668202765
0 0.640625 0.8064516129032258 0.059375 0.2304147465437788