0 0.640625 0.2880184331797235 0.0375 0.2534562211981567
0 0.4875 0.26036866359447003 0.040625 0.2534562211981567
0 0.66328125 0.14285714285714285 0.0421875 0.20276497695852536
0 0.6171875 0.3294930875576037 0.046875 0.24423963133640553
0 0.46875 0.18663594470046083 0.03125 0.2073732718894009
0 0.51328125 0.27880184331797236 0.0578125 0.24423963133640553
0 0.29375 0.04838709677419355 0.034375 0.0967741935483871
0 0.690625 0.3548387096774194 0.034375 0.25806451612903225
0 0.10625 0.5391705069124424 0.040625 0.23963133640552994
0 0.290625 0.6336405529953917 0.034375 0.21658986175115208
1 0.2875 0.29493087557603687 0.034375 0.23963133640552994
0 0.36875 0.5023041474654378 0.028125 0.25806451612903225