0 0.37265625 0.43317972350230416 0.0515625 0.2304147465437788
0 0.4828125 0.3248847926267281 0.05 0.2350230414746544
0 0.6484375 0.29723502304147464 0.040625 0.271889400921659
0 0.4234375 0.26497695852534564 0.05 0.24423963133640553
0 0.62578125 0.3294930875576037 0.0546875 0.3087557603686636
0 0.24140625 0.10368663594470046 0.0421875 0.2073732718894009
0 0.534375 0.3456221198156682 0.053125 0.30414746543778803
0 0.5875 0.5552995391705069 0.05 0.271889400921659
0 0.47734375 0.49539170506912444 0.0640625 0.271889400921659
0 0.50859375 0.1912442396313364 0.0453125 0.17050691244239632
0 0.76953125 0.5023041474654378 0.0609375 0.23963133640552994
1 0.94765625 0.3294930875576037 0.0421875 0.2903225806451613