0 0.5109375 0.5783410138248848 0.078125 0.47465437788018433
0 0.42265625 0.46774193548387094 0.0671875 0.2995391705069124
0 0.5765625 0.6797235023041475 0.0625 0.46543778801843316
0 0.5828125 0.2880184331797235 0.05625 0.24423963133640553
0 0.43828125 0.33640552995391704 0.0734375 0.2672811059907834
0 0.77890625 0.5483870967741935 0.0640625 0.3870967741935484
0 0.64609375 0.511520737327189 0.0703125 0.423963133640553
0 0.43359375 0.7949308755760369 0.0671875 0.4009216589861751
0 0.61484375 0.18663594470046083 0.0671875 0.37327188940092165
0 0.92578125 0.4769585253456221 0.1046875 0.41935483870967744
0 0.54375 0.2073732718894009 0.071875 0.4147465437788018
0 0.27421875 0.26036866359447003 0.0703125 0.511520737327189
0 0.3453125 0.716589861751152 0.0625 0.4470046082949309
0 0.35546875 0.24193548387096775 0.0671875 0.4838709677419355
1 0.84296875 0.6359447004608295 0.0953125 0.4976958525345622