0 0.628125 0.3778801843317972 0.0375 0.10138248847926268
0 0.62890625 0.30184331797235026 0.0390625 0.10599078341013825
0 0.6421875 0.6290322580645161 0.04375 0.14285714285714285
1 0.9703125 0.07603686635944701 0.021875 0.15207373271889402
0 0.11796875 0.7073732718894009 0.0359375 0.17972350230414746
0 0.5703125 0.5276497695852534 0.05625 0.12442396313364056
0 0.56796875 0.6820276497695853 0.0546875 0.12903225806451613
0 0.6890625 0.6589861751152074 0.040625 0.14746543778801843
0 0.10859375 0.08294930875576037 0.0265625 0.16589861751152074
0 0.5546875 0.2857142857142857 0.05 0.10138248847926268
0 0.73125 0.41244239631336405 0.03125 0.19815668202764977
0 0.55390625 0.4078341013824885 0.0421875 0.12442396313364056
0 0.475 0.5668202764976958 0.0375 0.16589861751152074
0 0.4703125 0.3548387096774194 0.03125 0.17511520737327188
0 0.85234375 0.41705069124423966 0.0328125 0.1889400921658986
0 0.365625 0.5161290322580645 0.0375 0.16589861751152074
0 0.57734375 0.9331797235023042 0.0359375 0.1336405529953917
0 0.69609375 0.9193548387096774 0.0578125 0.16129032258064516