1 0.99140625 0.6981566820276498 0.0171875 0.21658986175115208
0 0.5515625 0.3986175115207373 0.03125 0.16129032258064516
0 0.54609375 0.5714285714285714 0.0390625 0.15668202764976957
0 0.48828125 0.37327188940092165 0.0453125 0.15668202764976957
0 0.48828125 0.4608294930875576 0.0453125 0.16589861751152074
0 0.58515625 0.48847926267281105 0.0359375 0.22119815668202766
0 0.5015625 0.21428571428571427 0.034375 0.16129032258064516
0 0.56171875 0.6981566820276498 0.0484375 0.17972350230414746
0 0.35078125 0.41013824884792627 0.0390625 0.18433179723502305
0 0.6171875 0.1774193548387097 0.040625 0.17050691244239632
0 0.4953125 0.7396313364055299 0.04375 0.2073732718894009
0 0.60234375 0.02534562211981567 0.0453125 0.05069124423963134
0 0.7921875 0.5207373271889401 0.0375 0.2119815668202765
0 0.19921875 0.10599078341013825 0.0296875 0.16589861751152074
0 0.30390625 0.5483870967741935 0.0421875 0.20276497695852536
0 0.47890625 0.6129032258064516 0.0578125 0.20276497695852536
0 0.03359375 0.7903225806451613 0.0421875 0.22580645161290322