0 0.49296875 0.17511520737327188 0.0390625 0.16589861751152074
0 0.50078125 0.041474654377880185 0.0484375 0.08294930875576037
0 0.4359375 0.3986175115207373 0.04375 0.2534562211981567
0 0.46640625 0.3870967741935484 0.0515625 0.1382488479262673
0 0.54609375 0.2626728110599078 0.0578125 0.2119815668202765
0 0.4109375 0.11059907834101383 0.0625 0.1935483870967742
0 0.1359375 0.08755760368663594 0.071875 0.17511520737327188
0 0.51875 0.03225806451612903 0.0375 0.06451612903225806
0 0.43359375 0.2350230414746544 0.0734375 0.15668202764976957
0 0.46875 0.03456221198156682 0.034375 0.06912442396313365
0 0.28359375 0.08986175115207373 0.0359375 0.17972350230414746
0 0.575 0.0944700460829493 0.0375 0.1889400921658986
0 0.371875 0.04838709677419355 0.0375 0.0967741935483871
0 0.65859375 0.8732718894009217 0.0640625 0.2534562211981567
0 0.50390625 0.8894009216589862 0.0421875 0.22119815668202766
0 0.7953125 0.12672811059907835 0.040625 0.19815668202764977