0 0.0953125 0.9723502304147466 0.034375 0.055299539170506916
0 0.775 0.35023041474654376 0.05625 0.2304147465437788
0 0.72421875 0.35023041474654376 0.0484375 0.2119815668202765
0 0.66796875 0.5460829493087558 0.0328125 0.2534562211981567
0 0.69140625 0.5483870967741935 0.0421875 0.2488479262672811
0 0.253125 0.9331797235023042 0.0375 0.1336405529953917
0 0.3671875 0.5092165898617511 0.034375 0.271889400921659
0 0.7625 0.5092165898617511 0.040625 0.2626728110599078
0 0.64375 0.5506912442396313 0.046875 0.21658986175115208
0 0.5984375 0.543778801843318 0.0375 0.2857142857142857
0 0.50703125 0.37557603686635943 0.0515625 0.2534562211981567
0 0.3875 0.059907834101382486 0.0375 0.11981566820276497
0 0.78359375 0.804147465437788 0.0546875 0.2534562211981567
0 0.6671875 0.8064516129032258 0.046875 0.1935483870967742
0 0.07890625 0.4400921658986175 0.0578125 0.24423963133640553
0 0.5296875 0.2995391705069124 0.05625 0.25806451612903225
0 0.51171875 0.02304147465437788 0.0484375 0.04608294930875576
0 0.2078125 0.1382488479262673 0.05625 0.2119815668202765
0 0.49453125 0.684331797235023 0.0546875 0.24423963133640553