0 0.6734375 0.32027649769585254 0.05 0.3087557603686636
0 0.540625 0.5253456221198156 0.090625 0.3317972350230415
0 0.08828125 0.16589861751152074 0.0640625 0.29493087557603687
0 0.4765625 0.3870967741935484 0.08125 0.29493087557603687
0 0.46953125 0.880184331797235 0.0765625 0.23963133640552994
0 0.57421875 0.24193548387096775 0.0578125 0.271889400921659
0 0.38671875 0.2350230414746544 0.0484375 0.2857142857142857
0 0.390625 0.8709677419354839 0.08125 0.25806451612903225
0 0.7953125 0.3225806451612903 0.071875 0.29493087557603687
0 0.4828125 0.22350230414746544 0.0875 0.2903225806451613
0 0.60625 0.15207373271889402 0.075 0.22119815668202766
0 0.30546875 0.07142857142857142 0.0609375 0.14285714285714285