0 0.70625 0.018433179723502304 0.028125 0.03686635944700461
0 0.54453125 0.42626728110599077 0.0359375 0.2350230414746544
0 0.8015625 0.7557603686635944 0.05 0.2119815668202765
0 0.6796875 0.03225806451612903 0.0375 0.06451612903225806
0 0.65 0.09907834101382489 0.0375 0.19815668202764977
0 0.43671875 0.33640552995391704 0.0515625 0.2304147465437788
0 0.43359375 0.45161290322580644 0.0640625 0.2488479262672811
0 0.7078125 0.11981566820276497 0.03125 0.22119815668202766
0 0.82265625 0.8571428571428571 0.0703125 0.2764976958525346
0 0.94140625 0.6474654377880185 0.0515625 0.2350230414746544
0 0.24296875 0.42857142857142855 0.0578125 0.23963133640552994
0 0.80703125 0.4147465437788018 0.0546875 0.25806451612903225