0 0.5046875 0.484375 0.034375 0.096875
0 0.521875 0.50859375 0.03125 0.121875
0 0.4875 0.40390625 0.04375 0.125
0 0.29765625 0.45390625 0.0421875 0.14140625
0 0.60703125 0.70390625 0.0515625 0.153125
0 0.5671875 0.48359375 0.05625 0.14453125
0 0.38515625 0.5625 0.0421875 0.14140625
0 0.68984375 0.53203125 0.0359375 0.146875
0 0.646875 0.10703125 0.03125 0.08046875
0 0.69609375 0.4375 0.0390625 0.10859375
0 0.4921875 0.5984375 0.071875 0.146875
0 0.69609375 0.090625 0.0359375 0.096875
0 0.25703125 0.55703125 0.0390625 0.153125
0 0.346875 0.43359375 0.05625 0.14453125
0 0.6359375 0.61953125 0.05 0.15
1 0.078125 0.290625 0.040625 0.125
0 0.565625 0.55390625 0.0625 0.16953125
0 0.3453125 0.60390625 0.059375 0.15859375
0 0.4875 0.33203125 0.0375 0.090625
0 0.52734375 0.39921875 0.0390625 0.10390625