0 0.5046875 0.4032258064516129 0.0375 0.1889400921658986
0 0.4421875 0.45161290322580644 0.0375 0.18433179723502305
0 0.47578125 0.3640552995391705 0.0328125 0.12903225806451613
1 0.98984375 0.6612903225806451 0.0203125 0.2350230414746544
0 0.4578125 0.05069124423963134 0.028125 0.10138248847926268
0 0.45234375 0.5345622119815668 0.0515625 0.22119815668202766
0 0.69453125 0.4308755760368664 0.0328125 0.17972350230414746
1 0.97109375 0.1336405529953917 0.0328125 0.2119815668202765
0 0.55078125 0.7649769585253456 0.0546875 0.2488479262672811
0 0.375 0.35944700460829493 0.028125 0.1935483870967742
0 0.565625 0.7050691244239631 0.04375 0.22119815668202766
0 0.29921875 0.013824884792626729 0.0390625 0.027649769585253458
0 0.66015625 0.45622119815668205 0.0421875 0.2119815668202765
0 0.3765625 0.9608294930875576 0.04375 0.07834101382488479
0 0.32421875 0.511520737327189 0.0296875 0.2119815668202765
0 0.50390625 0.5345622119815668 0.0515625 0.2304147465437788
0 0.1421875 0.1359447004608295 0.046875 0.15207373271889402