0 0.621875 0.2488479262672811 0.03125 0.12903225806451613
0 0.5921875 0.21889400921658986 0.03125 0.14285714285714285
0 0.59921875 0.06682027649769585 0.0296875 0.1152073732718894
0 0.715625 0.16129032258064516 0.03125 0.20276497695852536
0 0.69296875 0.10829493087557604 0.0234375 0.16129032258064516
0 0.4296875 0.2626728110599078 0.03125 0.16589861751152074
0 0.409375 0.347926267281106 0.03125 0.17972350230414746
0 0.1671875 0.06912442396313365 0.028125 0.1382488479262673
0 0.603125 0.39631336405529954 0.046875 0.1935483870967742
0 0.65 0.3087557603686636 0.04375 0.14746543778801843
0 0.53671875 0.20506912442396313 0.0546875 0.1336405529953917
0 0.55859375 0.3087557603686636 0.0515625 0.14746543778801843
0 0.6703125 0.4792626728110599 0.046875 0.16589861751152074
0 0.5140625 0.06451612903225806 0.059375 0.12903225806451613
0 0.7296875 0.6359447004608295 0.05 0.18433179723502305
0 0.39453125 0.6082949308755761 0.0390625 0.20276497695852536