0 0.3953125 0.47890625 0.046875 0.09140625
0 0.4203125 0.3859375 0.040625 0.06640625
0 0.44140625 0.32109375 0.0421875 0.08046875
0 0.3859375 0.415625 0.0375 0.08046875
0 0.43046875 0.44296875 0.0421875 0.096875
0 0.47734375 0.515625 0.0578125 0.096875
0 0.9125 0.43046875 0.0375 0.15
0 0.57578125 0.3 0.0359375 0.10546875
0 0.490625 0.44609375 0.046875 0.09140625
0 0.46796875 0.56953125 0.0671875 0.1
0 0.38359375 0.52109375 0.0515625 0.103125
0 0.5578125 0.675 0.040625 0.1609375
0 0.575 0.42109375 0.034375 0.153125
0 0.50390625 0.371875 0.0484375 0.09453125
0 0.16953125 0.40546875 0.0390625 0.128125
0 0.52265625 0.303125 0.0609375 0.078125
0 0.6328125 0.3515625 0.040625 0.1359375
0 0.54921875 0.20390625 0.0359375 0.10859375
0 0.4421875 0.18359375 0.046875 0.121875
0 0.33984375 0.6265625 0.0640625 0.14140625
0 0.29375 0.3390625 0.040625 0.11640625