0 0.61171875 0.5852534562211982 0.0359375 0.15668202764976957
0 0.62109375 0.3778801843317972 0.0390625 0.10138248847926268
0 0.58359375 0.652073732718894 0.0421875 0.10599078341013825
0 0.61640625 0.43317972350230416 0.0359375 0.11981566820276497
0 0.58125 0.5622119815668203 0.0375 0.10138248847926268
0 0.40078125 0.5253456221198156 0.0359375 0.14746543778801843
0 0.5625 0.9285714285714286 0.040625 0.14285714285714285
0 0.38515625 0.6658986175115207 0.0390625 0.1889400921658986
1 0.290625 0.576036866359447 0.025 0.20276497695852536
0 0.58125 0.7557603686635944 0.0375 0.16589861751152074
0 0.4578125 0.3686635944700461 0.034375 0.16589861751152074
0 0.32578125 0.195852534562212 0.0296875 0.17050691244239632
0 0.8203125 0.5990783410138248 0.0375 0.1935483870967742
0 0.49296875 0.8317972350230415 0.0609375 0.15207373271889402
0 0.66328125 0.34101382488479265 0.0359375 0.16589861751152074
0 0.5328125 0.5184331797235023 0.046875 0.12442396313364056
0 0.36328125 0.9539170506912442 0.0453125 0.09216589861751152
0 0.5484375 0.3617511520737327 0.05 0.12442396313364056
0 0.17578125 0.7350230414746544 0.0390625 0.17972350230414746
0 0.50703125 0.6474654377880185 0.0515625 0.12442396313364056