0 0.54375 0.3248847926267281 0.046875 0.12442396313364056
0 0.68671875 0.38018433179723504 0.0296875 0.22580645161290322
0 0.471875 0.5046082949308756 0.04375 0.14285714285714285
0 0.46640625 0.41935483870967744 0.0453125 0.11059907834101383
0 0.36640625 0.3709677419354839 0.0328125 0.17972350230414746
0 0.52109375 0.4377880184331797 0.0453125 0.12903225806451613
0 0.0390625 0.3870967741935484 0.028125 0.18433179723502305
0 0.3421875 0.4608294930875576 0.040625 0.2119815668202765
0 0.70625 0.34101382488479265 0.03125 0.17511520737327188
0 0.5515625 0.10599078341013825 0.040625 0.17511520737327188
0 0.39296875 0.12442396313364056 0.0265625 0.16589861751152074
0 0.47734375 0.6290322580645161 0.0390625 0.21658986175115208
0 0.5953125 0.7373271889400922 0.05 0.2119815668202765
0 0.4625 0.2880184331797235 0.053125 0.12442396313364056
0 0.19765625 0.5875576036866359 0.0265625 0.21658986175115208
0 0.365625 0.8548387096774194 0.034375 0.2350230414746544