0 0.69375 0.4700460829493088 0.04375 0.2672811059907834
0 0.56171875 0.2626728110599078 0.0390625 0.20276497695852536
0 0.646875 0.35944700460829493 0.053125 0.23963133640552994
0 0.525 0.2119815668202765 0.046875 0.2857142857142857
0 0.39453125 0.45852534562211983 0.0546875 0.3548387096774194
0 0.97421875 0.8663594470046083 0.0515625 0.2672811059907834
0 0.72421875 0.5552995391705069 0.0671875 0.2995391705069124
0 0.875 0.8894009216589862 0.05625 0.22119815668202766
0 0.11796875 0.46774193548387094 0.0609375 0.31797235023041476
0 0.5828125 0.8502304147465438 0.05625 0.2995391705069124
0 0.4765625 0.195852534562212 0.075 0.2350230414746544
0 0.53203125 0.4976958525345622 0.0640625 0.3686635944700461
0 0.64609375 0.8433179723502304 0.0765625 0.29493087557603687