0 0.47578125 0.4308755760368664 0.0515625 0.1152073732718894
0 0.565625 0.5184331797235023 0.04375 0.15207373271889402
0 0.55390625 0.30184331797235026 0.0421875 0.1336405529953917
0 0.01171875 0.35253456221198154 0.0234375 0.1889400921658986
0 0.5625 0.6267281105990783 0.04375 0.15668202764976957
0 0.3640625 0.3617511520737327 0.0375 0.1889400921658986
0 0.33671875 0.4608294930875576 0.0421875 0.2119815668202765
0 0.48125 0.5230414746543779 0.05 0.14285714285714285
0 0.39375 0.10138248847926268 0.03125 0.17511520737327188
0 0.48046875 0.6820276497695853 0.0609375 0.15668202764976957
0 0.46796875 0.2857142857142857 0.0546875 0.12903225806451613
0 0.603125 0.7511520737327189 0.053125 0.2304147465437788
0 0.28359375 0.5967741935483871 0.0296875 0.2350230414746544
0 0.55859375 0.08986175115207373 0.0453125 0.17972350230414746
0 0.38984375 0.8502304147465438 0.0390625 0.24423963133640553
0 0.721875 0.33410138248847926 0.034375 0.17972350230414746
0 0.7046875 0.3870967741935484 0.040625 0.23963133640552994