0 0.578125 0.44930875576036866 0.046875 0.08755760368663594
0 0.575 0.3824884792626728 0.040625 0.09216589861751152
0 0.71171875 0.4838709677419355 0.0390625 0.1935483870967742
0 0.5921875 0.35023041474654376 0.034375 0.10138248847926268
0 0.58046875 0.5207373271889401 0.0390625 0.11059907834101383
0 0.5953125 0.2926267281105991 0.0375 0.0967741935483871
0 0.5296875 0.11290322580645161 0.034375 0.12442396313364056
0 0.15 0.2534562211981567 0.021875 0.1935483870967742
0 0.5765625 0.6221198156682027 0.040625 0.14746543778801843
0 0.41640625 0.4032258064516129 0.0328125 0.1336405529953917
0 0.40546875 0.5391705069124424 0.0359375 0.16589861751152074
0 0.51484375 0.3663594470046083 0.0421875 0.1152073732718894
1 0.34296875 0.2764976958525346 0.0203125 0.18433179723502305
0 0.528125 0.2488479262672811 0.05 0.11981566820276497
0 0.49375 0.6981566820276498 0.0625 0.14285714285714285
0 0.21640625 0.6612903225806451 0.0265625 0.19815668202764977
0 0.5046875 0.5069124423963134 0.05 0.12903225806451613
0 0.6046875 0.10138248847926268 0.040625 0.15668202764976957