0 0.61015625 0.48359375 0.0359375 0.11640625
0 0.60703125 0.3625 0.0421875 0.09140625
0 0.70859375 0.46953125 0.0546875 0.15546875
0 0.5234375 0.29453125 0.05625 0.13359375
0 0.5625 0.40390625 0.040625 0.103125
0 0.51484375 0.20546875 0.0515625 0.1
0 0.57265625 0.509375 0.0515625 0.153125
0 0.59375 0.271875 0.040625 0.1
0 0.24453125 0.1890625 0.0328125 0.1109375
0 0.65859375 0.52109375 0.0453125 0.13046875
0 0.5890625 0.5625 0.04375 0.13046875
0 0.028125 0.353125 0.040625 0.13359375
0 0.6265625 0.64296875 0.075 0.13046875
0 0.4328125 0.421875 0.034375 0.128125
0 0.31953125 0.70546875 0.0515625 0.14453125
0 0.87890625 0.41796875 0.0453125 0.125
0 0.25078125 0.465625 0.0546875 0.125
0 0.3921875 0.3 0.034375 0.121875
0 0.4796875 0.459375 0.059375 0.1359375