0 0.5046875 0.2119815668202765 0.034375 0.12903225806451613
0 0.5234375 0.14055299539170507 0.03125 0.10599078341013825
0 0.009375 0.07142857142857142 0.01875 0.14285714285714285
0 0.47109375 0.30414746543778803 0.0453125 0.14746543778801843
0 0.51796875 0.4055299539170507 0.0484375 0.17511520737327188
0 0.57734375 0.21428571428571427 0.0421875 0.2350230414746544
0 0.51484375 0.5414746543778802 0.0484375 0.24423963133640553
0 0.44296875 0.41013824884792627 0.0453125 0.18433179723502305
0 0.54609375 0.2672811059907834 0.0484375 0.1935483870967742
0 0.31015625 0.33410138248847926 0.0390625 0.22580645161290322
0 0.43984375 0.5714285714285714 0.0640625 0.2488479262672811
0 0.3125 0.08986175115207373 0.03125 0.17972350230414746
0 0.79140625 0.3870967741935484 0.0515625 0.2304147465437788
0 0.58515625 0.3617511520737327 0.0546875 0.2626728110599078
0 0.2640625 0.9170506912442397 0.0625 0.16589861751152074
0 0.49140625 0.9124423963133641 0.0828125 0.17511520737327188