0 0.6015625 0.20506912442396313 0.028125 0.2626728110599078
0 0.3875 0.2465437788018433 0.05625 0.15207373271889402
0 0.2015625 0.27880184331797236 0.025 0.28110599078341014
0 0.48984375 0.2880184331797235 0.0578125 0.15207373271889402
0 0.6375 0.24423963133640553 0.034375 0.25806451612903225
0 0.53046875 0.423963133640553 0.0515625 0.22119815668202766
1 0.10546875 0.12903225806451613 0.0359375 0.25806451612903225
0 0.3578125 0.6059907834101382 0.05 0.271889400921659
0 0.46015625 0.17050691244239632 0.0484375 0.15668202764976957
0 0.36796875 0.19815668202764977 0.0515625 0.16589861751152074
0 0.5609375 0.41935483870967744 0.04375 0.2672811059907834
0 0.22734375 0.22811059907834103 0.0390625 0.2534562211981567
0 0.434375 0.4447004608294931 0.0625 0.1889400921658986
0 0.54453125 0.1497695852534562 0.0296875 0.271889400921659
1 0.73359375 0.21889400921658986 0.0390625 0.28110599078341014
0 0.37734375 0.41935483870967744 0.0484375 0.2119815668202765
0 0.6625 0.6497695852534562 0.05 0.23963133640552994
0 0.62109375 0.4377880184331797 0.0359375 0.2764976958525346