1 0.2578125 0.0765625 0.0375 0.146875
0 0.5171875 0.37890625 0.040625 0.1359375
0 0.29765625 0.6515625 0.0734375 0.225
0 0.0453125 0.81953125 0.071875 0.28359375
0 0.37421875 0.90703125 0.0453125 0.18046875
0 0.01796875 0.6765625 0.0359375 0.23046875
0 0.3859375 0.4609375 0.071875 0.18359375
0 0.53984375 0.471875 0.0609375 0.2
0 0.2609375 0.7625 0.0625 0.18046875
0 0.48203125 0.48046875 0.0703125 0.2109375
0 0.4140625 0.5625 0.065625 0.21953125
0 0.5390625 0.73046875 0.065625 0.2390625
0 0.8078125 0.7 0.059375 0.23359375
0 0.63203125 0.4390625 0.0671875 0.171875
0 0.04453125 0.4015625 0.0578125 0.246875