0 0.415625 0.8870967741935484 0.053125 0.22580645161290322
0 0.5625 0.783410138248848 0.05 0.2304147465437788
0 0.69375 0.029953917050691243 0.040625 0.059907834101382486
0 0.4421875 0.9377880184331797 0.05625 0.12442396313364056
0 0.4921875 0.8410138248847926 0.06875 0.271889400921659
0 0.278125 0.7695852534562212 0.0625 0.2672811059907834
0 0.59765625 0.8571428571428571 0.0453125 0.2672811059907834
0 0.6640625 0.8824884792626728 0.053125 0.2350230414746544
0 0.23671875 0.6405529953917051 0.0578125 0.2764976958525346
0 0.6828125 0.5691244239631337 0.046875 0.28110599078341014
1 0.8265625 0.6359447004608295 0.040625 0.29493087557603687
0 0.4609375 0.4400921658986175 0.06875 0.271889400921659
0 0.49765625 0.41244239631336405 0.0390625 0.2534562211981567