0 0.43359375 0.3548387096774194 0.0453125 0.08294930875576037
0 0.440625 0.2534562211981567 0.04375 0.10138248847926268
0 0.52109375 0.20276497695852536 0.0546875 0.11981566820276497
0 0.43515625 0.44930875576036866 0.0484375 0.16129032258064516
0 0.52109375 0.26497695852534564 0.0546875 0.12442396313364056
0 0.45859375 0.3248847926267281 0.0421875 0.1336405529953917
0 0.51328125 0.3617511520737327 0.0484375 0.15207373271889402
1 0.74765625 0.28110599078341014 0.0296875 0.20276497695852536
0 0.61171875 0.23732718894009217 0.0328125 0.16129032258064516
0 0.3375 0.2903225806451613 0.040625 0.2304147465437788
0 0.31328125 0.38018433179723504 0.0421875 0.1889400921658986
0 0.5234375 0.5092165898617511 0.059375 0.16129032258064516
0 0.6171875 0.3847926267281106 0.034375 0.19815668202764977
0 0.859375 0.4815668202764977 0.046875 0.19815668202764977
0 0.57578125 0.7880184331797235 0.0390625 0.20276497695852536
0 0.6171875 0.03456221198156682 0.028125 0.06912442396313365
0 0.42421875 0.7695852534562212 0.0640625 0.1935483870967742
0 0.84765625 0.03917050691244239 0.0296875 0.07834101382488479