0 0.02265625 0.7350230414746544 0.0453125 0.2350230414746544
0 0.359375 0.6566820276497696 0.040625 0.22580645161290322
0 0.36328125 0.8456221198156681 0.0359375 0.2534562211981567
1 0.46015625 0.02534562211981567 0.0234375 0.05069124423963134
0 0.2765625 0.8894009216589862 0.05 0.22119815668202766
0 0.0671875 0.7119815668202765 0.046875 0.271889400921659
0 0.33515625 0.9055299539170507 0.0515625 0.1889400921658986
0 0.5046875 0.5576036866359447 0.05 0.2304147465437788
0 0.5359375 0.31797235023041476 0.053125 0.15668202764976957
1 0.459375 0.3686635944700461 0.034375 0.2119815668202765
0 0.2203125 0.9262672811059908 0.075 0.14746543778801843
0 0.18046875 0.5092165898617511 0.0546875 0.17972350230414746