0 0.4890625 0.5783410138248848 0.025 0.16129032258064516
0 0.33828125 0.6705069124423964 0.0296875 0.15207373271889402
1 0.57578125 0.48847926267281105 0.0171875 0.16589861751152074
0 0.23125 0.5138248847926268 0.028125 0.17050691244239632
0 0.2984375 0.1313364055299539 0.03125 0.10599078341013825
0 0.21640625 0.4539170506912442 0.0265625 0.15207373271889402
0 0.39765625 0.6059907834101382 0.0390625 0.16129032258064516
1 0.08125 0.35253456221198154 0.01875 0.14285714285714285
0 0.56953125 0.04377880184331797 0.0171875 0.08755760368663594
0 0.390625 0.4423963133640553 0.040625 0.11981566820276497
0 0.60859375 0.3087557603686636 0.0203125 0.15668202764976957
0 0.31640625 0.9631336405529954 0.0453125 0.07373271889400922
0 0.46015625 0.3317972350230415 0.0234375 0.1382488479262673
0 0.69609375 0.6428571428571429 0.0234375 0.15207373271889402
0 0.51953125 0.9101382488479263 0.0359375 0.14285714285714285