0 0.434375 0.50546875 0.028125 0.078125
0 0.31796875 0.453125 0.0328125 0.071875
0 0.453125 0.471875 0.03125 0.08359375
0 0.51640625 0.46640625 0.0390625 0.09453125
0 0.3078125 0.50546875 0.03125 0.09453125
0 0.45703125 0.61796875 0.0328125 0.10859375
1 0.08125 0.3625 0.01875 0.09140625
0 0.5359375 0.496875 0.04375 0.09453125
1 0.853125 0.51953125 0.028125 0.10546875
0 0.43046875 0.60546875 0.0359375 0.11640625
0 0.59296875 0.4109375 0.0234375 0.09453125
0 0.140625 0.45390625 0.034375 0.103125
0 0.478125 0.709375 0.0375 0.0859375
0 0.54453125 0.69140625 0.0359375 0.09453125
0 0.49453125 0.40625 0.0546875 0.0625