1 0.97265625 0.73203125 0.0546875 0.18671875
1 0.80234375 0.25703125 0.034375 0.15234375
1 0.66875 0.20390625 0.0375 0.1375
1 0.34609375 0.46171875 0.04453125 0.15625
1 0.396875 0.3796875 0.0640625 0.15625
1 0.4375 0.384375 0.0484375 0.1125
1 0.4078125 0.6359375 0.03125 0.16953125
1 0.36796875 0.63359375 0.03984375 0.17734375
1 0.39765625 0.6109375 0.01953125 0.16171875
1 0.5140625 0.55390625 0.02421875 0.165625
1 0.46015625 0.509375 0.04375 0.1640625
1 0.515625 0.41875 0.03515625 0.16015625
1 0.48671875 0.3875 0.01953125 0.1140625
1 0.5078125 0.3703125 0.01953125 0.09296875