1 0.2828125 0.49609375 0.06484375 0.21640625
1 0.265625 0.40234375 0.07734375 0.18125
1 0.6484375 0.46328125 0.046875 0.16328125
1 0.51328125 0.41015625 0.04609375 0.18984375
1 0.6203125 0.36171875 0.06640625 0.196875
1 0.26484375 0.31875 0.05 0.134375
1 0.559375 0.4046875 0.065625 0.19765625
1 0.334375 0.4125 0.0390625 0.19375
1 0.9375 0.06953125 0.04765625 0.1296875
1 0.70546875 0.06171875 0.03828125 0.1125
1 0.57578125 0.25078125 0.05703125 0.1734375
1 0.63203125 0.275 0.04921875 0.1953125
1 0.31953125 0.275 0.04765625 0.07734375
0 0.275 0.4796875 0.0140625 0.02578125