1 0.2984375 0.3515625 0.05 0.16328125
1 0.68359375 0.43515625 0.10546875 0.17890625
1 0.45390625 0.62109375 0.0765625 0.21640625
1 0.35390625 0.3546875 0.08203125 0.1546875
1 0.61171875 0.5109375 0.06953125 0.18828125
1 0.33046875 0.5078125 0.05859375 0.18828125
1 0.42265625 0.4296875 0.05859375 0.18125
1 0.5703125 0.5390625 0.08515625 0.21484375
1 0.16953125 0.50546875 0.0609375 0.19609375
1 0.47265625 0.33828125 0.05078125 0.1015625
1 0.8078125 0.45390625 0.07890625 0.1921875
1 0.55703125 0.43828125 0.0453125 0.10625
1 0.52265625 0.50625 0.05390625 0.16953125
1 0.4625 0.46640625 0.06328125 0.1796875
1 0.50234375 0.6046875 0.084375 0.2015625
1 0.50703125 0.41640625 0.05546875 0.08125
1 0.44296875 0.36875 0.02890625 0.06953125
0 0.74296875 0.425 0.0125 0.025
1 0.1828125 0.4171875 0.04375 0.16796875
1 0.4640625 0.290625 0.05859375 0.07578125
1 0.48515625 0.3484375 0.0390625 0.059375
1 0.51171875 0.49375 0.0546875 0.11796875