1 0.6125 0.6015625 0.03671875 0.18125
1 0.41484375 0.63203125 0.06171875 0.1796875
1 0.578125 0.37421875 0.03046875 0.16171875
1 0.9921875 0.3921875 0.01484375 0.165625
1 0.56015625 0.31640625 0.02578125 0.1546875
1 0.54140625 0.27578125 0.021875 0.1546875
1 0.53046875 0.51328125 0.0296875 0.171875
1 0.5484375 0.45546875 0.0453125 0.13359375
1 0.5046875 0.47578125 0.0546875 0.1046875
1 0.5 0.40625 0.0546875 0.0609375
1 0.51171875 0.3859375 0.0484375 0.05546875
1 0.42421875 0.49296875 0.0546875 0.096875
1 0.37890625 0.48828125 0.0375 0.14296875
1 0.3453125 0.42578125 0.03359375 0.15625
1 0.3578125 0.3328125 0.0296875 0.0703125
1 0.38125 0.38046875 0.03203125 0.11015625
1 0.4234375 0.3421875 0.05078125 0.08359375
1 0.4328125 0.38515625 0.065625 0.0765625
1 0.44375 0.39765625 0.05390625 0.028125
1 0.4328125 0.440625 0.0578125 0.0609375
1 0.44296875 0.4421875 0.0484375 0.08359375
0 0.46796875 0.47421875 0.01796875 0.02265625