1 0.91484375 0.553125 0.090625 0.30703125
1 0.72890625 0.71640625 0.10859375 0.234375
1 0.76875 0.521875 0.08828125 0.18515625
1 0.6515625 0.52109375 0.08984375 0.1734375
1 0.53671875 0.5328125 0.075 0.15078125
1 0.48515625 0.6890625 0.08828125 0.27109375
1 0.2484375 0.68359375 0.0765625 0.22421875
1 0.225 0.5765625 0.08671875 0.20078125
1 0.0421875 0.5921875 0.07109375 0.27109375
1 0.05859375 0.44375 0.05625 0.1953125
1 0.34453125 0.36640625 0.07578125 0.196875
1 0.51484375 0.25625 0.07265625 0.1953125
1 0.22578125 0.48046875 0.09140625 0.1328125
1 0.325 0.5171875 0.08359375 0.1640625
1 0.42578125 0.50390625 0.07421875 0.15078125
1 0.38515625 0.5828125 0.065625 0.2046875
1 0.59609375 0.58828125 0.08046875 0.19375
1 0.54375 0.4296875 0.0609375 0.13046875
0 0.53125 0.60546875 0.0171875 0.04921875