1 0.4375 0.46796875 0.06640625 0.41640625
1 0.50546875 0.4546875 0.0546875 0.38359375
0 0.48046875 0.3921875 0.03203125 0.0625
1 0.27578125 0.1546875 0.084375 0.309375
1 0.46171875 0.13984375 0.084375 0.2734375
1 0.065625 0.80859375 0.11875 0.37578125
1 0.5015625 0.76953125 0.0609375 0.3953125
1 0.57890625 0.4703125 0.05859375 0.403125
1 0.665625 0.54921875 0.1046875 0.41015625
1 0.72890625 0.45546875 0.05859375 0.40078125
1 0.70703125 0.38828125 0.08046875 0.38984375
1 0.63515625 0.4421875 0.0671875 0.45078125