0 0.1765625 0.63046875 0.071875 0.1578125
0 0.10859375 0.31640625 0.0625 0.1265625
0 0.4625 0.19609375 0.0515625 0.1078125
0 0.565625 0.11640625 0.05 0.0953125
0 0.80390625 0.1796875 0.053125 0.103125
0 0.76484375 0.28671875 0.0546875 0.109375
0 0.8203125 0.4515625 0.05 0.0734375
0 0.8046875 0.5 0.059375 0.128125
0 0.6984375 0.3890625 0.046875 0.0609375
0 0.68203125 0.425 0.05 0.0796875
0 0.6359375 0.4703125 0.046875 0.096875
0 0.66953125 0.478125 0.05 0.0578125
0 0.65390625 0.53125 0.0671875 0.1203125
0 0.6578125 0.3109375 0.03125 0.0375
0 0.63828125 0.34453125 0.05 0.05
0 0.615625 0.375 0.0453125 0.0484375
0 0.58515625 0.42890625 0.053125 0.0828125
0 0.5578125 0.4921875 0.059375 0.0625
0 0.54765625 0.55859375 0.0609375 0.0859375
0 0.50078125 0.5828125 0.065625 0.125
0 0.57890625 0.64140625 0.075 0.1390625
0 0.54453125 0.7875 0.0734375 0.1546875