0 0.65234375 0.25 0.04609375 0.13515625
0 0.17578125 0.6390625 0.06875 0.20078125
0 0.096875 0.303125 0.0484375 0.13671875
0 0.66953125 0.346875 0.04765625 0.1890625
0 0.58671875 0.43984375 0.04609375 0.18359375
1 0.93046875 0.15078125 0.03125 0.11015625
0 0.05234375 0.30390625 0.0515625 0.17109375
0 0.10703125 0.6578125 0.07890625 0.18203125
0 0.43125 0.35859375 0.06171875 0.16640625
0 0.66796875 0.49609375 0.06640625 0.18515625
0 0.23828125 0.37578125 0.04609375 0.17109375
0 0.01953125 0.27578125 0.0390625 0.1578125
0 0.4640625 0.27265625 0.04453125 0.16796875
0 0.38046875 0.36640625 0.06953125 0.159375
0 0.6203125 0.471875 0.06484375 0.16875
0 0.034375 0.8765625 0.05078125 0.084375
0 0.29375 0.265625 0.05078125 0.16875
0 0.54296875 0.41796875 0.0671875 0.16171875