0 0.47421875 0.053158705701078585 0.03802083333333333 0.10631741140215717
0 0.3489583333333333 0.9090909090909091 0.065625 0.18181818181818182
0 0.41848958333333336 0.10477657935285054 0.04010416666666667 0.1448382126348228
0 0.37864583333333335 0.2812018489984592 0.04375 0.21417565485362094
0 0.5169270833333334 0.07704160246533127 0.044270833333333336 0.15408320493066255
0 0.42473958333333334 0.9429892141756548 0.0484375 0.1140215716486903
0 0.8705729166666667 0.028505392912172575 0.043229166666666666 0.05701078582434515
0 0.41953125 0.3289676425269646 0.050520833333333334 0.28197226502311246
0 0.7153645833333333 0.1687211093990755 0.0671875 0.2665639445300462
0 0.31692708333333336 0.1086286594761171 0.0578125 0.2172573189522342
0 0.3815104166666667 0.09244992295839753 0.0453125 0.18489984591679506
0 0.6028645833333334 0.06548536209553159 0.05677083333333333 0.13097072419106318
0 0.7078125 0.4283513097072419 0.04479166666666667 0.28043143297380585
0 0.3109375 0.38058551617873654 0.06041666666666667 0.2711864406779661
0 0.46979166666666666 0.17334360554699538 0.06458333333333334 0.2357473035439137
0 0.3692708333333333 0.46147919876733434 0.06041666666666667 0.275808936825886
0 0.25234375 0.19029275808936827 0.0578125 0.288135593220339