0 0.5859375 0.386748844375963 0.06666666666666667 0.3389830508474576
0 0.9453125 0.4984591679506934 0.10833333333333334 0.2172573189522342
0 0.5427083333333333 0.15716486902927582 0.04895833333333333 0.31432973805855163
0 0.1234375 0.6425269645608629 0.065625 0.3235747303543914
0 0.8658854166666666 0.4622496147919877 0.06822916666666666 0.24345146379044685
0 0.6630208333333333 0.38751926040061635 0.06458333333333334 0.34668721109399075
0 0.03359375 0.6086286594761171 0.06614583333333333 0.3605546995377504
0 0.7213541666666666 0.24499229583975346 0.07083333333333333 0.32973805855161786
0 0.5385416666666667 0.4352850539291217 0.07604166666666666 0.32819722650231126
0 0.42942708333333335 0.17257318952234207 0.0640625 0.34514637904468415
0 0.378125 0.14791987673343607 0.07083333333333333 0.2465331278890601