0 0.5268229166666667 0.610939907550077 0.0328125 0.1926040061633282
0 0.9817708333333334 0.8651771956856703 0.036458333333333336 0.2696456086286595
1 0.09348958333333333 0.11093990755007704 0.030729166666666665 0.16640986132511557
0 0.690625 0.536979969183359 0.03958333333333333 0.2295839753466872
0 0.8268229166666666 0.21417565485362094 0.0390625 0.14791987673343607
0 0.6776041666666667 0.29738058551617874 0.03854166666666667 0.22496147919876733
0 0.803125 0.45993836671802774 0.05416666666666667 0.23266563944530047
0 0.64921875 0.5169491525423728 0.0453125 0.2295839753466872
0 0.42421875 0.4352850539291217 0.034895833333333334 0.1864406779661017
0 0.5533854166666666 0.3998459167950693 0.0546875 0.16486902927580893
0 0.4973958333333333 0.6224961479198767 0.04895833333333333 0.2280431432973806
0 0.5713541666666667 0.615562403697997 0.03958333333333333 0.2357473035439137
0 0.7361979166666667 0.8220338983050848 0.0421875 0.2357473035439137
0 0.9200520833333333 0.849768875192604 0.06197916666666667 0.24499229583975346