0 0.008333333333333333 0.25115562403698 0.016666666666666666 0.20955315870570107
0 0.5145833333333333 0.38751926040061635 0.04583333333333333 0.2049306625577812
0 0.5713541666666667 0.47842835130970723 0.034375 0.23266563944530047
0 0.6088541666666667 0.6163328197226502 0.041666666666666664 0.24961479198767333
0 0.5411458333333333 0.5916795069337443 0.04375 0.28043143297380585
0 0.60703125 0.44684129429892144 0.04635416666666667 0.18489984591679506
0 0.43645833333333334 0.9322033898305084 0.05 0.13559322033898305
0 0.2825520833333333 0.4090909090909091 0.03802083333333333 0.18952234206471494
0 0.31692708333333336 0.02773497688751926 0.0453125 0.05546995377503852
0 0.37890625 0.030816640986132512 0.058854166666666666 0.061633281972265024
0 0.30182291666666666 0.5500770416024653 0.0515625 0.25577812018489987
0 0.51875 0.47303543913713403 0.058333333333333334 0.23112480739599384
0 0.5364583333333334 0.9214175654853621 0.06666666666666667 0.15716486902927582
0 0.7348958333333333 0.32126348228043144 0.036458333333333336 0.26040061633281975
0 0.8 0.40446841294298924 0.042708333333333334 0.2727272727272727
0 0.34088541666666666 0.29738058551617874 0.03697916666666667 0.23112480739599384